0.205533684734363,5.01389279437678,2053.30165082541,0.228491099213248
0.229210205473365,32.4808889723873,2059.15457728864,0.723682701422072
0.241573248447826,8.44270511134198,2051.95097548774,0.480286265022713
0.239720067578307,105.136965683063,2062.75637818909,1.07973739508372
0.229776526045376,4.87160332233193,2050.75037518759,0.275282013655654
0.240278182334297,6.66739199053658,2051.05052526263,0.391413822795262
0.213791033408506,22.9927224875773,2059.6048024012,0.494301805650883
0.234158379461812,41.3670130706622,2059.45472736368,0.859163855379137
0.179451061124706,1.92784124639408,2051.20060030015,0.0835951321960874
0.116940688170616,1.43314150019665,2059.90495247624,0.0295929105535916
0.180247559405937,11.1946946742062,2061.10555277639,0.210715916824431
0.223816780608592,14.1754836193795,2056.00300150075,0.519087110210368
0.230126479319154,6.49685502569923,2051.95097548774,0.353454703487735
0.234162564215004,8.03944940844679,2052.55127563782,0.428702678400407
0.122653753853969,4.55947384416678,2068.15907953977,0.0486992000726793
0.200628289764138,12.0301229939707,2058.25412706353,0.323765518062549
0.229200966760401,9.66598933399762,2053.75187593797,0.460554609922132
0.249072331990453,18.6344929252859,2054.50225112556,0.857828019006192
0.240855539405213,9.20430492459876,2052.4012006003,0.507886210515373
0.218486729287242,7.74412301428478,2053.90195097549,0.352279356502273
0.218630129833621,4.92802801770652,2051.80090045023,0.25696966092791
0.159293231556416,1.79913505645155,2053.45172586293,0.0650526745387766
0.226651866379667,4.84363370723389,2050.90045022511,0.269181540045836
0.236092141786116,30.3124057150643,2057.95397698849,0.822596952180162
0.20708656964751,12.5610156350281,2057.65382691346,0.365588794215906
0.19725458443633,3.33142973427318,2052.10105052526,0.155497988786821
0.235360374879973,25.7990016756576,2057.35367683842,0.775286724131952
0.220226274758316,19.4568382303861,2057.95397698849,0.538600879976275
0.227171432483174,7.08292353206951,2052.55127563782,0.368008455992978
0.24513961080546,17.5412692675873,2054.65232616308,0.787680580924909
0.1546823414517,10.2980071327174,2065.60780390195,0.119595370617498
0.232924993474731,13.932723196473,2054.95247623812,0.590184887862372
0.241141249428859,6.22226476776323,2050.75037518759,0.369612349958053
0.247115680758792,6.1687553886527,2050.15007503752,0.378516895113645
0.229188838633417,50.167805761144,2060.95547773887,0.798072376220998
0.183094599659618,70.6662919109886,2070.71035517759,0.278854002416901
0.226892934533516,19.9675638236179,2057.2036018009,0.617961134556294
0.177698999760351,3.08228092099346,2054.20210105053,0.11791532800605
0.206211302099029,2.75492656923522,2050.30015007504,0.139664105222384
0.243513893143327,24.7086041684656,2056.30315157579,0.875802890267038
0.208075310896491,8.25047817477399,2055.40270135068,0.316104956548519
0.202807453984586,16.464712003024,2059.45472736368,0.371855522551048
0.246175293850997,9.17784428848941,2051.95097548774,0.531114475051021
0.230879689560775,6.22226476776323,2051.65082541271,0.34409281203797
0.110258585035999,6.8227347852315,2076.26313156578,0.0370997546716214
0.245932591952765,9.61049343596866,2052.10105052526,0.550456692489269
0.169921324380262,1.52684850782001,2050.90045022511,0.06269471079879
0.249779294742727,7.20633469066447,2050.60030015007,0.444287016746871
0.120574224942499,5.72386552959968,2070.86043021511,0.0474115817740156
0.221116893875657,39.8474101492761,2061.10555277639,0.640736105075999
0.206262534248954,2.72338334507132,2050.15007503752,0.13826383149875
0.196912538037782,5.5136013085513,2054.8024012006,0.216994675738886
0.23984654556198,8.63941072106801,2052.25112556278,0.480124629630275
0.171233959699412,26.6290908341743,2067.70885442721,0.199758814148585
0.17207969577928,1.9841495077581,2052.25112556278,0.080478202979342
0.194838334866066,3.45847564108692,2052.55127563782,0.156503615158291
0.236841787146256,10.3873347090322,2053.30165082541,0.527656192121216
0.155752945764552,2.08968112513086,2054.95247623812,0.0689666357897327
0.209900036578052,7.02201277776474,2054.35217608804,0.299236139729079
0.235559072882781,19.738940183072,2056.15307653827,0.714522901322305
0.165354755270351,4.31676880609627,2057.95397698849,0.117825800478012
0.248489109789004,23.4607874898523,2055.55277638819,0.93482291714313
0.178971383280224,3.28381811862624,2054.35217608804,0.125146703295651
0.199697732312059,11.8923810771604,2058.40420210105,0.313693774351586
0.237832938843951,6.36723659478765,2051.20060030015,0.368511868446932
0.247569316871561,83.9906723381921,2060.80540270135,1.25316941620167
0.222227445550469,18.9046718094031,2057.50375187594,0.559688253297593
0.247588049370119,7.6115020308696,2051.05052526263,0.460090727248314
0.245752773492066,7.58962040187813,2051.20060030015,0.453298113375852
0.214719557281796,5.48194575365476,2052.70135067534,0.268697246465376
0.23750394911036,21.7687984609418,2056.45322661331,0.753919379685251
0.246255594937833,216.562818980003,2064.85742871436,1.30588695925142
0.214983987825626,11.3897483457029,2056.15307653827,0.40518146201248
0.225636673080232,14.716073490575,2056.00300150075,0.539384480684373
0.247220302908395,79.0632192331212,2060.50525262631,1.26054142316285
0.249877988823449,92.6278716978486,2060.95547773887,1.32068092704916
0.192742212805627,13.4596032415536,2060.05502751376,0.28461550538364
0.227232338613657,5.57746185992785,2051.50075037519,0.305839615635643
0.208194125885344,3.45847564108692,2051.20060030015,0.174902189032692
0.179740836475701,31.5591124739724,2066.95847923962,0.245037753783697
0.155887817743107,1.56242237457588,2053.00150075038,0.056188098809333
0.201604207387349,23.5284272689873,2061.40570285143,0.39228819879167
0.236321953496969,120.717558309537,2063.80690345173,1.01246086178115
0.242943646020787,93.7007216607734,2061.85592796398,1.14483468060126
0.19766367198112,22.0209326641103,2061.70585292646,0.355717357265564
0.241461440131816,5.52949756842363,2050.30015007504,0.331229612703608
0.191943826069469,184.317423772592,2073.86193096548,0.355333461581448
0.23410236361248,4.97077500682395,2050.45022511256,0.287740240962849
0.201479262450783,5.08658851868221,2053.75187593797,0.220783021229726
0.194549983374129,38.4942931291769,2065.15757878939,0.353892284692835
0.156365720629652,2.29134256329585,2055.40270135068,0.0740015110969846
0.247104336388599,16.464712003024,2054.20210105053,0.784205448878869
0.245880448334548,15.3213249660846,2054.05202601301,0.740424877582493
0.111840348070166,1.23743709481674,2059.75487743872,0.0251868068587231
0.187755535594867,36.9736199650277,2066.20810405203,0.301258237793185
0.178648553668114,9.33775684323017,2060.35517758879,0.195042379735961
0.238829696772699,17.6934267723322,2055.40270135068,0.713554223641519
0.181651003548602,1.9841495077581,2051.05052526263,0.0873971839587214
0.205489545496156,86.1953566475303,2067.25862931466,0.482133511601595
0.238214659690752,56.2908244378238,2060.35517758879,0.96628304477322
0.218019975279836,7.18561784115829,2053.60180090045,0.335257235700727
0.0952176764509237,4.69264665877481,2079.5647823912,0.0236164356383317
0.249280785185595,36.5502812104738,2057.2036018009,1.11124153620306
0.231899414857504,13.0025492407616,2054.8024012006,0.55923603706466
0.228536797245527,18.8503244528549,2056.75337668834,0.622863847103032
0.202134077506915,4.49431145638251,2053.15157578789,0.203803405069205
0.202501945733393,120.024475679838,2069.35967983992,0.463330042829593
0.247394778328082,6.62911211113257,2050.45022511256,0.406616527875209
0.235455606852288,9.66598933399762,2053.15157578789,0.495497255882277
0.225761175737474,18.8503244528549,2057.05352676338,0.596476851286484
0.160225030259319,10.1508316565282,2064.25712856428,0.13590581808243
0.235518642438656,8.32204495553973,2052.55127563782,0.446333535802336
0.246243860076268,6.47817779606607,2050.45022511256,0.395056796095285
0.247192542955189,36.6556592993152,2057.50375187594,1.0585691921132
0.249077466711249,18.053613516069,2054.35217608804,0.846919737491412
0.119126767598058,5.59354223610883,2071.16058029014,0.0455527732452937
0.185083130921115,4.18220533158347,2054.8024012006,0.158274280702272
0.159691939040186,1.86237664548846,2053.60180090045,0.0670663737085652
0.20911441256742,245.808926082201,2071.6108054027,0.548094147989842
0.194061200304464,15.1023580078497,2060.35517758879,0.304548602799372
0.225013977710216,13.8527304550101,2055.85292646323,0.518060368821229
0.249414483882925,11.0665182039154,2052.4012006003,0.630128615399921
0.23256549399955,7.78884153617836,2052.55127563782,0.412717711944863
0.230198519779868,52.2311372931222,2061.10555277639,0.802905294276743
0.209956476560631,3.68461060628057,2051.35067533767,0.18759798556146
0.244990991784134,8.68929909148323,2051.80090045023,0.504218303483883
0.176738375951826,7.10334430368878,2059.00450225113,0.175557470299696
0.243456132419148,21.9576266468948,2055.70285142571,0.852189159856014
0.211072763938858,48.3249087633854,2063.50675337669,0.52645420998336
0.23900186953109,9.50045567592029,2052.70135067534,0.509798157072309
0.168505111915024,1.84105289600553,2052.25112556278,0.0730531529261887
0.215483750081509,148.095763704885,2068.00900450225,0.632061613238397
0.204676212424068,10.5076446271293,2057.05352676338,0.330837115220434
0.243952400124374,26.0978151697375,2056.45322661331,0.903581251671925
0.222196733859918,5.3417298504113,2051.80090045023,0.283320346315396
0.140777415578721,1.47076025583445,2054.95247623812,0.0446544189064433
0.202089302164266,9.39167782086193,2056.75337668834,0.30619921537232
0.165234319905467,38.8282025800898,2071.46073036518,0.174595868005837
0.199147222815651,88.9687132280334,2068.60930465233,0.414602995577979
0.23545833132963,26.4000896312366,2057.50375187594,0.773389429725639
0.222164016573717,8.27426512232383,2053.75187593797,0.386086030047839
0.234912319921975,11.9266679922861,2054.05202601301,0.561284961358051
0.234040386041705,11.9955386652786,2054.20210105053,0.553783450447247
0.17043142584673,73.7848148359129,2074.012006003,0.203076277043805
0.234094158291023,8.17952684419346,2052.55127563782,0.436603076276824
0.204628007737184,17.4908414355252,2059.6048024012,0.385264263367507
0.198261542325803,3.42873391662958,2052.25112556278,0.159795529101779
0.221881025339933,54.5361117673544,2062.45622811406,0.674643468421506
0.143988381669346,6.49685502569923,2065.00750375188,0.0860914856363623
0.225916237722179,16.2294041616006,2056.45322661331,0.560209177753241
0.171574236748542,6.62911211113257,2059.6048024012,0.152987108047635
0.225087725643879,18.4211326150377,2057.05352676338,0.582757820853589
0.208378934155254,6.1865405227709,2054.05202601301,0.269070559225623
0.210248560263985,5.46618619625777,2053.15157578789,0.256083546203089
0.147936918605538,4.23064516672908,2061.10555277639,0.0841446016963696
0.222257210866239,3.95958264771409,2050.45022511256,0.21701104376838
0.171946352110789,2.11388457789867,2052.70135067534,0.0845616326003744
0.23821964758359,74.6394176073048,2061.55577788894,1.00131099204948
0.216236898742908,12.1344753910871,2056.30315157579,0.424235190885148
0.243813191497291,24.8512842698056,2056.30315157579,0.881235436481191
0.249244051497988,226.119795827268,2064.55727863932,1.42017528927343
0.233466790596933,6.98169689372975,2051.95097548774,0.385291320453351
0.225487764361672,13.8926692519835,2055.85292646323,0.519621309746616
0.24185265990688,19.4568382303861,2055.40270135068,0.787109574631789
0.186225065364625,2.39935784176774,2051.65082541271,0.107113581548078
0.217290607613408,6.68661474347447,2053.30165082541,0.318027501041345
0.153900531549475,1.20926262481036,2051.50075037519,0.0443703621622405
0.227932528764825,13.1153367145537,2055.25262631316,0.531318560423779
0.213690214349988,3.92553157195246,2051.20060030015,0.20402282031145
0.246872385948078,305.050044563849,2066.05802901451,1.37654871168584
0.168783086339851,1.60343464412786,2051.35067533767,0.0651591023526898
0.235253887439642,28.3702534600969,2057.80390195098,0.790872276350709
0.211527380972721,191.898141059165,2069.95997999,0.578135031775835
0.218052893121402,41.7258412370602,2061.70585292646,0.609218714535612
0.239122785779308,38.9401481423545,2058.70435217609,0.917499021377775
0.240774057544879,18.7420980057214,2055.40270135068,0.757479357351212
0.179428181019732,61.3687089327262,2070.71035517759,0.255148503997741
0.223822917046167,32.2015642784471,2059.75487743872,0.655110302827653
0.215530457854783,4.74699861247518,2051.95097548774,0.24290404777772
0.156072503352398,12.4529951356256,2066.50825412706,0.127220789403378
0.228446854406676,6.44098426295101,2052.10105052526,0.345364581789621
0.228183565072212,6.92165665438525,2052.4012006003,0.364902082041939
0.214735271010381,3.20905081491668,2050.15007503752,0.169965566756184
0.239539926641926,11.858192730432,2053.60180090045,0.590960080698965
0.234558730123984,6.53437118513655,2051.50075037519,0.369098976789831
0.189439081034012,4.23064516672908,2054.35217608804,0.16829912263808
0.164928281435517,16.5121814020749,2066.35817908954,0.160572724292472
0.149792872416709,4.48139116082693,2061.25562781391,0.0877072255853317
0.18266386062304,40.0775094490775,2067.70885442721,0.266513385643945
0.166009780462094,1.31077872056062,2050.45022511256,0.0526633509448327
0.245143653754237,28.864569943014,2056.75337668834,0.951072749356567
0.164155656300472,5.05738459676651,2059.15457728864,0.122586211796729
0.243058055546203,13.8129064745256,2053.90195097549,0.673810259680411
0.213129493046362,24.6375716039181,2060.05502751376,0.492765553914954
0.23976286758859,10.8769999686707,2053.15157578789,0.564629169801902
0.21605692750221,6.51558610363938,2053.45172586293,0.305574558187164
0.148252829517125,1.08394875824941,2051.50075037519,0.0381627341855835
0.247225424127939,12.3104114379469,2053.00150075038,0.662694033900442
0.209195783687967,210.416973737407,2070.86043021511,0.546188241419496
0.180498084466761,6.27623830106248,2057.80390195098,0.177567635910851
0.150332468623197,1.42081696649143,2053.15157578789,0.0489817098739836
0.227944579961668,20.9691291766305,2057.35367683842,0.632535852178667
0.199514488885526,6.57210398204128,2055.40270135068,0.246686891553394
0.243960675520662,26.4762037102107,2056.45322661331,0.91645201632266
0.192103903619249,5.16033824803901,2055.10255127564,0.195169360483278
0.24885183547114,20.788801735641,2054.95247623812,0.903039541947553
0.248166153563182,7.4811522310616,2050.90045022511,0.455345962563187
0.202542776743429,6.2943333190863,2054.8024012006,0.252080840552012
0.193281597679303,2.11388457789867,2050.15007503752,0.100074410079491
0.215164403941762,6.72522667244931,2053.60180090045,0.3106827052005
0.240976945530873,5.31106107095859,2050.15007503752,0.317776237532009
0.191591368214648,93.97087014239,2070.41020510255,0.346433717225531
0.248915454053262,7.4811522310616,2050.90045022511,0.456575522022181
0.240983537047992,9.6938573407282,2052.55127563782,0.529447742747954
0.241328831193211,42.8211093770612,2058.70435217609,1.00269712633462
0.24254199907535,24.5667432445612,2056.30315157579,0.871482413280859
0.212676975156028,6.94161247758823,2054.05202601301,0.306735409450755
0.220523619840903,4.11058351166975,2050.75037518759,0.222943457300727
0.205354462437024,5.01389279437678,2053.30165082541,0.228378594163911
0.186389422103203,5.13071090257931,2055.85292646323,0.178716861780437
0.238984668753091,58.9444080505326,2060.35517758879,1.00842396492729
0.139625399766248,17.5918424880948,2073.41170585293,0.0865272454709321
0.22960621881659,36.235961115318,2059.45472736368,0.763772872569082
0.215731063381745,20.0251322921732,2058.70435217609,0.495597549969036
0.241266928228325,13.7336016436691,2054.05202601301,0.656245717021954
0.230160649808043,8.03944940844679,2052.85142571286,0.413847837673441
0.202711675829977,40.7758103487437,2063.95697848924,0.434759322690365
0.239487076522211,9.02067029565308,2052.4012006003,0.495299098571145
0.12298317900807,5.79016143825715,2070.11005502751,0.0506842904056478
0.175990034848313,1.78366310156055,2051.20060030015,0.0758405919457979
0.238189675961336,30.3997993896586,2057.65382691346,0.866214498000907
0.209471098170427,24.9229329891828,2060.50525262631,0.467804294602927
0.233724005211292,9.97699489356779,2053.45172586293,0.495365857735446
0.222500822916353,5.22010717715947,2051.65082541271,0.278902056923377
0.189075506257053,58.4375060149326,2068.30915457729,0.325641590474623
0.10642982028328,5.43480286846039,2075.66283141571,0.0329553402056653
0.156352437721109,32.5745345994639,2072.66133066533,0.13897535600127
0.191252896402679,202.104691078515,2074.46223111556,0.35255710763017
0.21572049018933,3.55949057200184,2050.60030015007,0.188933229424546
0.247186513421947,30.9294781934387,2056.75337668834,1.01806292624429
0.234668842600496,23.4607874898523,2057.05352676338,0.73949064624217
0.240907310973487,5.84038679556032,2050.45022511256,0.348296189564549
0.115113562631872,2.23273514877728,2064.4072036018,0.033928361426846
0.235680797061018,8.32204495553973,2052.55127563782,0.446358570895924
0.202258181671869,4.43008034640065,2053.00150075038,0.202728854869202
0.24788506919915,39.7328563803063,2057.65382691346,1.11635422127597
0.239522717800158,202.104691078515,2065.45772886443,1.13685277972669
0.241232431793678,5.48194575365476,2050.15007503752,0.327546818081714
0.222253345242367,4.54636621906863,2051.05052526263,0.24729002519533
0.201636599085172,9.0989179220007,2056.75337668834,0.296359626462859
0.243689176641996,82.5523008734509,2061.25562781391,1.14266151004962
0.24335333336523,93.162752342285,2061.70585292646,1.17319996612472
0.246456793459559,8.96887940476934,2051.80090045023,0.523665935747564
0.223032847813505,13.7336016436691,2056.00300150075,0.502303092624304
0.248122072598873,23.3933421622917,2055.55277638819,0.932066074166779
0.248891626364293,27.6446058720117,2056.15307653827,1.00376279044898
0.240878504059881,20.9088468955437,2055.85292646323,0.793081986958054
0.223608695974771,9.39167782086193,2054.20210105053,0.422815953328008
0.0651282874890687,1.00288309926358,2077.76388194097,0.00119603190371399
0.244855332438395,13.7731969804542,2053.75187593797,0.685840171929874
0.213663202115092,4.99947880072813,2052.4012006003,0.247825446652476
0.133315560409186,1.50502732889567,2056.60330165083,0.0404299807915762
0.199610885675065,11.5882005855279,2058.25412706353,0.312043066931637
0.187817272694461,33.4295886586368,2065.60780390195,0.301373251032543
0.220617744233838,199.216282305225,2068.45922961481,0.723655917572855
0.232310624367508,9.83440721077889,2053.60180090045,0.479881519747224
0.166304623543586,2.13836836392825,2053.45172586293,0.0804135993246799
0.175885919885954,3.83615347588896,2055.70285142571,0.130995516603268
0.238915126047502,41.3670130706622,2058.85442721361,0.947643198743333
0.229405077098506,23.3933421622917,2057.65382691346,0.673147438736815
0.2090948330558,8.49145760309168,2055.40270135068,0.326145310435072
0.0786443853998513,4.15819379664401,2088.4192096048,0.0143460947782527
0.17779205423229,259.629231834642,2079.26463231616,0.251065071629176
0.201101906387578,10.1216499350543,2057.35367683842,0.306247513237275
0.22687948632725,11.0347040567755,2054.65232616308,0.477804576774447
0.22804621572361,351.266237656067,2069.65982991496,0.884609012510203
0.189327266591371,42.087781971745,2066.65832916458,0.312547139756654
0.232205929124197,25.4302914671788,2057.65382691346,0.729291252909616
0.223629634710805,10.5987906532703,2054.8024012006,0.448396151143757
0.244229804291191,7.14436264200497,2051.05052526263,0.427180238244288
0.243523269734277,26.2485172849919,2056.45322661331,0.908899820079749
0.158284140913427,20.4327857832706,2069.2096048024,0.140548601848051
0.186098111983187,36.9736199650277,2066.50825412706,0.290799533687548
0.16882628722684,9.04667778353943,2061.85592796398,0.15938374294887
0.167606560793074,5.6910027726913,2059.30465232616,0.135900183837048
0.190896657791935,2.56361151152847,2051.50075037519,0.117814781057234
0.184826568149869,21.151020824465,2063.80690345173,0.261747412755804
0.239141168890329,15.2772790540943,2054.65232616308,0.6782148964423
0.201608861879262,4.97077500682395,2053.75187593797,0.216263104339388
0.20102919653347,4.81582467568853,2053.60180090045,0.210825509382576
0.23015171291216,17.2905756504487,2056.15307653827,0.623786582894728
0.243805956112623,15.5882800527396,2054.35217608804,0.723905918067381
0.176522361023734,8.39423252506469,2060.05502751376,0.182685573910587
0.219016525960884,3.60071789654471,2050.30015007504,0.194625305780126
0.247404594313453,20.9691291766305,2055.10255127564,0.890390873402892
0.202346017066608,5.25025074237118,2053.90195097549,0.22632956148277
0.135937639346079,1.60805750536954,2056.60330165083,0.0438314226124387
0.206058682971888,19.682194462711,2059.90495247624,0.411881014889826
0.163095428802745,2.50524216415549,2054.95247623812,0.0857648296805522
0.225029110633536,160.528219169909,2066.8084042021,0.786075200994857
0.224680159337021,93.4313498049558,2064.4072036018,0.763123133412322
0.219117295977525,3.68461060628057,2050.45022511256,0.198816548960557
0.233000624558175,49.879774465365,2060.50525262631,0.850968737779803
0.216016525258885,8.86618796583124,2054.8024012006,0.368317411123469
0.23009361958854,9.17784428848941,2053.45172586293,0.451212125636635
0.135662090730679,8.78994173863968,2069.50975487744,0.0733510350395185
0.223086629274695,218.441340861964,2068.45922961481,0.767861011131702
0.225711653399726,4.82970917626452,2051.05052526263,0.266485036355185
0.232280579819937,5.70741049859425,2051.20060030015,0.322679024045089
0.21659856425389,6.33068001474387,2053.15157578789,0.303776544814535
0.223213824353099,4.41734470314007,2050.90045022511,0.241411716931045
0.180816422321901,11.0984240743995,2060.95547773887,0.212713591612978
0.245335079131613,48.6039614703936,2058.85442721361,1.09361834079283
0.136584151066392,1.02035709353375,2052.85142571286,0.0322109067279648
0.205580865147529,10.9398093223365,2057.05352676338,0.344773786226564
0.243301398811082,104.533336801941,2062.15607803902,1.19342464927642
0.236360761517315,17.0926028588123,2055.55277638819,0.673453736915464
0.199508911629529,10.1508316565282,2057.50375187594,0.301345568147732
0.222775310658771,158.690210978165,2067.10855427714,0.748180548209976
0.225984520126282,10.1800975118018,2054.35217608804,0.453748620546144
0.179465822682067,7.12382395041967,2058.70435217609,0.182119886301174
0.209526341532892,3.83615347588896,2051.50075037519,0.193898644354035
0.191881290492624,3.73803325566538,2053.45172586293,0.159139708449072
0.236748158021033,11.756216271046,2053.90195097549,0.563978363586862
0.181473192579747,4.53329627591397,2055.85292646323,0.155673168091753
0.237520566240004,96.1602865751648,2062.60630315158,1.03684655123865
0.246803210555268,8.10918567113405,2051.35067533767,0.484097238284869
0.247888767968499,27.4068715821386,2056.15307653827,0.995195684085539
0.22351247281097,7.97031285410644,2053.45172586293,0.383022377249097
0.246459114988289,7.3530347199978,2051.05052526263,0.443683523610279
0.208672943553021,4.07523387938939,2051.95097548774,0.201929300967735
0.210003675288261,4.32921447906216,2052.10105052526,0.214354937367737
0.140660247819706,1.54453302690677,2055.40270135068,0.0459740745493429
0.218914087633861,283.049873900611,2070.41020510255,0.694552910905428
0.225651400440448,35.8210683711633,2060.05502751376,0.685862524168036
0.234330217099314,36.5502812104738,2059.00450225113,0.82527191357054
0.188372936897082,4.87160332233193,2055.25262631316,0.179637108210441
0.225930347803972,8.20310923201435,2053.45172586293,0.397500185611473
0.220663342021612,45.620999005745,2061.70585292646,0.656797367946483
0.181418177660769,16.5121814020749,2063.05652826413,0.233862680081015
0.171079353210775,7.2688443008963,2060.20510255128,0.156444804465919
0.234634132797863,35.513019260565,2058.85442721361,0.823316560741819
0.242834711895528,6.01097243209366,2050.45022511256,0.361626635471127
0.192482403140377,3.42873391662958,2052.85142571286,0.151217616668981
0.227238001141993,4.45566189315493,2050.60030015007,0.24979267721303
0.247009296838719,59.4557070854439,2059.45472736368,1.18054763885926
0.23144445289412,154.186734883883,2065.60780390195,0.912971281916474
0.238201014121818,38.0535430450317,2058.70435217609,0.898584713494753
0.245678387409525,15.0156499750721,2054.05202601301,0.725514254055907
0.238510074130718,111.048162785556,2063.05652826413,1.07835594268085
0.244204953023726,11.6887196334189,2053.15157578789,0.615229219858754
0.205261886176688,19.682194462711,2060.05502751376,0.402989356146212
0.227057367158184,66.3293018815899,2062.45622811406,0.793173856939006
0.173284399615524,2.25210247070889,2052.85142571286,0.0900595706601328
0.246862424790844,93.4313498049558,2061.25562781391,1.26959286098047
0.202149514995508,5.84038679556032,2054.50225112556,0.239732667172301
0.233587872874527,9.80613514975012,2053.45172586293,0.486794084504787
0.229163763016217,8.86618796583124,2053.45172586293,0.434272629029908
0.194138462686464,2.29794873135268,2050.60030015007,0.109095769650045
0.174469256226138,1.81474121907939,2051.50075037519,0.0760187121326794
0.244541355602961,17.8469041306121,2054.8024012006,0.785002777157177
0.22059268864339,7.41681684421187,2053.45172586293,0.353054726151616
0.237042146820175,19.852922906113,2056.00300150075,0.734916599317522
0.228025208938763,8.89175006582625,2053.60180090045,0.428381872008805
0.21414737584089,7.3318961356485,2054.20210105053,0.320816785473464
0.249412456583529,29.7076444189603,2056.30315157579,1.05342706105222
0.247722691636076,20.9691291766305,2055.10255127564,0.890588091068276
0.189438779770807,6.20437693319619,2056.45322661331,0.205125245617442
0.245583090139932,15.6782947440786,2054.20210105053,0.744285352266653
0.152606602103287,2.42017049201696,2056.45322661331,0.0718122189877205
0.158902044588159,10.1216499350543,2064.55727863932,0.131220651710095
0.23901863784626,11.0347040567755,2053.30165082541,0.564129207194038
0.234987896089775,13.932723196473,2054.8024012006,0.602881181531075
0.248402263321962,44.3263187784442,2058.10405202601,1.14350977937568
0.166527903747554,5.23515726431772,2059.00450225113,0.129124385325208
0.178139082413234,2.22631645743836,2052.25112556278,0.0934692500425217
0.23480406640536,27.0930697176532,2057.65382691346,0.774774272217169
0.216445657798489,3.4784466459882,2050.45022511256,0.185455789771458
0.247537634094932,17.7955976561148,2054.50225112556,0.817810029293836
0.216797613981765,15.2333597657718,2057.2036018009,0.471920250821606
0.222525094597512,9.66598933399762,2054.50225112556,0.420432004085443
0.244320283547061,8.49145760309168,2051.80090045023,0.491869289801776
0.242248691966879,10.5987906532703,2052.85142571286,0.569179992515719
0.225032759356396,6.13333836012256,2052.10105052526,0.32434892034427
0.180823303195664,21.8945026225075,2064.70735367684,0.241540203564374
0.21825442933837,34.4059979034348,2060.80540270135,0.592067634087602
0.155035241351519,2.04799000112185,2054.95247623812,0.0673479824386606
0.237044890094742,5.90803229623124,2050.90045022511,0.343717515272508
0.197462143818493,62.0795038144005,2067.10855427714,0.390645086772781
0.248302825912959,23.8695626167564,2055.55277638819,0.949945164591785
0.24769246757605,14.5475781084805,2053.60180090045,0.740645058532327
0.21414583725886,4.11058351166975,2051.35067533767,0.213185570932651
0.219019005909118,6.20437693319619,2052.85142571286,0.306151983737585
0.183482456479948,13.0400368809022,2061.40570285143,0.233154555738352
0.246287765167227,19.1787679790464,2054.95247623812,0.82957614893231
0.238287301774911,14.5895202202118,2054.65232616308,0.646022667259498
0.232208450281752,20.4916955329151,2056.75337668834,0.677724679893176
0.237259839762887,39.0524164547872,2058.85442721361,0.898983451087069
0.20005100437522,4.98510624458552,2053.90195097549,0.213267692940176
0.187210362761509,1.85168407581574,2050.15007503752,0.0847277291938631
0.244345253764445,11.8241026687353,2053.15157578789,0.622714802493102
0.147907975211434,6.09812467340626,2063.65682841421,0.0926411999643762
0.217345033854108,4.31676880609627,2051.35067533767,0.227347327729403
0.226439529035217,16.8483214233231,2056.60330165083,0.569481868083493
0.223577015604323,21.8945026225075,2058.10405202601,0.589725401197745
0.138149962880044,1.65979714701382,2056.45322661331,0.0461337483313471
0.178663552822781,37.5096952649555,2068.15907953977,0.241758396815655
0.100012378785392,1.00288309926358,2061.10555277639,0.0081196251229273
0.232922832548765,296.393016667894,2068.15907953977,0.976214602586129
0.200530624024617,25.5036095217804,2062.0060030015,0.387018845923823
0.246844533613592,6.862132740856,2050.60030015007,0.418903504289593
0.242451025651118,114.291650280088,2062.75637818909,1.15041423214874
0.236567006521999,9.94831291991456,2053.15157578789,0.5110408551663
0.219148515746003,10.1508316565282,2055.10255127564,0.411220247323229
0.208912407637226,16.8968968064112,2058.70435217609,0.422819290850049
0.244275168454565,36.13178957939,2057.80390195098,0.992940596285748
0.190293665409282,6.22226476776323,2056.30315157579,0.209370168673955
0.231361142399471,170.532811440152,2066.05802901451,0.915574391445682
0.139180079992136,1.07153781450759,2052.85142571286,0.0344523546328763
0.209803195982929,3.92553157195246,2051.65082541271,0.197499648939689
0.248889714483089,17.3904202660819,2054.20210105053,0.831064718156623
0.178948679450625,6.42246765119551,2058.10405202601,0.1755318522969
0.194333896065112,9.74983462452457,2058.10405202601,0.267946187293214
0.238606754889615,99.254267201602,2062.60630315158,1.0615952123051
0.226358948630238,17.1913042784243,2056.60330165083,0.581154185722518
0.245482169018398,33.7195655535441,2057.35367683842,1.00214313712071
0.216877560468917,48.0474581976622,2062.60630315158,0.596272313850373
0.188822343145774,2.62334079957365,2051.80090045023,0.11854227800743
0.182192704506468,3.59036651349369,2054.35217608804,0.138606548321754
0.203401182110741,17.8983585267682,2059.90495247624,0.377116861498474
0.13749828867006,6.1687553886527,2066.35817908954,0.0727191243522719
0.174367307523713,2.01872085226992,2052.10105052526,0.0834624689256106
0.240188056752144,10.7524610237587,2053.15157578789,0.558886985135887
0.199656432859291,53.6021605942022,2065.90795397699,0.41139625849757
0.208955654251051,5.04284557241036,2053.00150075038,0.23698392219968
0.235425698237511,4.98510624458552,2050.30015007504,0.290672853929953
0.195154793134249,3.24621921773864,2052.25112556278,0.14925004278586
0.174232035093795,2.76286929599819,2053.90195097549,0.105819114300329
0.247691488357109,10.2094477434412,2052.25112556278,0.583489343122625
0.127596081473501,3.02078648791353,2063.50675337669,0.0488470130090233
0.158224155017435,5.65832869261085,2060.95547773887,0.113399141355534
0.100602764503059,1.00577451078852,2060.95547773887,0.00359528063999573
0.216052868108999,10.3574730860055,2055.55277638819,0.396646130976857
0.216250685032727,5.11596107896008,2052.25112556278,0.25890911459949
0.24840237998342,9.74983462452457,2051.95097548774,0.568402640173696
0.181514288101099,7.39549489831676,2058.55427713857,0.192324352611498
0.230916395718732,231.388134792415,2067.40870435218,0.925595665367737
0.131092045745985,1.73804099143649,2058.10405202601,0.0424642669754826
0.240193921736475,17.0434648578319,2055.10255127564,0.716979519604886
0.19005887031353,9.0989179220007,2058.40420210105,0.241193613353525
0.245439307422325,11.5216685859765,2052.85142571286,0.625076181411234
0.244391583218131,65.0059692846113,2060.05502751376,1.1535328601967
0.241421587880684,5.72386552959968,2050.45022511256,0.342349111738815
0.238139581938028,43.9451273819645,2059.30465232616,0.927143565000819
0.183957926516838,1.93339940407185,2050.75037518759,0.0867248998874714
0.215994802750201,8.89175006582625,2054.8024012006,0.369485422633586
0.240818945278208,12.2397329678754,2053.60180090045,0.612609817104743
0.194378766176986,4.65229147967714,2054.20210105053,0.190376123606678
0.178513174793104,6.2943333190863,2058.10405202601,0.172148236107412
0.223934393325023,17.6934267723322,2057.05352676338,0.560124114281637
0.223091925617066,28.2886943462597,2059.30465232616,0.624265694856864
0.246663543093288,52.5327465589178,2059.00450225113,1.14319270039182
0.228025469497511,51.7819671225966,2061.25562781391,0.781510000330754
0.184222637582526,16.5121814020749,2062.45622811406,0.252366509162946
0.227107239648915,79.5197706455576,2063.35667833917,0.791105668881839
0.222150768340628,14.3396692667093,2056.30315157579,0.504465756091522
0.140486798430597,7.24794774808137,2066.65832916458,0.0811646262381848
0.211403075089662,6.15102138343189,2053.60180090045,0.280301732390821
0.212760027763408,4.63891702142887,2052.10105052526,0.232770362369719
0.216720339534424,11.5216685859765,2056.00300150075,0.418590852746188
0.240620145562118,7.63344674676951,2051.65082541271,0.438949224304706
0.217303736756209,4.66570449781614,2051.65082541271,0.243412649357635
0.190427045214712,4.70617602490094,2054.8024012006,0.181314663094777
0.245905722760956,11.0347040567755,2052.70135067534,0.606127547038107
0.228258755930423,230.059652845059,2067.85892946473,0.861489843157794
0.241953276858222,25.7990016756576,2056.60330165083,0.87193930671009
0.249945549446741,41.8461409792029,2057.65382691346,1.1710127945469
0.218494370737572,141.428727684403,2067.25862931466,0.679922855303513
0.22939244035406,19.4568382303861,2056.75337668834,0.643055260697847
0.222067673181944,10.9713498785374,2055.10255127564,0.447112175244222
0.231945383483968,8.46704626823108,2052.85142571286,0.438809173314068
0.164099059874008,7.4382002633935,2061.55577788894,0.13776850145985
0.142836020784221,1.35685404373703,2054.05202601301,0.0433199876648919
0.24650966812354,58.4375060149326,2059.45472736368,1.16288530367998
0.154109347007397,3.33142973427318,2058.40420210105,0.0855741686654348
0.195756620804899,12.1344753910871,2059.00450225113,0.2959034997627
0.2267364996704,6.22226476776323,2052.10105052526,0.330938841892799
0.203987332008532,63.5258869923343,2065.90795397699,0.467285136180535
0.17594477519469,4.46850800867783,2056.60330165083,0.141479555735269
0.228271553561747,11.1625120439526,2054.50225112556,0.492802069656387
0.175216359446284,2.02454102487246,2051.95097548774,0.0844866951201125
0.227452416538122,55.8067423266136,2061.70585292646,0.773522387850763
0.203276916694128,4.62558101221893,2053.15157578789,0.210871764016359
0.137386753833953,1.92784124639408,2057.65382691346,0.0497634465443293
0.239190136435305,6.98169689372975,2051.35067533767,0.404508241615714
0.244169710160952,15.9974592566334,2054.35217608804,0.744292870544583
0.24928994653072,24.4961185033437,2055.55277638819,0.975656025568607
0.220929492313246,11.0347040567755,2055.25262631316,0.441221319194306
0.232722605617297,4.66570449781614,2050.30015007504,0.268515909235885
0.163822989854863,1.34518555643637,2050.90045022511,0.0530747355243229
0.208937331913648,4.23064516672908,2052.10105052526,0.208412548323036
0.210162797228534,3.18145405986858,2050.60030015007,0.164432227826927
0.221655808175942,83.749215037991,2064.4072036018,0.702514154763104
0.233974986825651,10.4774371358388,2053.60180090045,0.513190083600687
0.247913661084206,8.22675961020021,2051.35067533767,0.493687665693244
0.207910802239935,28.2886943462597,2061.40570285143,0.459070189297612
0.249312854883685,12.9651693704974,2053.00150075038,0.702485762386856
0.230690129486672,22.598963573615,2057.35367683842,0.68140480325367
0.1933225034895,2.39935784176774,2050.90045022511,0.113140039114048
0.20332243733813,19.6256118755653,2060.35517758879,0.385317985849711
0.215810514107388,158.234006630177,2068.30915457729,0.631975021872338
0.220735106249588,7.65545473146367,2053.60180090045,0.360418673913837
0.211174258408071,23.3933421622917,2060.05502751376,0.470499903507022
0.175856059836022,9.0989179220007,2060.65532766383,0.183722527609953
0.243133698437562,6.09812467340626,2050.45022511256,0.367153565493389
0.152603899112786,1.62200621191813,2053.75187593797,0.0556423160857092
0.23338620617155,8.54049161663095,2052.85142571286,0.445360061479959
0.244664597848536,15.6782947440786,2054.20210105053,0.742371474655925
0.240314847278511,7.37423424898408,2051.50075037519,0.42626372730844
0.241661859752734,5.80685504843578,2050.45022511256,0.346929341726444
0.247886499416512,25.8733827583896,2056.00300150075,0.961803230573227
0.175464424221801,3.16318819550752,2054.65232616308,0.116474553148947
0.2224099604899,12.0648070327153,2055.55277638819,0.466635214642267
0.211550652591547,9.04667778353943,2055.40270135068,0.349315358152663
0.247567704436316,6.42246765119551,2050.30015007504,0.394328690201169
0.243602729613009,33.5259694810802,2057.50375187594,0.973234939504877
0.190920293581546,2.23917234584048,2050.75037518759,0.104434585735328
0.205462352455187,4.17018228211692,2052.4012006003,0.199908356480342
0.212026379669143,15.189566737098,2057.80390195098,0.43272048100877
0.236348294130569,5.41917883794353,2050.60030015007,0.316091776282895
0.225465094127681,194.680445134914,2067.55877938969,0.806399488263277
0.163250976837949,1.93339940407185,2053.30165082541,0.0717779757175791
0.247110145983482,78.1579650331584,2060.50525262631,1.24666183444517
0.171436123462583,7.56780167843215,2060.35517758879,0.159887020578721
0.218443647568262,4.08698318318596,2050.90045022511,0.218777600764623
0.219382004551091,28.2886943462597,2059.75487743872,0.584064236953599
0.232025354796882,64.8190894156514,2061.70585292646,0.874548092938079
0.122256222710078,71.6908725083659,2090.97048524262,0.0577254403367986
0.210438313125529,93.162752342285,2066.65832916458,0.554690047013054
0.245149569253908,8.29812065000463,2051.65082541271,0.486476556366724
0.159896968850126,1.5850757161707,2052.55127563782,0.0591991597925657
0.184778181556849,6.98169689372975,2057.65382691346,0.201584959452658
0.205658186875281,10.5076446271293,2056.90345172586,0.337569190136991
0.242967753562269,6.62911211113257,2050.90045022511,0.395508829192435
0.211898563605349,3.49853297367273,2050.90045022511,0.181424730583483
0.206217011504489,95.3333405319193,2067.55877938969,0.498758319113281
0.23836869233958,178.05847137711,2065.15757878939,1.08501275827295
0.241601273402454,66.5205358429982,2060.50525262631,1.08996338264383
0.229822006108053,24.0073976636039,2057.65382691346,0.690627335151694
0.237385183030893,6.1865405227709,2051.05052526263,0.359462891929113
0.24698915361977,9.418754960271,2051.95097548774,0.546008773046493
0.240034913068749,10.9713498785374,2053.30165082541,0.563125553684151
0.210344394779853,5.31106107095859,2053.00150075038,0.251446457463055
0.203683305908764,12.0648070327153,2057.80390195098,0.344863032171742
0.18050255388729,7.85640396138943,2059.00450225113,0.193826697856377
0.219566549826361,30.8405617924466,2060.20510255128,0.587387598517852
0.227027797991971,4.52026390637434,2050.60030015007,0.253121620965625
0.245928693298469,66.138617681658,2060.05502751376,1.16598239971352
0.21175276422286,19.5691919526579,2059.15457728864,0.45445697204382
0.172831272236991,2.09570588324384,2052.55127563782,0.08464612477978
0.145779435242547,3.09116744284691,2059.45472736368,0.0714547668147495
0.2291566581694,17.6425615162172,2056.45322661331,0.609405873853078
0.23721603306769,130.475473686424,2063.95697848924,1.05109026177351
0.225591987562882,10.327697309498,2054.50225112556,0.452884974133043
0.154648316611795,2.49804006667886,2056.30315157579,0.0755914299375024
0.211443826616506,20.4327857832706,2059.30465232616,0.463957235761868
0.245798200361435,8.84069935203988,2051.80090045023,0.514794883281192
0.22887640501956,14.2163529457634,2055.55277638819,0.555427408704598
0.238339435962582,10.5076446271293,2053.15157578789,0.543580145303277
0.180839789537239,7.39549489831676,2058.70435217609,0.189004183304316
0.23319212118213,28.4520477169552,2057.95397698849,0.774510507124751
0.176535750008798,7.20633469066447,2059.15457728864,0.174870344392046
0.223765089615651,4.07523387938939,2050.45022511256,0.22492736671621
0.203397642260047,8.34603823722249,2056.00300150075,0.297104600130889
0.172268819441279,2.81911328467833,2054.35217608804,0.104369455877349
0.208483577819202,7.74412301428478,2055.10255127564,0.306342479215456
0.182336285602558,76.158859212841,2071.31065532766,0.273583732699001
0.231120739547645,21.5195511317025,2057.05352676338,0.679859831891968
0.217768770307096,12.5249050903856,2056.15307653827,0.44699675512299
0.20223063333218,17.5412692675873,2059.90495247624,0.370839622589705
0.21735157889443,16.2761951447872,2057.50375187594,0.483293433463684
0.240186844607176,6.66739199053658,2051.20060030015,0.390067963132018
0.187266044014101,10.5379392096157,2059.6048024012,0.239645692606122
0.199834155673955,5.37257572706184,2054.35217608804,0.221475578327054
0.200218117012997,5.75691805285236,2054.65232616308,0.231913520897026
0.198732794467498,2.63090415150101,2050.75037518759,0.127971738211881
0.206424307834468,8.56511470172144,2055.85292646323,0.311569348602427
0.121025616632156,3.99392909131044,2067.55877938969,0.0455493225947694
0.242582070029074,329.708036013088,2067.10855427714,1.22157108364033
0.191579392927077,2.07171057200942,2050.30015007504,0.0971990521741558
0.212384876090841,51.3366596640957,2063.50675337669,0.553883593405521
0.19483764398844,115.283045603569,2070.71035517759,0.383361979740973
0.244878622895577,6.38559396992509,2050.60030015007,0.386432206705003
0.243851517528089,7.4382002633935,2051.20060030015,0.441202504770648
0.201492393350199,5.97646129188652,2054.65232616308,0.242012259271439
0.180736630293012,2.73123512958793,2053.00150075038,0.113093438934826
0.208099710417686,10.7215497316231,2056.75337668834,0.351678858136202
0.221401390590337,4.26734287669584,2050.90045022511,0.23174838995671
0.186234175932437,19.9101608535235,2063.20660330165,0.268457032317804
0.138262004029677,51.6331037591724,2081.51575787894,0.0890881858259696
0.234988182407777,70.8700298451568,2061.70585292646,0.939382172594373
0.221603474188098,21.4576864915806,2058.25412706353,0.565347715577195
0.155002898944496,1.02624915657849,2050.15007503752,0.0382189908665411
0.148857871332345,23.1921673069706,2072.51125562781,0.112744313464541
0.236466144889322,100.983649716517,2063.05652826413,0.99570960836801
0.236305091252729,10.2980071327174,2053.30165082541,0.521955139047521
0.228254947565446,7.97031285410644,2053.00150075038,0.403767008041129
0.244191460728666,7.54604567969013,2051.35067533767,0.44618608224455
0.228311194863475,28.9477893633602,2058.70435217609,0.70014685788123
0.222268536857148,12.5249050903856,2055.70285142571,0.475378133036223
0.224682852506799,5.41917883794353,2051.65082541271,0.291778404669607
0.208148994853315,353.294628335053,2073.56178089045,0.537184744757506
0.211517734653817,3.73803325566538,2051.20060030015,0.192192442486758
0.237027108979771,12.9651693704974,2054.20210105053,0.603038449053421
0.200085587675963,3.73803325566538,2052.4012006003,0.174447925744404
0.110736786394733,1.00288309926358,2058.10405202601,0.00202851819041037
0.232169054086724,12.4888983567305,2054.65232616308,0.547019159448705
0.239288743666613,10.5683211343905,2053.15157578789,0.548797978129559
0.222548352262965,25.5771389596111,2058.85442721361,0.610185535547801
0.230810269628364,7.06256146630704,2052.25112556278,0.379302698897542
0.222718233080345,7.74412301428478,2053.45172586293,0.371513513285841
0.238088416363576,219.702732741429,2066.05802901451,1.09467994158186
0.22102683628286,26.4762037102107,2059.30465232616,0.587670960215853
0.224776190135082,19.738940183072,2057.50375187594,0.583980216961065
0.212042601535574,5.56142771178757,2053.00150075038,0.264968281205998
0.185885047330373,3.60071789654471,2053.90195097549,0.145235271638222
0.189049975181824,5.64206206761865,2056.00300150075,0.195004288088295
0.242676055502189,9.12515100556096,2052.25112556278,0.512396504493221
0.227585498348042,5.75691805285236,2051.65082541271,0.314258710544484
0.24925131716521,18.3153703115779,2054.50225112556,0.843870757701319
0.212015138742642,6.1687553886527,2053.60180090045,0.281895775338321
0.243376014330939,7.3530347199978,2051.20060030015,0.435345758919063
0.150751379377367,2.30457394564778,2056.45322661331,0.0679398093805646
0.235307152124863,5.38806539618403,2050.60030015007,0.31299115528904
0.24822875422754,9.97699489356779,2052.10105052526,0.576078125743197
0.233726768822224,112.658234431989,2063.80690345173,0.966089522954078
0.238849593479071,81.6070975563188,2061.70585292646,1.05665965814053
0.242909220945238,13.3823268507784,2053.75187593797,0.662540235700297
0.206406371796002,3.53905426496764,2051.50075037519,0.176218727711099
0.163618549394902,4.17018228211692,2058.10405202601,0.112000216340744
0.212555766574218,9.6938573407282,2055.70285142571,0.363042920052174
0.187712411253249,4.07523387938939,2054.35217608804,0.160773872268498
0.208264467739357,3.27437776251048,2050.90045022511,0.167075728271266
0.205498761768717,4.24284253669373,2052.4012006003,0.203255341487552
0.185647614357687,4.54636621906863,2055.25262631316,0.166239135571339
0.238918681094581,10.1216499350543,2053.00150075038,0.531314213284313
0.16509281629427,5.45047194460812,2059.45472736368,0.128067967288234
0.246039261811979,7.41681684421187,2051.05052526263,0.445927798186243
0.209213011025651,4.98510624458552,2052.85142571286,0.236961475579969
0.192574781468339,9.94831291991456,2058.40420210105,0.263466706478695
0.226233989503446,231.388134792415,2068.15907953977,0.832765656589296
0.233188490482425,10.1508316565282,2053.60180090045,0.497120151447591
0.241978223932935,68.8588063220333,2060.65532766383,1.09164345522073
0.247348300293215,161.455191103366,2063.50675337669,1.31893120124305
0.209738372344657,7.56780167843215,2054.8024012006,0.309537533883176
0.14366213097779,31.2877147471334,2076.11305652826,0.100635163186173
0.0877093969594632,1.00288309926358,2065.45772886443,0.0106681144450206
0.243425183722413,13.6547521301788,2053.75187593797,0.677255738887994
0.232716093349978,6.34893199363231,2051.65082541271,0.35368381646489
0.214169550571226,3.83615347588896,2051.05052526263,0.200603618893315
0.248777324116582,9.12515100556096,2051.65082541271,0.542319145085389
0.194505490220567,127.138203086498,2071.31065532766,0.379542349035182
0.198453017897668,9.52784643268317,2057.35367683842,0.288139994361583
0.204036042152736,3.85830538552188,2052.10105052526,0.185866481337653
0.242869357866909,217.187191083922,2065.30765382691,1.22089685660143
0.240686795226529,90.2586580501261,2062.0060030015,1.08332838246607
0.236495190023103,22.6641186288517,2056.60330165083,0.767529420851005
0.245504297717118,50.4575002967478,2059.00450225113,1.10140718566034
0.143800732746176,1.00288309926358,2051.65082541271,0.0341310305026008
0.191457383788889,2.29134256329585,2050.75037518759,0.107186543529628
0.155483170275664,1.72806227717372,2053.75187593797,0.0602586569543094
0.226475486050949,6.1687553886527,2052.10105052526,0.328392235170425
0.218658037969005,5.75691805285236,2052.55127563782,0.289248200641345
0.229538099207187,12.4529951356256,2054.8024012006,0.53327924291391
0.201920990600721,7.24794774808137,2055.55277638819,0.269751293676715
0.24389774449247,11.2918003500854,2053.00150075038,0.601911255946259
0.238938490455906,51.0419175604762,2059.75487743872,0.984031269489323
0.237262329574444,6.62911211113257,2051.35067533767,0.38078933983054
0.241985258879677,26.5525372336299,2056.75337668834,0.876454675163035
0.247201618393294,125.3211888487,2062.45622811406,1.30174177176441
0.194072224660307,20.6100250498449,2062.0060030015,0.322482912537165
0.144166988696785,1.20926262481036,2053.00150075038,0.0401681477139007
0.220173760615511,5.31106107095859,2051.95097548774,0.277014800862029
0.242662685414979,18.2627170853981,2055.10255127564,0.770982579221933
0.233343751076219,82.5523008734509,2062.60630315158,0.916863724413108
0.242925468869465,58.6059871454894,2059.90495247624,1.07974673606842
0.213498918392931,14.7585013912184,2057.50375187594,0.438398674005433
0.108059145240334,1.23387969717049,2060.80540270135,0.0233127642382944
0.227688951113899,15.2333597657718,2056.00300150075,0.560385276791767
0.242743643417957,6.61005466738882,2050.90045022511,0.393556975854012
0.248422669551288,189.700955062392,2063.95697848924,1.38277444934296
0.183077514380251,4.94223601165526,2056.00300150075,0.16823357134348
0.216874567474474,6.76406156642458,2053.45172586293,0.317986173424324
0.201894961647078,41.6058873339274,2064.25712856428,0.422805280263147
0.238980856814236,62.7985313829376,2060.65532766383,1.01082843015889
0.23646265584448,33.1421054672574,2058.25412706353,0.852474463108844
0.118716253888755,1.77342245446464,2061.25562781391,0.0338727825323911
0.232931008170423,20.0828667363378,2056.60330165083,0.679342402872734
0.2387834003503,12.4888983567305,2053.90195097549,0.602530621861653
0.225006411212178,9.63820144251651,2054.20210105053,0.435104016952762
0.189828092159553,2.46233896144414,2051.35067533767,0.113136122531999
0.230548136393981,15.6332226114801,2055.70285142571,0.599298811405721
0.203465004987801,15.2772790540943,2059.00450225113,0.368633532376023
0.207944136695506,12.8167214051892,2057.50375187594,0.381338009548829
0.20226642375803,4.14623977579979,2052.70135067534,0.192878121847067
0.234462350326613,31.7413509094294,2058.40420210105,0.798054080200707
0.213963441805791,6.7058929175172,2053.75187593797,0.304557055887112
0.151856361987163,13.1153367145537,2067.85892946473,0.115919457202714
0.232388944596098,10.3873347090322,2053.75187593797,0.499486549190601
0.227071176258906,7.18561784115829,2052.70135067534,0.36978176839837
0.21665719116624,9.07276025359497,2054.8024012006,0.37758256742391
0.220201018394803,7.92455244054436,2053.90195097549,0.36279163167209
0.22000368415304,16.4173790695188,2057.2036018009,0.508459484839222
0.196471525615441,7.81129753947542,2056.60330165083,0.25723227594606
0.243717718384428,22.1480927773524,2055.85292646323,0.841421497058797
0.215683526238365,3.70588742997801,2050.75037518759,0.196515045191449
0.225951599984886,218.441340861964,2068.00900450225,0.815302739550376
0.229394159294764,55.6463084955692,2061.40570285143,0.809509540705846
0.216977310133791,6.34893199363231,2053.15157578789,0.305384383949715
0.226432697523396,28.2886943462597,2058.85442721361,0.669753810360462
0.238221971577704,63.5258869923343,2060.80540270135,0.995260060450462
0.229244947732572,13.0025492407616,2055.10255127564,0.536781821009319
0.242067785062132,57.9349631659321,2059.90495247624,1.07054600867822
0.249559246257784,6.80312071291408,2050.45022511256,0.420968126350242
0.237378729857654,11.1946946742062,2053.60180090045,0.554298738588653
0.154497114976269,1.05015961695978,2050.45022511256,0.0389315507614032
0.249251441509251,98.6844129941092,2061.25562781391,1.32201900215703
0.129584776545826,1.47500060364494,2057.2036018009,0.0376746147512687
0.185901594804686,3.20905081491668,2053.30165082541,0.13402578173065
0.159763731121583,4.21848286189654,2058.85442721361,0.105040621450665
0.213637686173359,4.82970917626452,2052.25112556278,0.241465178442434
0.212545738204862,8.71435120329488,2055.10255127564,0.347977677280376
0.233623338020055,11.7224193723862,2054.20210105053,0.540781164423303
0.212435282866506,50.0235828063934,2063.35667833917,0.554865196078293
0.140740231023336,2.2456281019818,2058.10405202601,0.0569394392278267
0.215134035267626,4.07523387938939,2051.20060030015,0.213402454912126
0.236646702918897,57.6023378446047,2060.65532766383,0.937445496195429
0.230698273209435,5.57746185992785,2051.20060030015,0.313171674861007
0.230637796915439,12.7065019223768,2054.8024012006,0.545342143185854
0.225885134773376,7.12382395041967,2052.70135067534,0.364844680252987
0.203096154371748,24.2854601433005,2061.40570285143,0.402448107649143
0.185017673798916,11.5882005855279,2060.50525262631,0.233883546477129
0.23389890640953,5.89104782059798,2051.20060030015,0.33519098405009
0.238501929222472,11.3897483457029,2053.60180090045,0.566196762171766
0.241152258455204,10.5987906532703,2053.00150075038,0.559591285868182
0.114169910692405,1.6741946565908,2062.0060030015,0.0301109935392558
0.205075756205207,3.58004488871148,2051.65082541271,0.176446326762631
0.206287194935501,2.77882351455518,2050.30015007504,0.141216611584558
0.238385590280876,203.857799421055,2065.75787893947,1.08384507797973
0.227181087011689,17.6425615162172,2056.60330165083,0.596150387685452
0.218552529199599,13.4984086137474,2056.45322661331,0.463811428268174
0.237403034269264,91.0415849855167,2062.45622811406,1.01459547462796
0.215400616168816,6.27623830106248,2053.30165082541,0.297056841454579
0.183857508085318,7.56780167843215,2058.25412706353,0.204216106693157
0.162207491029529,1.68871705388817,2052.55127563782,0.0640523545609068
0.228087358394659,20.3740453880163,2057.2036018009,0.630268165225058
0.158116838670169,11.1304219326752,2065.30765382691,0.131335832914592
0.24829257219139,15.2333597657718,2053.75187593797,0.764357341549128
0.248706374859782,6.1687553886527,2050.15007503752,0.380470844804485
0.1557673494657,1.74807732789242,2053.75187593797,0.0610569334274439
0.233667984132642,4.91386086905364,2050.45022511256,0.28381411874298
0.218691973611794,47.6342662567927,2062.30615307654,0.618880478352632
0.153505688585713,3.08228092099346,2057.95397698849,0.0821001247709018
0.249622069961535,43.9451273819645,2057.95397698849,1.16327145485144
0.147037154624789,2.28475538672293,2057.05352676338,0.063671630313462
0.144851256414987,1.8570226648111,2056.00300150075,0.0547902548598663
0.208176224727782,28.2073696994518,2061.40570285143,0.456795817874595
0.245695015171498,137.415115942094,2063.05652826413,1.26116319827962
0.243262033020865,49.0255647982507,2059.15457728864,1.04678334465036
0.219628023779366,14.505756572389,2056.60330165083,0.489115278629587
0.223666109331274,65.9484816627422,2063.05652826413,0.715496890571311
0.211368398056351,23.3933421622917,2060.05502751376,0.470323959532094
0.217301946516053,58.269509235766,2063.35667833917,0.624128917451596
0.23591212747562,5.17521601544173,2050.45022511256,0.301670714516472
0.239706439642878,8.03944940844679,2051.95097548774,0.454008949261649
0.248491871584231,62.0795038144005,2059.45472736368,1.22626609053083
0.195036145602725,3.53905426496764,2052.70135067534,0.159070282674519
0.107420953743874,1.00577451078852,2059.00450225113,0.013480396272603
0.201931736835772,29.8791915321589,2062.60630315158,0.40662809251417
0.225101486119233,19.4568382303861,2057.35367683842,0.58899307474097
0.215863188842952,7.4382002633935,2054.05202601301,0.331573911329892
0.242021410119935,10.5987906532703,2052.85142571286,0.568263990157811
0.228304607646696,40.8933710575319,2060.20510255128,0.753540049035021
0.197229426871609,3.80316384938978,2052.85142571286,0.171531234472314
0.187550041835516,6.2943333190863,2056.75337668834,0.201221402260031
0.224309150197707,6.11570617216135,2052.25112556278,0.319872397384842
0.20195954395687,12.169460288151,2058.10405202601,0.334311621568341
0.228432672175062,26.2485172849919,2058.25412706353,0.684813035633914
0.232652670191802,4.97077500682395,2050.60030015007,0.285389709438987
0.148821041321008,3.66345594042931,2060.05502751376,0.0805804472517651
0.241491493860048,8.58980877761041,2052.10105052526,0.483892901879331
0.241706744067385,12.4171951294921,2053.60180090045,0.622308744619342
0.23984769725237,75.721603993656,2061.40570285143,1.03837312721725
0.222428117052891,47.0888657531278,2061.70585292646,0.671327089508985
0.215573671059341,190.247881746232,2069.2096048024,0.631887011675332
0.244278471085414,17.7444386780296,2054.8024012006,0.780132427166285
0.197568938821446,83.9906723381921,2068.60930465233,0.399292498163827
0.18933210056415,5.04284557241036,2055.25262631316,0.186766328009504
0.195535954344002,15.9514695864158,2060.50525262631,0.31335453746068
0.238924080420264,11.9266679922861,2053.75187593797,0.584505510954443
0.242682237563601,8.58980877761041,2051.95097548774,0.491073671700652
0.249662703350388,21.8315600677534,2055.10255127564,0.929132336277968
0.240984104650574,9.58286508470002,2052.55127563782,0.523331410053226
0.181488814724393,2.54889290196729,2052.55127563782,0.107934080017739
0.233824267700867,6.80312071291408,2051.80090045023,0.377930366045171
0.227181320692891,13.9728926204603,2055.55277638819,0.544601381111812
0.247799914729898,17.7444386780296,2054.50225112556,0.815192282361549
0.227237684222629,93.7007216607734,2063.95697848924,0.82219548219815
0.217799051467169,6.66739199053658,2053.30165082541,0.317677599340995
0.220182452194857,6.1687553886527,2052.70135067534,0.309198024128594
0.217588394308681,7.90177085082341,2054.05202601301,0.353936869496658
0.0651101715005977,1.00288309926358,2077.76388194097,0.00110499893311903
0.162904449437637,2.00713065465068,2053.60180090045,0.0735971230510679
0.143096155016064,4.54636621906863,2062.75637818909,0.0770391250577403
0.237997050036418,13.6154972999402,2054.35217608804,0.624948606391011
0.19762139497638,38.4942931291769,2064.55727863932,0.383531643238266
0.243959050026735,95.3333405319193,2061.70585292646,1.19547800680579
0.237433433896268,45.0986499114755,2059.45472736368,0.926607351945032
0.0900513455679581,1.00288309926358,2064.55727863932,0.00320596289510971
0.103537211787777,2.39246014169509,2068.90945472736,0.0263979872179624
0.209531921125338,21.0295852575175,2059.75487743872,0.446534310905089
0.217510828733756,12.345903576098,2056.15307653827,0.440318668765371
0.222856982997861,8.27426512232383,2053.75187593797,0.387413485355239
0.228328172588786,326.872658067389,2069.35967983992,0.876526348994094
0.22497278032277,250.091841777032,2068.75937968984,0.802853647446691
0.249495634491948,7.67752616736229,2050.90045022511,0.470499336322889
0.210244811533163,9.418754960271,2055.85292646323,0.345221508189719
0.20733570100722,4.81582467568853,2052.85142571286,0.226995492451284
0.24704189349849,11.1946946742062,2052.70135067534,0.617481013892215
0.199180912106161,3.42873391662958,2052.10105052526,0.161541836780091
0.208617859544346,3.04698957090351,2050.45022511256,0.156539805713683
0.228204892467731,12.2045460501459,2054.95247623812,0.512697884445256
0.234852243005246,41.8461409792029,2059.45472736368,0.867148768581543
0.152475290382592,1.70827639380871,2054.05202601301,0.0578656445131526
0.211681461157666,7.58962040187813,2054.65232616308,0.316361941742956
0.225316848072948,19.5129342263596,2057.35367683842,0.590820267819985
0.229355540136873,4.760684680679,2050.60030015007,0.269179570259577
0.240196529401272,163.796107142356,2064.55727863932,1.12260262710757
0.233255888613193,52.2311372931222,2060.65532766383,0.864089290990129
0.202082439145046,4.760684680679,2053.45172586293,0.211610938714297
0.194872027509768,6.1865405227709,2055.70285142571,0.222883342661528
0.237118616744766,108.207799318237,2063.20660330165,1.02805657650754
0.212471660932703,15.4097981223956,2057.80390195098,0.438942608144069
0.159625560554562,15.2772790540943,2066.95847923962,0.142638251348169
0.238925996741804,12.7798757548119,2054.05202601301,0.607355167838663
0.219122771848199,14.8437245167243,2056.90345172586,0.479957249248472
0.22726784019029,25.5771389596111,2058.25412706353,0.668662514470814
0.132963243980804,2.08367368705817,2059.15457728864,0.0478378790140159
0.211184967401311,3.92553157195246,2051.50075037519,0.199956405189369
0.200268336739321,11.5216685859765,2058.10405202601,0.316852063865362
0.206633286387258,6.78356302734552,2054.65232616308,0.27883990680248
0.232158059035582,214.700451752867,2066.8084042021,0.967094510248026
0.177579128598883,7.31081832073186,2059.15457728864,0.177301475333608
0.202777033548572,40.541701854003,2063.95697848924,0.432098625698468
0.238263199030186,15.5882800527396,2054.95247623812,0.666135075646212
0.1664072420246,4.65229147967714,2058.25412706353,0.123689302963546
0.167041998300881,1.32978351631576,2050.45022511256,0.0537690483015258
0.235721461624182,38.4942931291769,2059.00450225113,0.865298015846711
0.16625191431547,2.79486986091936,2055.25262631316,0.0951860724894781
0.231324117371137,51.1890764754063,2060.80540270135,0.82951942289458
0.205225391120032,3.9368492691367,2052.10105052526,0.190763522084708
0.174959871633607,7.72186012504483,2059.90495247624,0.171535611545754
0.13538845943994,1.00288309926358,2053.00150075038,0.0015558410181136
0.223979817222023,8.63941072106801,2053.75187593797,0.405284393297904
0.235281908247776,5.28056837192541,2050.60030015007,0.306363794892123
0.175961472592845,10.783461436218,2061.55577788894,0.193590716876416
0.236446866499185,124.601675131387,2063.95697848924,1.01030563309402
0.238702819480446,56.94280539997,2060.35517758879,0.97526593658347
0.22089551419152,7.94739971184986,2053.75187593797,0.369571480832001
0.227145042639665,6.94161247758823,2052.55127563782,0.361015367606304
0.178642053076722,14.4224738415937,2062.75637818909,0.216455272594323
0.160236428851078,5.22010717715947,2060.05502751376,0.11510995755733
0.243227871018287,8.89175006582625,2052.10105052526,0.504158223002296
0.219347498399867,53.14120008554,2062.60630315158,0.649109168680487
0.216405942331954,9.39167782086193,2055.10255127564,0.378479543682282
0.243767311224399,6.57210398204128,2050.75037518759,0.394668328158362
0.23914600193289,9.72180569368846,2052.85142571286,0.516407425142491
0.247269039410092,6.09812467340626,2050.15007503752,0.374479986258486
0.226709187492571,5.14550325140415,2051.20060030015,0.283742784580564
0.211749042485794,9.36467852310833,2055.55277638819,0.355742450259882
0.246367082155962,6.8227347852315,2050.75037518759,0.414554532204521
0.236674747471133,18.2627170853981,2055.70285142571,0.704995473668491
0.197031356025638,20.1407676346358,2061.40570285143,0.342242821567736
0.23564350826218,7.81129753947542,2052.25112556278,0.426503623189462
0.249132198960933,16.5121814020749,2054.05202601301,0.804216276282091
0.120748145435431,2.49804006667886,2063.65682841421,0.0401353516120108
0.249081354287109,35.7180895734179,2057.2036018009,1.08639492755385
0.243338625550876,53.6021605942022,2059.45472736368,1.07858470870552
0.189023049430561,19.2895159816518,2062.45622811406,0.288117879859621
0.246667473707848,103.336456089342,2061.70585292646,1.27394944336018
0.239199131749265,35.7180895734179,2058.25412706353,0.913714545040074
0.235179093911226,6.36723659478765,2051.35067533767,0.362864306610417
0.243873722434964,19.682194462711,2055.25262631316,0.814660444953388
0.239798790087024,18.4742425689144,2055.40270135068,0.746510422440864
0.243682961741113,26.0978151697375,2056.45322661331,0.903786953078646
0.18635121302349,3.11798102843626,2053.00150075038,0.13257572850257
0.224405920459139,8.1325652583707,2053.45172586293,0.392303898206819
0.243294673042941,83.2683808742902,2061.25562781391,1.15510924906591
0.248577732690804,10.3873347090322,2052.25112556278,0.595421623790793
0.217096102053176,29.8791915321589,2060.35517758879,0.55962674895981
0.236265113157508,15.0156499750721,2054.95247623812,0.639170670923158
0.237035836345611,30.4874450288918,2057.80390195098,0.847609677549988
0.248259976852277,11.2269700901773,2052.55127563782,0.62850933333731
0.2118415012739,3.41887695499837,2050.75037518759,0.177838244174128
0.173988197788062,14.0940971036004,2063.50675337669,0.194453424270458
0.245238242822568,23.8009421380058,2055.85292646323,0.903833615397226
0.241498984399367,5.90803229623124,2050.45022511256,0.353353361677754
0.140659530342783,2.04210241714683,2057.50375187594,0.0539166961351968
0.248742300533416,117.291709703905,2062.0060030015,1.33419946312687
0.248877695926625,128.9815619574,2062.30615307654,1.36939196439771
0.120323291296321,12.345903576098,2077.31365682841,0.0514295861520382
0.24078287239706,97.5545010046874,2062.30615307654,1.09656938131724
0.193902577163458,3.32185250376586,2052.55127563782,0.149853003972255
0.228184315300436,11.5216685859765,2054.65232616308,0.499675948767787
0.23541115752903,22.3402110602687,2056.75337668834,0.738193232670008
0.167275432016569,3.23688695135292,2056.00300150075,0.104961345081005
0.207498722588776,111.689411599606,2068.15907953977,0.511265458157947
0.249662413186225,103.039383319176,2061.40570285143,1.33201991618594
0.228214783121276,8.78994173863968,2053.45172586293,0.42908156485281
0.232441338012419,44.0718255463572,2060.05502751376,0.822062037889563
0.232787396424037,5.56142771178757,2051.05052526263,0.316456645854869
0.247189091732452,40.8933710575319,2057.95397698849,1.08729803208669
0.18214137996657,6.92165665438525,2058.10405202601,0.189933075843369
0.210088806075976,5.3417298504113,2053.15157578789,0.249838183649789
0.238783762408664,10.4473164853735,2053.15157578789,0.540182296522526
0.23360625813142,11.0665182039154,2053.90195097549,0.526026969784005
0.2474563381498,12.4171951294921,2053.00150075038,0.668476678634528
0.191980095863738,6.88191695070772,2056.60330165083,0.225076101016554
0.217740249154894,5.01389279437678,2051.95097548774,0.258476981397251
0.149414402128274,1.96143148928283,2055.55277638819,0.0606727339739571
0.178289723950624,1.65979714701382,2050.45022511256,0.0719447605835899
0.190708353324615,20.6100250498449,2062.60630315158,0.298169115764307
0.15522842889478,2.0657547958787,2054.95247623812,0.0680423454352841
0.245341445332731,52.8360974706726,2059.15457728864,1.12115767954977
0.245980801372427,13.1153367145537,2053.45172586293,0.674680323236956
0.181079452977941,10.7215497316231,2060.65532766383,0.214298109337735
0.141920679181852,6.92165665438525,2066.05802901451,0.0822912320068268
0.243551939878602,26.705865146348,2056.60330165083,0.90314392825614
0.237099400821459,31.7413509094294,2057.95397698849,0.859805627406853
0.248579809654386,11.5216685859765,2052.70135067534,0.63843234465826
0.221809896299851,5.16033824803901,2051.65082541271,0.274695645337041
0.219000313547414,6.06311316104581,2052.70135067534,0.302659189129565
0.230723031132293,51.4846683497677,2060.95547773887,0.812574389392973
0.197603626786683,3.83615347588896,2052.85142571286,0.173416196254377
0.184563215946736,36.8673277993992,2066.8084042021,0.279834345062179
0.215569024317189,5.08658851868221,2052.25112556278,0.256864866794344
0.192963640606064,3.90299369276608,2053.45172586293,0.166836792635177
0.24992065107159,12.7798757548119,2053.00150075038,0.693795744969047
0.199741006597896,4.26734287669584,2053.15157578789,0.191497951220976
0.248502957031838,7.74412301428478,2051.05052526263,0.470505798735309
0.203611843670012,4.00544398533237,2052.4012006003,0.1904513031555
0.229773556387488,5.773515819051,2051.50075037519,0.31967534119806
0.215996031045603,7.28980110054726,2053.90195097549,0.329461662675766
0.205997888616989,4.27964604980107,2052.4012006003,0.205277712878752
0.217274431230984,8.25047817477399,2054.35217608804,0.359553528491259
0.22805065687606,44.4541159554714,2060.65532766383,0.753241531518546
0.179271218552329,6.40400427119728,2058.10405202601,0.175378886000475
0.235335991218478,7.92455244054436,2052.25112556278,0.432793760709414
0.224920482988108,9.5553161597167,2054.20210105053,0.431157554748505
0.200170797956017,6.01097243209366,2054.8024012006,0.239099775994565
0.220055929426616,20.4916955329151,2058.25412706353,0.541108961359871
0.206211209129748,6.02830266228601,2054.05202601301,0.260720148406969
0.240745506524281,85.2084412476855,2061.70585292646,1.09029725046978
0.198077784162118,2.57841511385935,2050.75037518759,0.124859957375928
0.206938235905498,7.94739971184986,2055.40270135068,0.303767868957873
0.249047468666203,37.4018619842125,2057.35367683842,1.1070695199008
0.198190486593976,2.85998721049474,2051.20060030015,0.137570932156664
0.214698098855529,75.2868592128977,2065.00750375188,0.595658083092
0.239946548527166,11.2593385593765,2053.30165082541,0.576854780359169
0.246413345085939,159.147730608573,2063.50675337669,1.31009126245254
0.223521100424707,7.14436264200497,2053.00150075038,0.355608104607169
0.168234945940665,1.58051892322707,2051.35067533767,0.0638593493205163
0.204431082359846,3.10901742259474,2051.05052526263,0.154881041114547
0.168659257494341,9.66598933399762,2062.30615307654,0.160840431829191
0.247674717615932,88.4579120605105,2060.95547773887,1.27705167101665
0.218009505207504,48.1859837890086,2062.45622811406,0.611022895647337
0.224659418422565,10.7215497316231,2054.65232616308,0.461927283337742
0.179676208635185,20.9088468955437,2064.70735367684,0.232555474157121
0.238453091720824,23.6642924260888,2056.60330165083,0.800746316041643
0.193575472122586,2.83539228475476,2051.65082541271,0.131725037681726
0.249151042018445,184.317423772592,2063.80690345173,1.38224450127328
0.196335821266675,24.2854601433005,2062.45622811406,0.349380332774772
0.211700907271055,25.1391209535034,2060.35517758879,0.480172623489229
0.227316958963981,22.7949928263862,2057.80390195098,0.641498763914045
0.244866343301163,87.9500435849786,2061.25562781391,1.20902861091924
0.152162215255609,2.21991621862324,2056.00300150075,0.0676862977408021
0.209202745020712,13.3054941313703,2057.65382691346,0.387257337243737
0.198888825852995,8.29812065000463,2056.60330165083,0.274198719827998
0.222005050385949,14.8010516157109,2056.45322661331,0.509992429900949
0.241645994294566,5.87411217212038,2050.45022511256,0.351564114783051
0.187532945707145,3.25557838997471,2053.15157578789,0.13839460907745
0.201469165478583,55.8067423266136,2065.75787893947,0.432747378110396
0.245845072713784,9.17784428848941,2051.95097548774,0.530233543174942
0.219016172335559,68.070390112422,2063.80690345173,0.658846680687375
0.240692562978636,5.5454396587911,2050.30015007504,0.331206943207858
0.191502754170366,5.74036800209287,2055.70285142571,0.205047078125395
0.238084837723356,8.06262793911584,2052.10105052526,0.448508606963577
0.226580302798295,244.397649220092,2068.30915457729,0.847172399857355
0.162022511010233,7.45964533309522,2062.0060030015,0.13148099502018
0.239374243010241,15.0156499750721,2054.65232616308,0.666902794117979

