0.170985240162945,23.8695626167564,2056.30315157579,0.765076238500154
0.186819969615459,27.8042399468639,2054.95247623812,1.0450570877091
0.195279805014548,27.5651328577691,2053.90195097549,1.15677986410108
0.193155238886383,52.0809826503965,2057.50375187594,1.54092315401046
0.165254650047983,10.3873347090322,2052.10105052526,0.405948670351223
0.166756653440849,22.8607130534172,2056.75337668834,0.697119969293209
0.177769733605505,20.6100250498449,2054.50225112556,0.774283308565999
0.168760808781813,22.2119479273284,2056.30315157579,0.706051793017259
0.179372894557081,62.258485186131,2060.50525262631,1.27185362039677
0.164826038480037,40.6585876047624,2060.65532766383,0.836560284892581
0.142660460411368,7.69966123740149,2053.30165082541,0.251505859342128
0.0646588154623091,5.94214829246472,2077.1635817909,0.0461558522111943
0.182172912081854,24.6375716039181,2054.95247623812,0.912405263938778
0.142555574750702,30.1383713644719,2063.35667833917,0.480558170790799
0.198033829766021,16.3701822092467,2050.75037518759,0.794087863830207
0.162916351444387,11.9955386652786,2053.30165082541,0.44550637523343
0.131002491081413,5.64206206761865,2052.85142571286,0.17035945591343
0.165725816473772,8.56511470172144,2050.75037518759,0.342578489795887
0.124514239865451,48.8846255702689,2072.06103051526,0.342886799316572
0.198878898660528,27.884402330579,2053.45172586293,1.2226234435258
0.136342099874524,5.16033824803901,2051.20060030015,0.16598390351964
0.170641244770319,13.1153367145537,2052.85142571286,0.516879299915977
0.0743132059091026,5.46618619625777,2069.80990495248,0.0587651173551589
0.175877672320984,10.4172824260824,2050.75037518759,0.445240774064915
0.0688797686736098,1.77342245446464,2053.00150075038,0.0258487483595476
0.145251529102347,50.167805761144,2066.20810405203,0.574105383354077
0.14442971206672,33.8167824081596,2063.65682841421,0.519739764765927
0.131684388650147,8.73947554283164,2056.30315157579,0.236254635645243
0.156274823781289,58.1019954155711,2064.55727863932,0.763947650830634
0.191931361628303,32.9518247994517,2055.25262631316,1.22995405243364
0.189929219713018,13.1531495321769,2050.45022511256,0.610889238170012
0.180171133196996,56.4531164723065,2059.90495247624,1.24547603964513
0.181589162393859,58.4375060149326,2059.75487743872,1.31220002242124
0.144996809893551,23.259032627454,2060.95547773887,0.469719901027348
0.104935105754201,4.19426304469508,2055.40270135068,0.0953581267987306
0.160158111536276,11.7224193723862,2053.60180090045,0.422494621171026
0.198911266895551,19.7958495069776,2051.65082541271,0.946791731337586
0.129646863340254,13.0400368809022,2059.90495247624,0.281129722121095
0.19873165672822,28.6163443734521,2053.60180090045,1.24394927309497
0.182542658165092,11.4555185704036,2050.60030015007,0.509669529277743
0.177226850727659,16.0435815196353,2053.15157578789,0.647015107078987
0.112375229212906,3.12697047724319,2050.60030015007,0.0804212824454653
0.163405296856175,72.312737671454,2064.4072036018,0.932648912309075
0.181276667317931,22.9927224875773,2054.65232616308,0.867094125144204
0.195156806886031,27.884402330579,2053.90195097549,1.17084464521585
0.199303471066888,31.5591124739724,2054.05202601301,1.33146424485678
0.194703823796863,23.5962620603196,2053.15157578789,1.03596042979732
0.192375680775451,28.9477893633602,2054.50225112556,1.15192582896667
0.152228086500768,19.1787679790464,2058.10405202601,0.503250127651204
0.178028693330152,16.1362253542068,2053.00150075038,0.658187939278364
0.197661003554244,16.7034315396448,2050.90045022511,0.806758527600501
0.198058372533004,65.9484816627422,2057.95397698849,1.84767026503438
0.180463522433881,29.6222405590191,2056.15307653827,0.987448335527821
0.177901678712371,10.3574730860055,2050.45022511256,0.448027134622517
0.133772836623822,14.4640552653053,2059.90495247624,0.315318321302159
0.17010282798641,13.2672433518329,2053.00150075038,0.518117757024056
0.178687184713255,11.6216105181022,2051.05052526263,0.503339904171156
0.123763304593732,4.98510624458552,2053.00150075038,0.141488313530761
0.138075883446097,7.63344674676951,2054.05202601301,0.235798271052448
0.140355577467855,7.97031285410644,2053.90195097549,0.251104611413102
0.194634751524855,42.087781971745,2056.15307653827,1.45094435459503
0.161444523491866,14.8010516157109,2054.8024012006,0.506989305606018
0.171302967996368,21.4576864915806,2055.70285142571,0.722007449456456
0.157875704016714,12.5610156350281,2054.35217608804,0.432651990912448
0.183914360936648,29.8791915321589,2055.70285142571,1.04605339364852
0.164975624958442,9.12515100556096,2051.20060030015,0.361881769017102
0.140663930529807,12.8167214051892,2057.50375187594,0.338132344207274
0.134211572971576,44.9689998212073,2068.30915457729,0.435908467670069
0.187980151163022,68.4634633145046,2059.6048024012,1.55507683046469
0.190605867350534,12.7798757548119,2050.30015007504,0.596212855159008
0.102502704746016,19.5129342263596,2071.91095547774,0.170781857986261
0.183864224310898,24.4961185033437,2054.65232616308,0.934070271173949
0.187519938153963,29.0312487135558,2055.10255127564,1.0813733136189
0.187765161809422,18.7961333346796,2052.70135067534,0.816084557590699
0.162525023673799,20.6100250498449,2056.75337668834,0.620960383955501
0.0976361731777771,2.60827926283097,2051.50075037519,0.0571358625264088
0.155745262011847,47.6342662567927,2063.50675337669,0.715240301953163
0.1950092504967,57.4367420159962,2057.65382691346,1.6702683494618
0.165815094526666,66.138617681658,2063.35667833917,0.968620630913068
0.163815480885695,21.273157622404,2056.75337668834,0.643680856868677
0.192974977136231,19.2340622708831,2052.25112556278,0.873412186315602
0.126007582634896,20.0828667363378,2064.4072036018,0.300651293591614
0.175679376903117,37.8350640594363,2058.25412706353,1.01635813182364
0.161658003855369,14.3810119566121,2054.65232616308,0.496986572582322
0.190254526464154,76.158859212841,2059.90495247624,1.65295027296891
0.1971538921689,24.4961185033437,2053.00150075038,1.09719269688384
0.128651778065582,10.0925521055113,2058.10405202601,0.243980243105495
0.170172558553098,15.9514695864158,2054.05202601301,0.593834037182262
0.174748110293659,30.4874450288918,2057.2036018009,0.910879476395829
0.156080653694895,40.541701854003,2062.30615307654,0.700771045018935
0.149166844966725,10.0346071582177,2054.20210105053,0.331186755921168
0.198757435902302,45.8844379566866,2056.00300150075,1.61967285846615
0.154706631319954,10.0057595601981,2053.30165082541,0.353925833120599
0.12221928884863,14.0131778568844,2062.45622811406,0.247503354441149
0.16329917479322,34.5051938106528,2059.90495247624,0.772729831263297
0.191511436070923,30.2252632807581,2054.8024012006,1.16952909235821
0.170869515700076,47.7716005747586,2060.50525262631,0.992027570776765
0.186869080726833,14.053579239644,2051.20060030015,0.63684227820854
0.16265493546486,18.7961333346796,2056.15307653827,0.592627628716215
0.100471748897773,4.95648496866088,2058.40420210105,0.0992880080116206
0.138240496089111,6.55321042588835,2052.85142571286,0.209129586398607
0.19824433451136,21.151020824465,2052.10105052526,0.990763991224594
0.199601887674411,41.1295102698824,2055.40270135068,1.54335538375036
0.146908795805,8.25047817477399,2053.15157578789,0.278384936973787
0.194786924007013,22.5339958268413,2052.85142571286,1.00616355832952
0.133535230538735,19.9101608535235,2062.30615307654,0.356307882593826
0.177207347096014,28.0454211126682,2056.30315157579,0.914351902697891
0.0844179722856406,10.0346071582177,2072.81140570285,0.0916351470942243
0.175045985032432,36.7613412036469,2058.25412706353,0.986453988055451
0.170510938550306,12.2750213329814,2052.4012006003,0.491560054009711
0.151492796511259,18.9046718094031,2058.10405202601,0.495142956495271
0.147844319761605,9.25745528268664,2053.90195097549,0.306369812664604
0.142112518874894,37.0802185815206,2064.85742871436,0.504143626452504
0.199103840715352,17.7444386780296,2051.05052526263,0.860108669071769
0.165392943732105,11.756216271046,2052.85142571286,0.450091870125831
0.133400228105677,57.9349631659321,2070.56028014007,0.437359006511282
0.150720214258724,10.3873347090322,2054.20210105053,0.346206706012647
0.185528334752814,20.788801735641,2053.60180090045,0.853110644203685
0.182325307189867,15.9056121278034,2052.4012006003,0.679493202260785
0.172100988685279,64.6327467909754,2062.0060030015,1.10468313634694
0.156122162538687,10.2684023095805,2053.30165082541,0.365997589774501
0.112982004249455,24.9229329891828,2070.26013006503,0.232821117558945
0.0909838286054836,9.83440721077889,2069.50975487744,0.108005838969934
0.185855576387305,29.4521686931553,2055.40270135068,1.06395383756261
0.156154948047276,34.7044444245723,2061.25562781391,0.674485594050077
0.152581617745379,53.7567009439374,2065.00750375188,0.681763120639199
0.150831792231991,20.8487379146156,2059.00450225113,0.505233079902979
0.185986888266184,22.7294615325802,2053.90195097549,0.919012177207634
0.181762980779246,26.1730577614343,2055.25262631316,0.945465591802867
0.148345374851412,8.46704626823108,2053.15157578789,0.288739059566958
0.185238967360069,54.5361117673544,2058.85442721361,1.36700360904057
0.119617845669627,28.864569943014,2069.35967983992,0.279411285116379
0.107262760566183,4.50726900243269,2055.55277638819,0.104468587302229
0.158696809877331,23.4607874898523,2058.25412706353,0.616037236041251
0.185818208472912,26.2485172849919,2054.8024012006,0.99658437607993
0.197294372058297,44.4541159554714,2056.00300150075,1.56491274347553
0.190249905336747,53.6021605942022,2057.95397698849,1.50102458569612
0.135635303790448,8.78994173863968,2055.55277638819,0.251684027994496
0.196278883296416,52.9884291843805,2057.05352676338,1.65787634787801
0.0887232849650454,6.862132740856,2066.05802901451,0.0915725725190641
0.132998476000257,10.1216499350543,2057.2036018009,0.262762347065251
0.182365848709015,28.7815897627645,2055.70285142571,1.00351473499115
0.179096481555843,16.8968968064112,2053.15157578789,0.687880645629647
0.196408377266543,56.2908244378238,2057.35367683842,1.70035223674594
0.063121514035364,17.6934267723322,2096.52326163082,0.0526422396311174
0.191223835443965,18.0017127911777,2052.10105052526,0.81602705288504
0.182235414135296,10.9083594392703,2050.30015007504,0.484911234592274
0.189194542921811,19.1236326478425,2052.55127563782,0.841998544838403
0.103193174911105,13.4209094274668,2067.85892946473,0.160303364673811
0.187930174879672,55.1677690041581,2058.55427713857,1.43552545888273
0.140544630440588,18.9591758547749,2060.35517758879,0.403092891424862
0.173700351384979,77.7092322332602,2062.75637818909,1.19279996808603
0.188997446842809,28.6163443734521,2054.8024012006,1.09757690836952
0.192194176644118,52.6842036818354,2057.65382691346,1.53042428457247
0.180006569273015,44.8397224504315,2058.55427713857,1.16759085263746
0.190091547257861,13.4984086137474,2050.60030015007,0.626403547866621
0.18077811419549,66.9046593948815,2060.65532766383,1.33753006922108
0.172217216733239,8.99473757437633,2050.30015007504,0.375604867073555
0.147087213295417,7.99329205722658,2052.85142571286,0.272466595979023
0.180958218328283,31.018650949241,2056.45322661331,1.00845685074636
0.157799889282033,25.7990016756576,2059.00450225113,0.631584253986931
0.192255953108616,26.4762037102107,2054.05202601301,1.08663299794843
0.129590073298377,10.6293480187976,2058.25412706353,0.255732891846853
0.13788628780453,6.49685502569923,2052.85142571286,0.207220978495645
0.146572311934957,27.0930697176532,2061.70585292646,0.508122981884837
0.196702809421336,21.7687984609418,2052.4012006003,1.00159389651946
0.159697834392292,12.3104114379469,2053.90195097549,0.437615959055439
0.103219029226051,5.20510035615579,2058.10405202601,0.107817815915986
0.175613709874741,41.011270705513,2058.85442721361,1.0303008534533
0.199865666556267,18.6344929252859,2051.35067533767,0.901848894135724
0.191497177703547,12.8536732852339,2050.15007503752,0.602478153656643
0.179193019190457,44.9689998212073,2058.70435217609,1.15040336132474
0.191182724471663,40.6585876047624,2056.45322661331,1.34882892193041
0.192801085772838,42.087781971745,2056.30315157579,1.42298260682845
0.180601459667244,18.6882180181159,2053.60180090045,0.750636725265893
0.131693695842536,6.94161247758823,2054.35217608804,0.20291349941464
0.197217470986412,27.2495189410318,2053.60180090045,1.17525143112835
0.184969550558827,51.4846683497677,2058.55427713857,1.33926647719653
0.180159791688702,12.0995910689866,2051.20060030015,0.527138733514511
0.194257598740465,19.2895159816518,2052.10105052526,0.886469208320702
0.160837420907515,14.1754836193795,2054.65232616308,0.4876089848031
0.148450272012468,12.6335493553273,2056.00300150075,0.378732847787253
0.159802941470967,15.4987821679022,2055.40270135068,0.508477038603672
0.180375152176845,12.4888983567305,2051.35067533767,0.543420668961067
0.161631021788386,8.46704626823108,2051.20060030015,0.328783601310763
0.151776107733348,18.3153703115779,2057.95397698849,0.485171169989718
0.192669190667728,33.5259694810802,2055.25262631316,1.25312812546404
0.194054307856759,45.3590725519368,2056.60330165083,1.48808229477962
0.134019923943435,6.36723659478765,2053.30165082541,0.194925473746559
0.124192741937663,21.2120013170279,2065.30765382691,0.294251943481388
0.197262494167267,29.9653362072615,2054.05202601301,1.25378023597376
0.129991061630043,5.38806539618403,2052.55127563782,0.162428882961658
0.174502412533306,47.6342662567927,2059.90495247624,1.05817673157077
0.179514314323436,25.4302914671788,2055.40270135068,0.900500270748559
0.194965611635701,26.705865146348,2053.75187593797,1.13079682072801
0.185457695588665,19.2895159816518,2053.15157578789,0.81225106161591
0.163477667000287,28.5340777947752,2058.70435217609,0.723449145865304
0.174798357714366,73.7848148359129,2062.30615307654,1.20016001969948
0.179422336892671,14.8010516157109,2052.4012006003,0.623104361382887
0.118608356197806,19.5691919526579,2066.35817908954,0.25147029063214
0.108120963190248,2.89311263070037,2050.60030015007,0.0711358103107387
0.168731037857851,19.9101608535235,2055.55277638819,0.670775921613913
0.188190339057562,18.2102152272867,2052.4012006003,0.803244586585209
0.133686853123898,11.6216105181022,2058.10405202601,0.286927514107346
0.178526876007865,24.7798415269477,2055.40270135068,0.874863737593549
0.195495548230342,16.4173790695188,2051.05052526263,0.782632931800694
0.143650284526119,77.4858328855303,2069.65982991496,0.586805908733665
0.178494914161063,38.6052759973495,2057.95397698849,1.07349966069306
0.188045137452932,26.6290908341743,2054.50225112556,1.04048859947062
0.183695967123453,25.0668507346102,2054.8024012006,0.943624962391473
0.188445215821336,20.9088468955437,2053.15157578789,0.891924742475619
0.199663922661521,70.260571482953,2058.10405202601,1.93097997301809
0.118770189676408,19.0686558202897,2066.05802901451,0.251343230635427
0.16645828047267,20.1988354669711,2056.00300150075,0.652406241246507
0.194011689722539,19.3451295709733,2052.10105052526,0.887607439776871
0.0690201482195524,3.90299369276608,2067.25862931466,0.0449470718394846
0.162955289557956,14.8865204479472,2054.65232616308,0.518163834675259
0.197746572724588,36.235961115318,2054.95247623812,1.41380562222403
0.189817263383361,26.6290908341743,2054.35217608804,1.06152443277353
0.165352990486457,12.4171951294921,2053.15157578789,0.469449598331922
0.187707584028309,13.2672433518329,2050.75037518759,0.608099616979659
0.163877583159342,13.1910713679069,2053.75187593797,0.482779340114696
0.174124108886123,51.1890764754063,2060.35517758879,1.07691789681735
0.10176550692319,6.64822449937834,2061.10555277639,0.119921889964039
0.171194943353852,28.7815897627645,2057.50375187594,0.829292749307286
0.19659623412933,40.6585876047624,2055.70285142571,1.47101458450986
0.178111548478393,15.0589415844573,2052.70135067534,0.621863752980996
0.165806224636019,10.4774371358388,2052.10105052526,0.411363105842149
0.0967576949192031,38.8282025800898,2081.66583291646,0.159111745026791
0.169246403754983,8.91738586389294,2050.60030015007,0.36540764663387
0.19495746076232,19.5129342263596,2052.10105052526,0.899574751401774
0.173680981173505,17.5412692675873,2054.20210105053,0.658746276281048
0.189077895447143,25.2115995346114,2054.20210105053,1.01159190370308
0.179139170739427,19.682194462711,2054.05202601301,0.764521197185716
0.193994917335137,33.4295886586368,2054.95247623812,1.28797707041797
0.130377441206593,16.1362253542068,2061.55577788894,0.307222560551091
0.129866782181174,25.7248344244728,2065.30765382691,0.35044682462274
0.189205555316754,18.7420980057214,2052.55127563782,0.825387458367232
0.194061719449675,16.7998856852757,2051.35067533767,0.788104656988448
0.179719992550222,35.9243440670047,2057.35367683842,1.06612424590127
0.161863324660422,11.9955386652786,2053.45172586293,0.439765407748679
0.186609044982002,39.8474101492761,2056.90345172586,1.25176657973533
0.189220207919924,49.166910368017,2057.65382691346,1.42720826989502
0.135091241146835,17.3904202660819,2060.95547773887,0.349405943765076
0.151648592594018,17.7955976561148,2057.80390195098,0.477023836820547
0.143221281247667,35.4109260457599,2064.25712856428,0.512060507572724
0.167144457572072,22.2759871780403,2056.60330165083,0.687677433197926
0.166742068814012,11.9610537599916,2052.70135067534,0.463949404120459
0.150539121488717,52.6842036818354,2065.30765382691,0.65124549828363
0.198207002701054,36.0279175169288,2054.8024012006,1.42451960058829
0.184286655695268,30.7519010092932,2055.85292646323,1.06309372641421
0.103449953650071,16.2761951447872,2069.80990495248,0.167522842418887
0.0744417409811659,3.6424227310724,2063.50675337669,0.0493652200426152
0.137411702394723,17.5918424880948,2060.50525262631,0.368351960865832
0.142087893401781,71.6908725083659,2069.50975487744,0.562186047344026
0.130619252730915,24.0766133741283,2064.55727863932,0.352098785785672
0.0806378641679831,3.49853297367273,2060.35517758879,0.0551257333112277
0.111426781232089,15.4542261000141,2066.50825412706,0.200277767866118
0.160542507692542,36.6556592993152,2060.80540270135,0.745088060906998
0.139591785211425,6.44098426295101,2052.4012006003,0.210053863698665
0.1760058027177,30.9294781934387,2057.05352676338,0.93950610394927
0.0949757112007834,25.5771389596111,2078.21410705353,0.144406066563797
0.166293699611508,42.4528622739386,2060.65532766383,0.87046362954368
0.184527032564576,21.7062172818814,2053.90195097549,0.872766378794644
0.159699251827177,8.08587329578959,2051.20060030015,0.310114943856388
0.177461104495931,51.4846683497677,2059.75487743872,1.16189917462457
0.187694928615664,19.2340622708831,2052.85142571286,0.82877479373201
0.168300559769709,67.6795736840215,2063.05652826413,1.02218018710511
0.10860759876989,3.20905081491668,2051.65082541271,0.0795497300516589
0.186902474289307,43.3170791620244,2057.35367683842,1.29633916110371
0.163276847289836,71.27926959708,2064.4072036018,0.920483891717669
0.157040118830759,17.6934267723322,2056.75337668834,0.523705929172369
0.17513105255345,16.0898367576997,2053.45172586293,0.633286970513717
0.159407809480096,28.2886943462597,2059.30465232616,0.673960041519901
0.147267762494395,22.9927224875773,2060.35517758879,0.491358105708677
0.163944396900258,69.6563542571799,2064.10705352676,0.932456995050973
0.160212305061056,15.4097981223956,2055.25262631316,0.510787043116033
0.180395542823239,14.505756572389,2052.10105052526,0.619196253895992
0.16927327624131,57.4367420159962,2061.85592796398,1.01091159164149
0.181582289657562,30.7519010092932,2056.30315157579,1.0147427109446
0.15961030223997,42.3308183228056,2061.85592796398,0.764240517317652
0.19415315498786,31.1977684837926,2054.65232616308,1.23145728852756
0.183083680821379,25.4302914671788,2054.95247623812,0.945215644227664
0.160688886285704,13.7731969804542,2054.50225112556,0.47743253978939
0.193091838752886,33.8167824081596,2055.25262631316,1.26496185360187
0.185089566987291,58.9444080505326,2059.30465232616,1.39673551244538
0.182877821796676,30.7519010092932,2056.00300150075,1.04500803203562
0.189042032007235,12.2750213329814,2050.15007503752,0.568428850965012
0.187750730696177,15.1023580078497,2051.50075037519,0.68343106358753
0.151755030079453,42.6980067851428,2063.65682841421,0.639536513136337
0.145608144342557,44.0718255463572,2065.30765382691,0.55947769731339
0.156991703717957,71.8975644100998,2065.75787893947,0.805845655434164
0.150602780817351,62.9795857825214,2066.50825412706,0.669853698724162
0.162338832670422,53.14120008554,2062.75637818909,0.853512245627325
0.17353649296133,49.5933968601569,2060.20510255128,1.06349785698713
0.188101643213778,20.8487379146156,2053.15157578789,0.888169260001645
0.187621158543609,37.4018619842125,2056.45322661331,1.23282959789403
0.189796692740083,13.6547521301788,2050.75037518759,0.631681689196134
0.167052697863679,16.751589190816,2054.8024012006,0.589387101785049
0.174008635629971,24.4961185033437,2056.00300150075,0.812467044335856
0.199888088438776,15.9056121278034,2050.45022511256,0.780030607250691
0.069435789219313,1.5850757161707,2050.45022511256,0.0230236851658048
0.182218660292808,76.8194808477565,2061.25562781391,1.40880286152668
0.197774499373263,19.682194462711,2051.80090045023,0.929694221739985
0.168584493372018,12.9651693704974,2053.00150075038,0.503302800503652
0.185211107737646,19.5129342263596,2053.15157578789,0.819093363497837
0.19556781176325,18.8503244528549,2051.80090045023,0.881437860584436
0.172630203490981,15.7234968241093,2053.60180090045,0.607647990950122
0.173693180964251,28.3702534600969,2056.90345172586,0.868999683117433
0.141981200140439,9.97699489356779,2055.40270135068,0.298732276768814
0.125933423808613,3.78132852701561,2050.15007503752,0.110900816966889
0.142110715034519,19.5691919526579,2060.35517758879,0.416734246395092
0.130474538524068,5.20510035615579,2052.25112556278,0.158062916114299
0.160926021758429,31.3779203344798,2059.75487743872,0.714273613552763
0.117812156185337,8.25047817477399,2058.85442721361,0.181350859477875
0.168698756604545,9.72180569368846,2051.20060030015,0.395589816869945
0.186923746785318,24.7798415269477,2054.35217608804,0.975050544635611
0.119496210536192,4.69264665877481,2053.30165082541,0.127311597969652
0.194751203093223,39.0524164547872,2055.70285142571,1.40852827661674
0.178356399893026,39.9622941881329,2058.25412706353,1.07511058626458
0.191957497247281,55.3268231583471,2057.95397698849,1.54904615023146
0.189751506670297,14.8437245167243,2051.20060030015,0.682807115287035
0.199799892717334,31.1080807989498,2053.90195097549,1.32873025623412
0.11238424944683,3.1450272019994,2050.60030015007,0.0809204401717683
0.148189971853145,8.370100693918,2053.00150075038,0.286068330713402
0.122095103945599,34.208460777616,2069.95997999,0.306464190314562
0.0231280334663661,1.04112859832463,2060.80540270135,0.00446449473387425
0.15388604173062,41.9667875574435,2063.05652826413,0.668410929909373
0.189302199276638,15.7688292262238,2051.50075037519,0.718587183605285
0.19886579157107,19.4568382303861,2051.65082541271,0.9290208664123
0.174649845472301,39.0524164547872,2058.70435217609,0.997796812998023
0.192780109634779,48.1859837890086,2057.05352676338,1.50001847169624
0.131283723348957,48.8846255702689,2069.80990495248,0.410472252988846
0.0861449278318549,2.82724106811333,2055.40270135068,0.052416849253772
0.118042677275691,16.9456122371505,2065.15757878939,0.24166185445096
0.190760410004435,19.1787679790464,2052.4012006003,0.857071802280464
0.0864131807372902,11.0984240743995,2072.96148074037,0.0995628066598746
0.1913125290905,43.8187934508356,2056.75337668834,1.40922974531453
0.194635062093457,16.6075311717231,2051.20060030015,0.785282734660333
0.157216191038429,47.3607809164382,2063.05652826413,0.746761193578833
0.17536192613018,28.9477893633602,2056.75337668834,0.902147592373558
0.112318401348385,8.03944940844679,2060.05502751376,0.161561758533399
0.173432152342592,29.4521686931553,2057.2036018009,0.877596769850933
0.148339434012073,37.1871245324062,2063.35667833917,0.582931188818861
0.169431191288514,47.3607809164382,2060.65532766383,0.967776379356053
0.195755518750555,45.8844379566866,2056.45322661331,1.53536163367093
0.173536725653111,64.2616671010127,2061.70585292646,1.13721990959662
0.198408488306781,67.0975521691126,2057.95397698849,1.88059707124964
0.158475987205298,8.27426512232383,2051.50075037519,0.313179619460191
0.154334791012694,10.1800975118018,2053.45172586293,0.356510336889981
0.173189451192549,15.6332226114801,2053.45172586293,0.609107776744217
0.177668009765893,38.7165788401476,2058.10405202601,1.05776935334925
0.187948802584913,37.4018619842125,2056.45322661331,1.2337055359035
0.177634618802127,24.0766133741283,2055.40270135068,0.848093336744038
0.196572367401697,42.8211093770612,2056.00300150075,1.50335625496076
0.149553550153977,7.54604567969013,2052.10105052526,0.265648272118255
0.101980248599409,6.33068001474387,2060.50525262631,0.117786905566199
0.163465220718507,13.932723196473,2054.20210105053,0.498292138511186
0.172439381735524,19.0686558202897,2054.8024012006,0.68660354795558
0.174200203588423,50.0235828063934,2060.20510255128,1.07188775774021
0.105834430454475,12.0995910689866,2065.90795397699,0.165485478936863
0.157794299419811,13.1531495321769,2054.65232616308,0.445885882375787
0.198913981884068,67.0975521691126,2057.95397698849,1.88225174743145
0.146401344074822,11.0984240743995,2055.40270135068,0.340791704705857
0.0992709300012774,2.98619923379083,2052.70135067534,0.0664810529443108
0.199873081171565,36.9736199650277,2054.8024012006,1.46854359516968
0.195244899860549,57.7684111024247,2057.65382691346,1.68187365523095
0.14862717561786,25.5036095217804,2060.80540270135,0.521684973331503
0.172680538509705,22.2759871780403,2055.70285142571,0.752047772955212
0.111681667435006,3.03823005207779,2050.45022511256,0.0774936670196276
0.0883391781457902,2.3787241732935,2052.4012006003,0.0463252596565909
0.198557438084597,37.1871245324062,2054.95247623812,1.45327125698106
0.193658590319046,60.4916490468777,2058.10405202601,1.66331553611608
0.195305713361152,16.751589190816,2051.20060030015,0.794303754680601
0.172305685333217,63.8927179121216,2062.0060030015,1.09238936629267
0.152876665317745,12.9278969602916,2055.40270135068,0.410088950120401
0.180223203546394,46.4158883361278,2058.70435217609,1.18709586616844
0.065155920955248,2.85998721049474,2063.95697848924,0.034696012224374
0.187727792439522,42.6980067851428,2057.2036018009,1.30100056174312
0.198922656178533,19.2895159816518,2051.50075037519,0.925373199263599
0.171282213061324,15.9974592566334,2053.90195097549,0.60360889186664
0.159408972095988,56.4531164723065,2063.80690345173,0.803954619455295
0.186164448604376,37.2943387037601,2056.60330165083,1.20806107034164
0.173133167449032,73.5726974460868,2062.60630315158,1.15605471990018
0.156104218502872,6.88191695070772,2050.60030015007,0.257826747010963
0.158435493383216,35.6154068202425,2060.95547773887,0.713496309653104
0.107226492258102,47.2246276273033,2078.51425712856,0.215959304063276
0.149223732133131,6.34893199363231,2050.90045022511,0.226003637212961
0.17157045556378,75.9399168943669,2063.05652826413,1.12928170638129
0.191064257754989,51.4846683497677,2057.65382691346,1.49642754549503
0.160722543553695,12.8536732852339,2054.05202601301,0.456263148169327
0.191324455051043,54.8510311331187,2057.95397698849,1.53680966487356
0.197381065668627,26.6290908341743,2053.45172586293,1.1602031699462
0.154117592218175,50.8951816995986,2064.25712856428,0.70211194539967
0.171135644577429,9.72180569368846,2050.90045022511,0.402901029540129
0.154933629835851,6.57210398204128,2050.45022511256,0.244396181452096
0.158339785345145,40.541701854003,2061.85592796398,0.734107951330944
0.199386359722326,19.7958495069776,2051.65082541271,0.946997788941676
0.133565489724124,5.5136013085513,2052.25112556278,0.171627425931606
0.0522245630236725,1.60343464412786,2057.65382691346,0.0168729420295103
0.17203433920895,15.5882800527396,2053.60180090045,0.599690162016416
0.196243127636008,55.8067423266136,2057.35367683842,1.6848214763894
0.167881012969917,11.0347040567755,2052.10105052526,0.438928962034691
0.169289089975466,12.345903576098,2052.55127563782,0.488328481480131
0.194657217545402,22.3402110602687,2052.85142571286,0.99570144719776
0.143094165511805,48.3249087633854,2066.50825412706,0.541168192194007
0.182279070543784,23.4607874898523,2054.65232616308,0.888421175529799
0.145670942643013,11.1304219326752,2055.55277638819,0.337991720867168
0.19805072836309,25.5036095217804,2053.15157578789,1.13464230410916
0.192769453771978,62.0795038144005,2058.40420210105,1.64338276029614
0.191000087745643,33.3334849128322,2055.40270135068,1.22391681889087
0.166554758028241,15.7688292262238,2054.50225112556,0.562385181395323
0.122157160600917,11.1625120439526,2060.50525262631,0.226495207231775
0.194411664364114,42.2091252249533,2056.15307653827,1.4533134998808
0.0700881272863714,2.84356700216288,2061.40570285143,0.0388132802968714
0.186391378342942,56.94280539997,2058.85442721361,1.42799678585835
0.196116708623144,17.0434648578319,2051.20060030015,0.810889396577097
0.135041413717464,10.8145512259435,2057.35367683842,0.281076695880624
0.0940721590068135,13.5763553199153,2071.76088044022,0.126861046191512
0.174976279540911,19.4009034997931,2054.50225112556,0.720142840884881
0.194747428862672,22.4692148500539,2052.85142571286,1.00272295885205
0.12190884338034,8.32204495553973,2057.95397698849,0.195970557265296
0.19566541364016,17.9499612710559,2051.50075037519,0.84795451978171
0.14110141091932,6.90175820040029,2052.70135067534,0.225973404801539
0.175395997108286,15.1458996051004,2053.00150075038,0.609781378999061
0.165253959651017,7.94739971184986,2050.30015007504,0.317442247337859
0.196343303992426,24.1460286404166,2053.00150075038,1.07587863404497
0.114857184056717,3.19062650772569,2050.45022511256,0.0841694541243507
0.186474197634632,33.6226281790017,2056.00300150075,1.15297650440243
0.169323690797394,22.7294615325802,2056.30315157579,0.724425624238033
0.194369297360685,67.4850077079961,2058.55427713857,1.74919558316316
0.151727472387489,46.6839173840833,2064.25712856428,0.65130529875919
0.199785397600196,58.7749540238697,2057.2036018009,1.81125575747125
0.168372544693427,11.6551167748285,2052.4012006003,0.460240094214795
0.174166015081881,24.3554775355552,2056.00300150075,0.807933868398276
0.0587526982361469,5.45047194460812,2080.31515757879,0.0376274350085164
0.174453693432578,21.6438160118766,2055.25262631316,0.761362319871831
0.184318193034374,26.0978151697375,2054.95247623812,0.972862249678136
0.192463000635382,35.1064040208769,2055.40270135068,1.2944406718805
0.16065425568067,29.9653362072615,2059.45472736368,0.702954050965212
0.184103536395053,46.5497099496079,2058.10405202601,1.27797444015881
0.128041011838592,5.87411217212038,2053.75187593797,0.169895476715307
0.128968961353125,5.07196553857306,2052.25112556278,0.151842876539393
0.141152217278191,23.3933421622917,2061.85592796398,0.43456886088577
0.186293360803981,46.4158883361278,2057.80390195098,1.32109553082068
0.19634216885617,25.65088039011,2053.30165082541,1.12380586320248
0.162083889422963,11.2593385593765,2053.00150075038,0.420339148000662
0.164282080194725,18.053613516069,2055.70285142571,0.591088133985698
0.175375047741113,25.65088039011,2056.15307653827,0.843041130376893
0.0786561136820606,26.8600784527522,2088.86943471736,0.0897412822168522
0.187989189441279,19.9675638236179,2053.00150075038,0.857565992806873
0.195819764663327,47.0888657531278,2056.60330165083,1.55012971621421
0.194132002521009,58.9444080505326,2057.95397698849,1.65226677904288
0.163638164311719,20.788801735641,2056.75337668834,0.628051936419019
0.194623510666111,24.1460286404166,2053.15157578789,1.05986336712821
0.0858170341141816,16.3231210310229,2077.91395697849,0.105527577880519
0.183816467730302,13.932723196473,2051.50075037519,0.617176756282296
0.150666726524194,21.8315600677534,2059.30465232616,0.515275388431761
0.139545136477722,11.6216105181022,2056.90345172586,0.317307509737526
0.191501787417603,48.8846255702689,2057.35367683842,1.47208874569854
0.193677959803976,14.716073490575,2050.75037518759,0.696502807826929
0.112872393620561,6.34893199363231,2057.65382691346,0.143297837133319
0.190657627137802,16.0898367576997,2051.50075037519,0.739613571174118
0.153939623197606,47.0888657531278,2063.80690345173,0.686977480405517
0.191908800802663,65.1933879467838,2058.85442721361,1.62976021682647
0.141156550368031,8.39423252506469,2054.20210105053,0.263346424481862
0.100543366050457,8.20310923201435,2063.80690345173,0.127677435102229
0.199112788903343,15.1458996051004,2050.30015007504,0.74031644763233
0.18683136117785,18.3153703115779,2052.70135067534,0.791395118898984
0.187106737790512,14.4640552653053,2051.35067533767,0.654022379748584
0.186879157794145,26.5525372336299,2054.65232616308,1.02383811005853
0.16330197937527,14.3810119566121,2054.35217608804,0.509293434909049
0.191622158203006,19.0138370407198,2052.25112556278,0.858765970845358
0.166726667223911,68.8588063220333,2063.50675337669,0.985375777916902
0.180141613957013,32.1089908705141,2056.75337668834,1.01078960979658
0.17018529559315,47.9093308411956,2060.65532766383,0.978172024154936
0.0831837932033899,3.30278056177977,2058.70435217609,0.0556809659804558
0.18576397515543,37.8350640594363,2056.75337668834,1.20584491117793
0.157429590005305,18.1578643020893,2056.90345172586,0.53211267552853
0.187483876478699,21.5195511317025,2053.45172586293,0.898471147989305
0.122655773017324,4.7881753057283,2052.85142571286,0.134698037056017
0.149929115287208,10.845730650619,2054.65232616308,0.35202775711075
0.180528568862205,19.3451295709733,2053.75187593797,0.769876227840093
0.113398359388364,11.8923810771604,2063.35667833917,0.194927904727337
0.0542865438849035,1.66458250694606,2057.50375187594,0.0183359191331883
0.138390563438574,20.9088468955437,2061.55577788894,0.399473925160585
0.18613757361312,34.8045007827355,2056.30315157579,1.15898282662198
0.117024714668959,38.4942931291769,2072.66133066533,0.275268706056387
0.137684479998567,8.56511470172144,2054.95247623812,0.255352450524731
0.150519600219578,24.1460286404166,2060.05502751376,0.531655222578145
0.171147924733844,16.7034315396448,2054.20210105053,0.620812999943912
0.183190053555875,15.1458996051004,2052.10105052526,0.658091692273367
0.177569101833116,18.053613516069,2053.75187593797,0.707962512390518
0.0826519144251437,2.34472828861258,2053.75187593797,0.0420969583780213
0.165281422080704,35.8210683711633,2059.75487743872,0.814713824074454
0.180091033152987,71.4847748067636,2061.25562781391,1.31930866927361
0.0738317786166859,2.29794873135268,2056.15307653827,0.0357552516610155
0.162199262586068,71.6908725083659,2064.70735367684,0.894300447800374
0.189112020945042,73.3611898536447,2059.90495247624,1.59475304229592
0.106962682518418,4.17018228211692,2054.8024012006,0.0979879743469526
0.185635981242255,49.879774465365,2058.25412706353,1.34564670413698
0.107643502387274,34.208460777616,2075.21260630315,0.213014217148518
0.156287297490386,14.4640552653053,2055.55277638819,0.462941230609062
0.166956448638564,9.33775684323017,2051.20060030015,0.375007126898081
0.111414405395991,25.2842870786632,2071.01050525263,0.223300777224298
0.173409107522318,19.5691919526579,2054.8024012006,0.707058663904243
0.184886560298356,23.4607874898523,2054.35217608804,0.916508665747495
0.0977839170911846,6.1865405227709,2061.55577788894,0.107016712826579
0.157710168654014,22.0209326641103,2058.10405202601,0.585283359024188
0.118372873728482,4.74699861247518,2053.60180090045,0.126987908302346
0.193050859238666,28.6163443734521,2054.35217608804,1.15443578876339
0.165801737656549,10.2980071327174,2051.95097548774,0.405636111064801
0.189770219296695,24.0766133741283,2053.75187593797,0.997638515990362
0.186451125924565,63.5258869923343,2059.45472736368,1.47470605644304
0.110508190388255,10.0346071582177,2062.60630315158,0.17211970628439
0.139833388359428,12.7798757548119,2057.65382691346,0.332851858257369
0.170564373450324,9.39167782086193,2050.75037518759,0.388146152140623
0.178272907896886,33.3334849128322,2057.2036018009,1.00129914439199
0.133375838748547,12.345903576098,2058.70435217609,0.292675070533316
0.199253962415885,72.1048522251035,2058.25412706353,1.94321088463137
0.133098147664605,12.9651693704974,2059.15457728864,0.297769649090005
0.188802633890885,25.1391209535034,2054.20210105053,1.00759722530499
0.170281596496246,10.4473164853735,2051.50075037519,0.42632686304681
0.194200126485594,40.308937459768,2056.00300150075,1.40829663180575
0.176069413229926,44.7108167276501,2059.15457728864,1.08577248158566
0.142813005879934,10.5076446271293,2055.55277638819,0.313730035560993
0.187624287554667,23.7325189301555,2054.05202601301,0.955693183954133
0.181932338111645,44.7108167276501,2058.25412706353,1.20536959854967
0.155307289872526,62.9795857825214,2065.30765382691,0.757085963915672
0.199800885577678,52.6842036818354,2056.60330165083,1.74429465337542
0.136311874986483,11.3570049730287,2057.50375187594,0.294234830790366
0.174518017721443,43.9451273819645,2059.45472736368,1.02987959817311
0.193123895978545,13.3054941313703,2050.15007503752,0.629220831531395
0.183940946912039,11.9610537599916,2050.60030015007,0.536569002594751
0.191924008915562,20.0828667363378,2052.55127563782,0.896246551895349
0.198375278593784,29.0312487135558,2053.75187593797,1.24803666187912
0.19279549034624,37.4018619842125,2055.70285142571,1.34387372034537
0.198486979548108,55.009172100585,2056.90345172586,1.75618820348723
0.181032165909867,23.8009421380058,2054.95247623812,0.877609259684285
0.198794971196352,17.7444386780296,2051.20060030015,0.85657231295082
0.194322013547115,16.5121814020749,2051.20060030015,0.777961908120581
0.194123394105662,56.94280539997,2057.80390195098,1.62536916405709
0.199838611002716,21.7687984609418,2052.10105052526,1.02780501249086
0.180512785421473,19.738940183072,2053.90195097549,0.779432641598807
0.17033001039708,15.0589415844573,2053.75187593797,0.570179386477682
0.161012246831768,38.6052759973495,2061.10555277639,0.758589031424774
0.19640917889929,58.269509235766,2057.50375187594,1.72758527866039
0.178813241101746,53.4480645187486,2059.75487743872,1.20419231677886
0.139816265101014,33.5259694810802,2064.70735367684,0.46779060610886
0.0726507552585447,6.8227347852315,2074.012006003,0.0603858792001828
0.0816368547579634,4.54636621906863,2063.65682841421,0.0651129273969925
0.176230699008575,50.6029742786953,2059.90495247624,1.12267048894012
0.195236577930428,26.1730577614343,2053.60180090045,1.12080357991553
0.179044678019368,17.7955976561148,2053.45172586293,0.71402926013472
0.171141028093943,63.5258869923343,2062.15607803902,1.06861523611982
0.179817459455133,69.0573330958311,2061.10555277639,1.301670177329
0.153435531091997,50.167805761144,2064.25712856428,0.694379393709902
0.150467475369531,16.8968968064112,2057.65382691346,0.457503895018936
0.164481114457277,18.5275056440599,2055.85292646323,0.601056536343304
0.185413855254416,12.3814980416064,2050.60030015007,0.560964641935315
0.188984438427018,26.2485172849919,2054.35217608804,1.04035737675157
0.193323402745392,46.4158883361278,2056.75337668834,1.49713201110668
0.141547628344772,12.2397329678754,2056.90345172586,0.337250376122466
0.189689595971879,26.0978151697375,2054.20210105053,1.04874212113787
0.129633950665362,4.41734470314007,2050.90045022511,0.134398684212252
0.186119878372298,30.9294781934387,2055.70285142571,1.09087603674362
0.189394415790243,29.8791915321589,2054.95247623812,1.13405128701394
0.194439362218991,43.4419666010566,2056.30315157579,1.47387518261668
0.137820574676608,60.3177469949361,2069.50975487744,0.493197309067966
0.138428334965778,11.8923810771604,2057.35367683842,0.313900783345629
0.180593990179518,23.4607874898523,2054.8024012006,0.872885686784017
0.167021122044175,22.3402110602687,2056.60330165083,0.68953256377495
0.16870747758243,10.3574730860055,2051.65082541271,0.418351797922226
0.143949397894954,8.71435120329488,2054.05202601301,0.279866716605255
0.163066527595478,18.1578643020893,2055.85292646323,0.585781339654709
0.162594108570862,38.3836293157633,2060.65532766383,0.790748804196546
0.112045485866844,21.2120013170279,2069.2096048024,0.219018745863162
0.186693158845662,16.5597876601153,2052.10105052526,0.733335022731761
0.185201074463991,51.9312596738742,2058.55427713857,1.35088176894143
0.149849153989608,8.86618796583124,2053.15157578789,0.304975009539223
0.149457844969237,32.7626366009394,2062.30615307654,0.574575853346121
0.181573223939359,27.9647958304035,2055.70285142571,0.97287218112475
0.190204547877823,39.3911672117236,2056.30315157579,1.3243327591345
0.197022319145926,60.3177469949361,2057.65382691346,1.75649786055886
0.184975127369943,35.6154068202425,2056.60330165083,1.14871891037266
0.132928370616907,6.51558610363938,2053.75187593797,0.19555626027106
0.143482839041769,22.9266227583863,2061.10555277639,0.456553324932504
0.181561572918775,18.3681753422353,2053.30165082541,0.752165638055109
0.0729195901891215,3.83615347588896,2065.00750375188,0.0489849790322183
0.101710676982162,32.2015642784471,2077.31365682841,0.178986518843346
0.197266708843657,15.4542261000141,2050.60030015007,0.746889105125062
0.185977676433595,22.8607130534172,2054.05202601301,0.91471698767699
0.162820570428596,49.879774465365,2062.30615307654,0.845942284038156
0.159781725974976,7.06256146630704,2050.30015007504,0.27128524948842
0.138777622975465,68.2666438040264,2070.11005502751,0.514272393237802
0.139893132442754,7.72186012504483,2053.75187593797,0.243585281338394
0.152202350886962,35.1064040208769,2062.15607803902,0.622466117536516
0.191058916978697,33.6226281790017,2055.40270135068,1.23434744752163
0.175085091753435,10.8145512259435,2051.05052526263,0.45777317890361
0.180283299561982,36.5502812104738,2057.35367683842,1.08426182598199
0.136658010917867,9.20430492459876,2055.70285142571,0.263597672558763
0.184727416505805,41.7258412370602,2057.50375187594,1.22594145323049
0.14979514397724,6.96162583541039,2051.50075037519,0.247823177417082
0.168283815406732,19.0138370407198,2055.40270135068,0.645916255477051
0.14120303052188,15.7688292262238,2058.85442721361,0.379181808398891
0.191777468480168,75.0704237295268,2059.6048024012,1.69438600294167
0.195433382166701,54.3793307588897,2057.35367683842,1.64040961130787
0.146541994755652,10.5683211343905,2054.95247623812,0.331808277282469
0.153325854480334,19.1787679790464,2057.95397698849,0.510357402212136
0.19611899690091,17.7955976561148,2051.50075037519,0.842498557847978
0.17069675427959,29.1988899724563,2057.65382691346,0.828295813170541
0.150842856055728,7.87905475386486,2052.25112556278,0.279304487182085
0.0954465229287854,6.51558610363938,2063.05652826413,0.103591817289531
0.185937093736785,16.1827476936424,2052.10105052526,0.712940640505989
0.155531742985333,7.24794774808137,2051.05052526263,0.270217114727261
0.19842102716877,34.7044444245723,2054.65232616308,1.39066105836953
0.175294634354892,12.6335493553273,2051.95097548774,0.526251290241952
0.0822234356208038,7.16496054867685,2069.50975487744,0.0791440966330657
0.168663905476498,54.2230004661768,2061.70585292646,0.97401651599246
0.195695077003258,48.6039614703936,2056.75337668834,1.57391759692754
0.156194032652706,22.4692148500539,2058.40420210105,0.579566877879714
0.169421478429299,12.3104114379469,2052.55127563782,0.487301122941819
0.196484069503303,21.8945026225075,2052.55127563782,0.997987502249922
0.156683149193251,33.7195655535441,2060.95547773887,0.677253486174618
0.124682172983257,30.2252632807581,2068.00900450225,0.323598083381036
0.054698304206276,11.3570049730287,2098.32416208104,0.0376381694970704
0.123728413381016,19.4568382303861,2064.70735367684,0.28505312946302
0.178584087947504,27.1711817270042,2056.00300150075,0.913080591106055
0.198526032894635,51.4846683497677,2056.60330165083,1.7007504615602
0.184178217936966,20.3154738602905,2053.60180090045,0.829673540781158
0.19958208451245,35.6154068202425,2054.65232616308,1.43177207853634
0.15887173314799,12.9651693704974,2054.35217608804,0.448972257899198
0.166760653786099,14.4224738415937,2053.90195097549,0.531478308501532
0.1733090295114,17.5412692675873,2054.20210105053,0.657949973499088
0.176903700449245,55.8067423266136,2060.35517758879,1.1689503071503
0.169988810029372,13.0400368809022,2052.85142571286,0.511900517103602
0.0956322421362537,2.31121826109334,2050.30015007504,0.0490816715484225
0.154736711179075,9.66598933399762,2053.00150075038,0.344877484834403
0.178470066487852,45.7525288743821,2059.00450225113,1.1293545614256
0.11178607564582,3.70588742997801,2052.55127563782,0.0943831426311777
0.144401251189466,33.1421054672574,2063.50675337669,0.517875816799531
0.118917805730408,15.7234968241093,2064.25712856428,0.240960054471304
0.189607607809636,27.6446058720117,2054.50225112556,1.08775670853219
0.18358287079829,26.705865146348,2055.10255127564,0.982731002528334
0.148386402196333,14.5475781084805,2056.90345172586,0.411841970670047
0.189948963729031,13.6154972999402,2050.75037518759,0.631969824689718
0.182871412326409,48.0474581976622,2058.55427713857,1.24979388908688
0.117985317758744,68.070390112422,2077.1635817909,0.29971675535594
0.199342298332495,20.9088468955437,2051.95097548774,0.99007887327304
0.179552058931823,15.7688292262238,2052.70135067534,0.655929393883784
0.162966219855784,7.74412301428478,2050.45022511256,0.304919202667955
0.148030098935579,6.34893199363231,2051.05052526263,0.223780527666687
0.182962336172998,24.99478827893,2054.95247623812,0.928163763939882
0.196644081570468,67.6795736840215,2058.25412706353,1.82273262491286
0.0836782440168511,3.98244730043134,2061.10555277639,0.0632458726024043
0.174798967349979,34.4059979034348,2057.95397698849,0.95197347976583
0.156190199958574,74.8546104572422,2066.20810405203,0.794605623172977
0.181884346551903,37.2943387037601,2057.2036018009,1.12736081092849
0.166233849823043,34.6046757095179,2059.45472736368,0.813087076251894
0.196245035901709,75.0704237295268,2058.85442721361,1.86752540545354
0.165424672496919,14.9724828208773,2054.35217608804,0.536585733333274
0.195511741806686,17.5918424880948,2051.50075037519,0.830180198602277
0.156074990063139,9.91971340151178,2053.00150075038,0.356544915752276
0.193396132948332,21.0902156392867,2052.70135067534,0.941283827091093
0.161908605777439,50.4575002967478,2062.60630315158,0.826892786792176
0.193133862994531,75.9399168943669,2059.45472736368,1.74496310057358
0.128967660348411,6.13333836012256,2053.90195097549,0.178042353013229
0.142204936554558,38.2732836398865,2065.00750375188,0.511387914748865
0.153783658389494,8.370100693918,2052.25112556278,0.303011194697412
0.123920929740869,17.5918424880948,2063.80690345173,0.278405922552578
0.142301105526723,14.5475781084805,2058.10405202601,0.370777689220358
0.193339005298497,56.7791056024212,2057.80390195098,1.62020026380721
0.0762734286956399,1.96708649096514,2052.70135067534,0.0322820047658032
0.103116470696787,7.41681684421187,2061.85592796398,0.129667095619854
0.131068251384646,5.79016143825715,2053.00150075038,0.174414378134624
0.161936936184897,13.1910713679069,2054.05202601301,0.471497810989704
0.140011774080483,20.0251322921732,2060.95547773887,0.40377655558777
0.196167003157242,15.5434666953568,2050.75037518759,0.745482320245108
0.171382780339888,47.3607809164382,2060.35517758879,1.00070421570967
0.196746413668035,56.6158764108344,2057.35367683842,1.70966752481622
0.175758167227753,24.7086041684656,2055.85292646323,0.83356876553522
0.186373438109888,12.5610156350281,2050.60030015007,0.571839191499463
0.0737907339338786,1.87853138201008,2052.55127563782,0.0296173305387029
0.120882863784889,9.89119610131619,2059.75487743872,0.209433878921477
0.162155330952057,52.8360974706726,2062.75637818909,0.849129289931622
0.116873138209398,13.7336016436691,2063.65682841421,0.220614154361285
0.160797758342821,28.1262788456248,2059.00450225113,0.691102850485048
0.182349764856626,25.9479782891666,2055.25262631316,0.937825849049876
0.163850660097722,22.2759871780403,2057.05352676338,0.656918329910192
0.183617508659393,75.5039187012513,2060.95547773887,1.43774683431601
0.181100398520524,26.9375187251589,2055.55277638819,0.948106364003087
0.187684860970281,41.9667875574435,2057.05352676338,1.29980793186658
0.199691410398053,30.0517292460135,2053.75187593797,1.29638388024422
0.116206382904148,5.64206206761865,2055.70285142571,0.140371659787668
0.176271787833921,65.5698478688224,2061.40570285143,1.19931341490546
0.103442019310041,3.6424227310724,2054.20210105053,0.0835295765148989
0.190526116062828,14.7585013912184,2051.05052526263,0.683698842672657
0.130182662380525,77.7092322332602,2073.86193096548,0.413437574528544
0.189258253642134,14.1347317845805,2050.90045022511,0.65188737331436
0.132831649467256,26.0978151697375,2064.55727863932,0.379101123118636
0.163288744820689,18.5275056440599,2056.00300150075,0.591143502873888
0.184652982993482,19.6256118755653,2053.30165082541,0.815692646223247
0.15212363958047,8.41843393067599,2052.55127563782,0.298726781981438
0.139500037031963,16.7998856852757,2059.75487743872,0.374655805686095
0.147236105131012,17.4405585739443,2058.40420210105,0.44143425522998
0.138279396363288,26.8600784527522,2063.50675337669,0.426135752762538
0.127450577035268,28.0454211126682,2066.65832916458,0.337957438604639
0.172469937443175,11.0347040567755,2051.50075037519,0.456576491092239
0.145605454297484,68.070390112422,2068.30915457729,0.599910079044871
0.152856664681298,41.4862782755825,2063.20660330165,0.651538414457544
0.198362372533397,19.4568382303861,2051.65082541271,0.927676658059803
0.181146355657216,11.9955386652786,2050.90045022511,0.527828962801011
0.181956171601482,25.0668507346102,2055.10255127564,0.915668415175628
0.157710038179022,16.1362253542068,2056.00300150075,0.504007493626627
0.184024986905895,22.7294615325802,2054.20210105053,0.893493558032841
0.166487082909306,20.6100250498449,2056.15307653827,0.658956801136141
0.179445575734139,14.9294397640879,2052.4012006003,0.628500895424371
0.146626587596392,12.4888983567305,2056.15307653827,0.36829201549128
0.168972366257993,66.7123211508998,2062.90645322661,1.02443329256501
0.184603867947931,30.7519010092932,2055.85292646323,1.06455204497143
0.19528437651379,19.4568382303861,2051.95097548774,0.903168729787816
0.164100204915434,24.5667432445612,2057.65382691346,0.688368137983384
0.149654136978555,18.6882180181159,2058.40420210105,0.475713879291884
0.157831983029204,29.0312487135558,2059.75487743872,0.660283004048366
0.12954141408072,11.0984240743995,2058.70435217609,0.259458359126426
0.198805517210378,42.8211093770612,2055.70285142571,1.55739345815208
0.172702760847397,31.9246416826979,2057.80390195098,0.895870298268518
0.198790629114825,64.4469398661078,2057.80390195098,1.84195137226075
0.160963341290596,7.6115020308696,2050.60030015007,0.29497684415769
0.186820156536962,22.5339958268413,2053.75187593797,0.922528976206508
0.0861331476016015,24.4961185033437,2082.56628314157,0.112257888651805
0.176682399477608,42.9445668859717,2058.85442721361,1.07952801783575
0.192012143160934,13.8527304550101,2050.60030015007,0.650025878687025
0.0488902306605676,1.96708649096514,2065.30765382691,0.0182037468854025
0.170885332589152,25.2842870786632,2056.75337668834,0.779598360518349
0.185515328492283,25.9479782891666,2054.8024012006,0.984258531178865
0.186884977374505,55.4863358814509,2058.70435217609,1.41689820363948
0.181111186849075,21.8945026225075,2054.35217608804,0.841695598271839
0.185636104068261,26.7828608064846,2054.95247623812,1.00335831646151
0.183841691746098,14.716073490575,2051.80090045023,0.646612515299991
0.187695220335522,23.1921673069706,2053.90195097549,0.943549506846129
0.181467909500499,51.3366596640957,2059.15457728864,1.24309404723838
0.180634609007749,26.8600784527522,2055.55277638819,0.944296044104571
0.168479772430289,46.8185117519142,2060.80540270135,0.941119474230217
0.184606307685129,33.6226281790017,2056.30315157579,1.11777913280976
0.170137020092387,35.1064040208769,2058.85442721361,0.880489529957496
0.197416066862196,44.3263187784442,2056.00300150075,1.56108277567073
0.148661850301397,56.4531164723065,2066.20810405203,0.631892996078191
0.163092113726154,62.4379825789225,2063.65682841421,0.891001499654396
0.150121363000859,39.6186319317599,2063.50675337669,0.607580012893247
0.181777830259102,37.7262954049369,2057.35367683842,1.12247038882369
0.12937195804254,12.8167214051892,2059.90495247624,0.276557478947806
0.177724387760984,59.2847831707431,2060.50525262631,1.21583499307841
0.130039016601892,11.1625120439526,2058.55427713857,0.264002606980581
0.157598080809662,48.0474581976622,2063.05652826413,0.756726317506854
0.186460384922092,26.9375187251589,2054.8024012006,1.02556379893155
0.169348507969356,54.2230004661768,2061.55577788894,0.99099776268998
0.183837561871016,20.257070714631,2053.60180090045,0.824371991341664
0.157600067069078,25.2115995346114,2059.00450225113,0.617141733355751
0.0923372468567466,21.273157622404,2077.46373186593,0.131941190983142
0.154913095778843,8.86618796583124,2052.4012006003,0.321900291645824
0.145641060855984,32.1089908705141,2063.05652826413,0.524271811978139
0.196743075101873,56.6158764108344,2057.35367683842,1.70932736433408
0.133485710490476,7.76645008964431,2054.95247623812,0.225188416659058
0.160610091105544,8.71435120329488,2051.50075037519,0.334458360773499
0.14332787622565,27.2495189410318,2062.45622811406,0.475918060841421
0.180382811876183,25.4302914671788,2055.40270135068,0.902369292086469
0.149054363354202,11.858192730432,2055.40270135068,0.369542502738271
0.105319554510384,5.07196553857306,2057.35367683842,0.109549750145476
0.190398661217038,28.0454211126682,2054.50225112556,1.10736944459738
0.184364813569126,31.2877147471334,2056.00300150075,1.06862041651238
0.149536675320548,5.84038679556032,2050.30015007504,0.208853788735012
0.184709794973805,25.65088039011,2054.8024012006,0.970273108049012
0.197909882933527,30.8405617924466,2054.05202601301,1.29203346275949
0.163137265116992,14.1754836193795,2054.35217608804,0.501496754169547
0.189661789032086,14.9724828208773,2051.20060030015,0.689647489665431
0.187626810207507,16.3701822092467,2051.95097548774,0.730763403839271
0.173397964575746,12.4529951356256,2052.10105052526,0.511865948484113
0.124008001693328,5.29579277470977,2053.60180090045,0.148559950992083
0.175825199994523,10.7524610237587,2050.90045022511,0.458004722906073
0.182342095989277,14.5895202202118,2051.95097548774,0.633087901567081
0.115840648365463,47.4973267490208,2074.91245622811,0.273919664491342
0.159356439736939,9.02067029565308,2051.95097548774,0.341061320178985
0.173757277533895,11.858192730432,2051.80090045023,0.491712196266766
0.193556720842732,13.4984086137474,2050.30015007504,0.641027518422845
0.120574407387303,4.95648496866088,2053.60180090045,0.1352635491638
0.157922747591508,76.8194808477565,2066.05802901451,0.822378304720937
0.194341287233472,25.3571841881197,2053.45172586293,1.09169977228711
0.152251665285345,8.17952684419346,2052.25112556278,0.292419195441077
0.191738504996985,23.0590127888488,2053.30165082541,0.991153354286361
0.178832699491459,16.3701822092467,2053.00150075038,0.670582354752791
0.157596210618033,13.2291025360534,2054.8024012006,0.444479523526119
0.112297324762157,40.1930568870561,2074.91245622811,0.242834130561171
0.067488116913179,2.39246014169509,2059.45472736368,0.0325948650563071
0.176868326179052,33.6226281790017,2057.50375187594,0.977104817724323
0.158081531671634,8.25047817477399,2051.50075037519,0.311222406402151
0.146778143449177,32.2015642784471,2062.75637818909,0.541613325879427
0.177149605036152,11.858192730432,2051.35067533767,0.505954952086984
0.195037769089303,16.5597876601153,2051.20060030015,0.783262083440344
0.169219952113131,17.5412692675873,2054.8024012006,0.622609339036643
0.184232051546107,33.7195655535441,2056.30315157579,1.12059800580428
0.17983529251616,20.6100250498449,2054.20210105053,0.79513865012865
0.0741108769129769,2.46943812909056,2057.35367683842,0.0381333938982932
0.18769113423831,19.0686558202897,2052.85142571286,0.822732298580769
0.149475174055085,7.4382002633935,2051.95097548774,0.262819721571395
0.105614369726167,4.84363370723389,2056.75337668834,0.106904883301824
0.162547848476119,37.6178394397509,2060.50525262631,0.788580805459305
0.191692244822485,32.2015642784471,2055.10255127564,1.21662323646354
0.149093840480789,35.3091263296414,2062.90645322661,0.580861729768837
0.139419951135396,15.0156499750721,2058.85442721361,0.359125873236851
0.113304205065747,3.33142973427318,2051.05052526263,0.0867011757545203
0.154190995887415,7.92455244054436,2051.80090045023,0.290073547311101
0.192362574125345,44.0718255463572,2056.60330165083,1.44242516867859
0.162624730247692,21.2120013170279,2056.90345172586,0.631223264712662
0.199980585994861,71.0743551760129,2058.10405202601,1.95337995511511
0.198048228763046,21.2120013170279,2052.10105052526,0.993809848938227
0.147262489912886,8.56511470172144,2053.30165082541,0.288245692040339
0.149645116649457,50.4575002967478,2065.15757878939,0.638614717040784
0.194582781894782,23.8695626167564,2053.15157578789,1.04594086007211
0.187475456217982,26.705865146348,2054.65232616308,1.03209811283826
0.187090274096829,35.513019260565,2056.30315157579,1.18556223348383
0.194756775258422,23.1921673069706,2053.00150075038,1.02669998744475
0.148250068037602,5.6910027726913,2050.30015007504,0.20152838537143
0.153318144077967,19.2340622708831,2057.95397698849,0.512028288715846
0.158632948140028,19.9675638236179,2057.2036018009,0.573575422992258
0.197643866645969,20.0251322921732,2051.95097548774,0.942327507727564
0.197277857278555,14.6737675621227,2050.30015007504,0.709650719513731
0.173414906793174,9.61049343596866,2050.60030015007,0.404363567546424
0.151347023449455,8.29812065000463,2052.55127563782,0.293246318426483
0.182854588111461,62.6179974805149,2060.05502751376,1.35091619917561
0.16641803111691,23.8695626167564,2057.05352676338,0.708706862568473
0.147091292451731,18.4742425689144,2058.85442721361,0.450463169831705
0.185623866693128,37.0802185815206,2056.75337668834,1.18090077797416
0.151220589135305,10.0635379267258,2053.90195097549,0.340531590057547
0.146895224300042,21.4576864915806,2059.90495247624,0.477695705761812
0.168682912199962,39.3911672117236,2059.75487743872,0.894860026277989
0.196375461269156,21.4576864915806,2052.4012006003,0.983684662274186
0.160631350914248,7.4811522310616,2050.60030015007,0.289461015827964
0.174949251257611,17.4405585739443,2053.90195097549,0.670459065113834
0.196324217945976,15.189566737098,2050.60030015007,0.729539066320564
0.198045858673154,41.4862782755825,2055.55277638819,1.5302832564167
0.19013642509288,56.2908244378238,2058.25412706353,1.5201033786168
0.158322958302502,27.7243080148432,2059.45472736368,0.649742562667504
0.174099414308748,66.5205358429982,2061.85592796398,1.15356769731491
0.195004112449481,41.6058873339274,2056.00300150075,1.45686377544439
0.110375715164793,25.2842870786632,2071.31065532766,0.219135013258409
0.166633682573133,11.9955386652786,2052.85142571286,0.462787584357186
0.138071695187134,12.7431360287119,2057.95397698849,0.3231582721264
0.189771709359709,33.8167824081596,2055.55277638819,1.22097920154555
0.168557558122728,11.5882005855279,2052.25112556278,0.460256246981282
0.198628048450455,16.4173790695188,2050.75037518759,0.798314806953979
0.190105317179679,23.4607874898523,2053.60180090045,0.981728821448206
0.191585850930583,69.8571804408421,2059.15457728864,1.6772085301993
0.177537132186672,25.7990016756576,2055.85292646323,0.874676275937215
0.0920653460194282,6.02830266228601,2063.20660330165,0.093704408567533
0.134753596273414,29.4521686931553,2065.00750375188,0.40605245881847
0.177780270571102,16.3231210310229,2053.15157578789,0.66090348461471
0.175385092517909,66.3293018815899,2061.55577788894,1.19299273137919
0.195658064796058,16.751589190816,2051.20060030015,0.794924024214426
0.176854138720112,18.6344929252859,2054.05202601301,0.716639791769912
0.168926437914435,22.1480927773524,2056.30315157579,0.70468262916726
0.192711852381185,49.0255647982507,2057.2036018009,1.5025481589732
0.136790948238057,30.1383713644719,2064.70735367684,0.425398601389065
0.194232462775037,34.8045007827355,2055.25262631316,1.30662615240798
0.177451849861608,16.5597876601153,2053.30165082541,0.664501998490595
0.175142101496731,21.8315600677534,2055.25262631316,0.770674831014913
0.168466699541771,9.63820144251651,2051.20060030015,0.390867502618902
0.188085882579592,36.0279175169288,2056.15307653827,1.22490147337908
0.182791072100024,32.8570945343963,2056.45322661331,1.07181931442264
0.189125403574919,27.8042399468639,2054.65232616308,1.08106163497744
0.195434061672448,31.018650949241,2054.50225112556,1.24596899909838
0.115349156587661,3.19062650772569,2050.30015007504,0.0844670387732466
0.187050308709907,45.4898472606078,2057.65382691346,1.31829912371148
0.180091475778312,16.7034315396448,2053.00150075038,0.688192930774438
0.184178684281965,17.2905756504487,2052.70135067534,0.737520992033587
0.196336530724946,24.3554775355552,2053.00150075038,1.08488326747505
0.187692892841687,23.5284272689873,2053.90195097549,0.957682027471952
0.184156606564229,15.2333597657718,2051.95097548774,0.66782337047326
0.113585008802445,4.23064516672908,2053.45172586293,0.108460855346591
0.176127222689444,28.5340777947752,2056.60330165083,0.903598883390699
0.186289370665601,40.7758103487437,2057.05352676338,1.259968223214
0.187302650677823,26.0227888862634,2054.50225112556,1.01490443666745
0.112383428564164,3.81412874828321,2052.70135067534,0.0975582787905135
0.167776998054758,25.3571841881197,2057.2036018009,0.745168249375238
0.181944963164335,11.2593385593765,2050.45022511256,0.498997223690213
0.122992772948004,14.3396692667093,2062.45622811406,0.252925004940478
0.134075625580016,23.1921673069706,2063.35667833917,0.376311548658435
0.163756596677837,9.31091255809072,2051.50075037519,0.365399404008294
0.198998584596103,45.8844379566866,2056.00300150075,1.61871311581361
0.167446059976963,12.3814980416064,2052.85142571286,0.479139968518778
0.172594264659784,13.7731969804542,2052.85142571286,0.549860944392407
0.199562664939673,28.6163443734521,2053.45172586293,1.26021828219525
0.169663091140806,77.4858328855303,2063.65682841421,1.06999092675743
0.18086452434268,30.5753433592029,2056.30315157579,1.00609184621922
0.138124255406791,16.4173790695188,2059.90495247624,0.361109875477545
0.122483456024795,5.72386552959968,2054.50225112556,0.155085043184987
0.194899070185615,46.8185117519142,2056.60330165083,1.53740808741946
0.19612924754065,31.018650949241,2054.35217608804,1.26272743853778
0.157499462935627,8.17952684419346,2051.50075037519,0.30795078139645
0.134668016409446,9.97699489356779,2056.75337668834,0.268098891779014
0.198387532511101,30.4874450288918,2053.90195097549,1.29446727205192
0.184607851103992,19.5691919526579,2053.30165082541,0.813637532788403
0.17898054869712,61.7230832045355,2060.50525262631,1.26240365349095
0.121128429979601,9.83440721077889,2059.6048024012,0.210617627421769
0.0790167882614678,5.11596107896008,2066.50825412706,0.0643974067204599
0.193925082552456,18.8503244528549,2051.95097548774,0.870208118317903
0.183514258405892,14.9724828208773,2051.95097548774,0.653425390411242
0.169260316700119,57.2716222440805,2061.85592796398,1.00775429052154
0.193572522281839,44.7108167276501,2056.60330165083,1.46696958112029
0.147101610197838,5.6910027726913,2050.45022511256,0.199728634458335
0.13231945597587,5.17521601544173,2051.95097548774,0.160176909950502
0.113785978057559,18.6344929252859,2067.40870435218,0.222720937344479
0.14287864572247,10.2980071327174,2055.40270135068,0.309911654579642
0.10228895647281,7.10334430368878,2061.70585292646,0.124701289407013
0.192427113916221,16.464712003024,2051.50075037519,0.764574657019373
0.144683417335183,11.8241026687353,2056.15307653827,0.344833423892537
0.198560455701483,19.5129342263596,2051.65082541271,0.931771359124703
0.183449703296064,15.189566737098,2052.10105052526,0.660455147717164
0.186254788626605,31.3779203344798,2055.70285142571,1.10811135229088
0.176301849237988,63.3432620800787,2061.10555277639,1.20551420682049
0.156890149054576,6.92165665438525,2050.45022511256,0.261384916086052
0.173074786779562,11.1625120439526,2051.50075037519,0.463608434547083
0.188518691524527,35.8210683711633,2056.15307653827,1.21750369088562
0.161687045170751,61.3687089327262,2063.80690345173,0.864621185860918
0.148964589866753,24.0073976636039,2060.35517758879,0.514064074244976
0.156081664098899,7.08292353206951,2050.75037518759,0.265289556854124
0.14574011068468,7.24794774808137,2052.4012006003,0.247115062336049
0.0746072801242746,3.88058521159597,2064.4072036018,0.0512357212649292
0.151704405632462,6.88191695070772,2051.20060030015,0.249354156979434
0.1952327413263,15.7234968241093,2050.90045022511,0.74928859980877
0.181291984192136,61.0163692502148,2060.05502751376,1.31924443097718
0.191702764861686,69.456105410819,2059.15457728864,1.66827630336182
0.199238133861664,47.0888657531278,2056.15307653827,1.63604580572093
0.127555314211997,12.169460288151,2059.90495247624,0.261119976757808
0.132979293969108,53.4480645187486,2070.11005502751,0.42730053017175
0.0824130101462027,3.40904833026788,2059.30465232616,0.0562206703222008
0.148854817156652,45.620999005745,2064.70735367684,0.611536122707039
0.170773820102573,9.66598933399762,2050.90045022511,0.399027918460209
0.117673850401718,17.1418825295271,2065.45772886443,0.238484932166811
0.176030972682095,72.5212224721817,2062.0060030015,1.22344867637101
0.187471064172657,15.7688292262238,2051.80090045023,0.707495443165622
0.195801094754681,22.4046201063247,2052.70135067534,1.01255571689389
0.188664974608138,47.7716005747586,2057.65382691346,1.38403465304972
0.146554261541171,8.68929909148323,2053.60180090045,0.28801227147707
0.172206474381851,77.7092322332602,2063.05652826413,1.15153204209328
0.142651257131107,55.967638704318,2067.70885442721,0.544846150343358
0.0851453607891382,3.92553157195246,2060.35517758879,0.0646959945865324
0.182233964558063,25.5771389596111,2055.10255127564,0.936674999797848
0.0995916128636809,7.37423424898408,2062.90645322661,0.120174490052752
0.104578509728197,10.0635379267258,2064.55727863932,0.150689950805944
0.188612842833659,20.257070714631,2053.00150075038,0.870673291039069
0.190060709610642,27.884402330579,2054.50225112556,1.09947799129672
0.189691686928502,44.7108167276501,2057.05352676338,1.38729080043585
0.185525588820988,15.8598865007128,2052.10105052526,0.697339783355436
0.127528907976543,59.4557070854439,2072.66133066533,0.376554674641533
0.160764382786003,12.5249050903856,2053.90195097549,0.447586700179394
0.079874047106681,3.17230798106454,2059.15457728864,0.0510959033982997
0.193418370394041,56.4531164723065,2057.80390195098,1.61217726603924
0.144921930443888,31.2877147471334,2063.05652826413,0.511903842509029
0.197577510893123,28.1262788456248,2053.60180090045,1.21525373818785
0.174477445994333,51.0419175604762,2060.20510255128,1.09352121914795
0.197424745430911,35.8210683711633,2054.95247623812,1.39457189576469
0.159924799975815,59.114350629975,2063.95697848924,0.823759199900664
0.188979436930424,14.1754836193795,2051.05052526263,0.650674982155617
0.198396239744206,51.7819671225966,2056.75337668834,1.68307667206059
0.144353142367888,13.6941201359897,2057.2036018009,0.37451056394649
0.0809104789316597,33.3334849128322,2089.91995997999,0.0979729281828654
0.175984823892668,32.0166835936232,2057.35367683842,0.943339287623119
0.119190836087018,9.74983462452457,2060.05502751376,0.201273534744951
0.168049191195989,14.2163529457634,2053.60180090045,0.535700387057008
0.0692888018462845,2.60827926283097,2060.20510255128,0.0360224281754273
0.0969702381311525,3.81412874828321,2056.30315157579,0.0786836997607158
0.165394951621343,59.114350629975,2062.75637818909,0.938918419267758
0.120333514086399,14.053579239644,2062.90645322661,0.239549967051483
0.198590903478858,31.9246416826979,2054.20210105053,1.32694619804008
0.0877236342059454,7.00182581890258,2066.8084042021,0.0897696525171852
0.158105400553086,15.6782947440786,2055.70285142571,0.500787985396221
0.195912372389973,34.8045007827355,2054.95247623812,1.349380392324
0.185174145425991,20.6694457978884,2053.60180090045,0.847104198898348
0.191187066201942,52.0809826503965,2057.65382691346,1.51183966730052
0.147137243034874,14.6315832552147,2057.2036018009,0.403602310173634
0.18714821220363,38.1632551869613,2056.60330165083,1.23871457872798
0.15088563977463,17.5918424880948,2057.80390195098,0.470800241188547
0.166638837622938,23.3933421622917,2056.90345172586,0.704110660757748
0.176075951708552,15.5434666953568,2053.15157578789,0.62347732153501
0.144747803822061,9.44591016576076,2054.50225112556,0.299131313081539
0.169511704897614,10.1800975118018,2051.35067533767,0.415249267429059
0.194239569891155,23.3260907272937,2053.15157578789,1.02156071415619
0.196493875097072,17.6934267723322,2051.35067533767,0.841741061909219
0.178179591481262,11.7901106095195,2051.20060030015,0.508049217040211
0.113460308568071,5.57746185992785,2056.30315157579,0.133180345992019
0.139945220534183,5.65832869261085,2051.35067533767,0.187362407380051
0.165540081579765,10.2684023095805,2051.95097548774,0.404001163759539
0.151979291788754,19.1236326478425,2058.10405202601,0.50138700361826
0.174592236606989,19.5691919526579,2054.65232616308,0.718769763756559
0.126017146740045,4.39198314906283,2051.50075037519,0.128952424402283
0.197892569166626,59.7990347074476,2057.50375187594,1.77461044564184
0.191265838023583,25.3571841881197,2053.90195097549,1.04731772625988
0.186095258869947,29.6222405590191,2055.40270135068,1.07091382920066
0.157099802819284,11.5216685859765,2053.90195097549,0.403475866936185
