0.189284179556423,188.713897111146,2057.2036018009,5.75982136878863
0.153498176021182,31.5927757268638,2051.50075037519,1.15706771518916
0.157928162850005,36.6493097081858,2051.95097548774,1.37072324927878
0.175822633059642,454.6865667384,2064.25712856428,5.55953037942
0.175469731350588,455.986605356336,2064.4072036018,5.46490364634965
0.193828943926269,355.693072685394,2059.90495247624,7.66681866021179
0.156447737333468,77.4347313061845,2057.05352676338,2.23622496602163
0.160653987036836,118.492293811968,2059.15457728864,2.86524790169377
0.149039537107673,29.8392943182548,2051.80090045023,1.05348938777498
0.186303774529587,65.057613001985,2051.80090045023,2.8974196456557
0.131996371488636,227.196376972418,2070.41020510255,1.77019240653724
0.19013640029139,300.550641878781,2059.6048024012,6.80289689110772
0.176231520751032,58.2022285223133,2052.4012006003,2.40973283683232
0.19445162951927,205.590355672156,2056.90345172586,6.53197044503213
0.179230978656491,285.494895092914,2061.10555277639,5.38897238632348
0.0959379275468959,27.7044505118647,2062.90645322661,0.444804121101405
0.154607921587837,32.2305352027769,2051.50075037519,1.18828556593759
0.153765111391982,45.142230283228,2053.90195097549,1.54797969704118
0.152497539601206,118.492293811968,2060.65532766383,2.46154332233383
0.150777399744927,71.0782851110348,2057.50375187594,1.94846835472452
0.15772508917249,292.926055470132,2065.45772886443,3.40001291184027
0.139862902663882,75.2551416468733,2060.05502751376,1.63917699393998
0.10475411715024,112.878376862923,2074.16208104052,0.79974613523229
0.197358984701608,214.586385796944,2056.75337668834,6.95831220314816
0.195764949434723,88.8083830863662,2052.4012006003,4.06564367697606
0.144128781393745,32.9751828015312,2053.15157578789,1.09088944357908
0.179409485711154,159.913856826124,2057.80390195098,4.52522450606846
0.157146848161234,80.5926175177142,2057.2036018009,2.30457798814427
0.196767982203512,121.9241467412,2053.90195097549,5.14188876200553
0.157738267920814,79.6774476964939,2057.05352676338,2.31041203356462
0.174429139897003,47.1175216931795,2051.35067533767,1.97943534821958
0.14338735510433,47.2522399854351,2056.00300150075,1.38184807213435
0.195758053594258,77.2139613539863,2051.65082541271,3.63514527950952
0.190374874592143,164.545388720042,2056.30315157579,5.5395857148998
0.191404851983931,385.29585604044,2060.65532766383,7.49250929885241
0.128326148724439,85.0853002513967,2063.80690345173,1.33883521019023
0.16111766497888,350.651416845509,2065.75787893947,3.8212153405661
0.143545612516293,149.32310573115,2064.25712856428,2.15604780083966
0.191289479604289,78.1008357362733,2052.25112556278,3.51845520162869
0.164543678950696,206.767683167563,2061.85592796398,3.68791696351329
0.184401811639446,211.54480082329,2058.55427713857,5.50623096568029
0.187484200945608,70.8756376769752,2052.10105052526,3.14479276960454
0.192247951756984,281.448240503226,2058.85442721361,7.03583858737437
0.155986512764087,28.1831356987834,2050.30015007504,1.05516224625733
0.134047695322218,116.147635781134,2064.70735367684,1.65490355798291
0.178052029760549,174.214762161505,2058.40420210105,4.60308106024738
0.16851753353315,49.6022928326398,2052.4012006003,1.96266783011681
0.179246080003829,81.7513758208036,2053.90195097549,3.20769360968358
0.199620379058101,243.31029495191,2057.05352676338,7.63708552275423
0.0728295221836611,8.61797354889383,2054.50225112556,0.133452224225643
0.160895268024839,120.195972554956,2059.15457728864,2.90808389004783
0.196579593449744,65.6172477227445,2050.75037518759,3.15419872971416
0.134056309014272,205.590355672156,2069.05952976488,1.83444675995382
0.152696198684612,66.1816964999415,2056.75337668834,1.92576839655179
0.184021361563918,56.7257122261899,2051.35067533767,2.51977544982947
0.139890230483517,49.1792460536021,2056.90345172586,1.34389382171845
0.126572086381967,50.6036082141855,2060.05502751376,1.07180212792308
0.0736729268982839,23.209827249928,2070.26013006503,0.244310650359769
0.163013355192576,41.6738938288184,2052.10105052526,1.60679421170288
0.193775260008901,230.462999851253,2057.65382691346,6.70172313556922
0.157973459842449,73.5557254265437,2056.45322661331,2.22863565684688
0.187017166812133,130.199359207472,2055.55277638819,4.66522375107213
0.156125494392793,52.9688902046567,2054.65232616308,1.77991526980153
0.147259660633689,34.2221046827699,2053.00150075038,1.16173424348643
0.199341705554524,78.1008357362733,2051.35067533767,3.76466166886387
0.184577038001682,92.6943770911275,2053.90195097549,3.72393582406824
0.122198507393485,135.122711138413,2069.35967983992,1.285234823158
0.198307609275383,216.43228801427,2056.60330165083,7.15104485110682
0.127126460933146,43.3734078903113,2058.55427713857,1.01388208189097
0.1442061959056,58.702892263322,2057.35367683842,1.58804820194553
0.182099486524828,101.272657557724,2054.8024012006,3.79324550985524
0.175232333759273,102.143819176137,2055.85292646323,3.43897379593604
0.127585447874815,412.622989971047,2076.56328164082,1.65766186449913
0.199208998754619,410.273530017305,2059.75487743872,8.93397743474442
0.164459710786301,48.4821708162483,2052.85142571286,1.84757292805842
0.18253612117713,50.0289787194642,2050.75037518759,2.22634468775608
0.196575204837668,292.926055470132,2058.40420210105,7.75214440483653
0.157852315019062,72.5131337059517,2056.45322661331,2.19749779437695
0.158593281184722,256.873770053303,2064.4072036018,3.40120927855145
0.199952351291497,139.433757322484,2054.20210105053,5.8213308180757
0.16685211275938,135.896500757859,2058.85442721361,3.40314316038439
0.193026765928528,174.71287654445,2056.30315157579,5.91110172576695
0.192332871198276,67.3252022246303,2051.35067533767,3.1328874335243
0.10347130287091,90.0852674270771,2072.51125562781,0.744418105229685
0.184310388010891,269.649184189692,2059.90495247624,5.92105913452922
0.189387170089463,119.511581158978,2054.8024012006,4.58756702873704
0.17357506340261,63.9526218479422,2053.30165082541,2.51837270542498
0.0661585293910508,46.7156669673144,2086.16808404202,0.231548915627681
0.165080771448973,182.357798872854,2060.95547773887,3.61972438769901
0.127014839462838,217.051110634444,2071.6108054027,1.55609175279424
0.157105861483089,110.961159151409,2059.30465232616,2.63912342871945
0.192956789587996,178.239783883761,2056.45322661331,5.93576344958449
0.189757428474449,220.171865169897,2057.95397698849,6.16351142297074
0.12767234814815,22.9462679549317,2053.15157578789,0.670461112204029
0.161598303144991,239.861572264714,2063.35667833917,3.58083582318612
0.134385385872466,29.0823094837508,2053.90195097549,0.879182104540721
0.15991953850594,237.81584696117,2063.65682841421,3.44380473753348
0.198621235353861,63.7702900049803,2050.30015007504,3.1109367358297
0.180409644553665,49.8863438183789,2051.05052526263,2.18192047193669
0.177889273489558,61.9753194236718,2052.55127563782,2.57521023282351
0.160080687052866,318.212251341092,2065.45772886443,3.6366053152563
0.148061063530364,48.2061151393427,2055.25262631316,1.5031968978131
0.198191145189052,336.911730650723,2058.85442721361,8.36834261320408
0.199799230347109,100.12265545125,2052.55127563782,4.63821683415634
0.192852185731414,223.976055777755,2057.65382691346,6.51101949377062
0.164552612600791,52.6672873144766,2053.30165082541,1.97254095934772
0.164191826294235,37.8185940234217,2051.20060030015,1.49132415058415
0.131542209872882,22.0471570262537,2052.10105052526,0.676242972266755
0.150655899302983,71.4853198628063,2057.65382691346,1.93181364452361
0.100826692876194,46.0535109309268,2066.65832916458,0.600678124893265
0.0649642187127135,6.58944360951555,2051.65082541271,0.0890882156431504
0.135374867811431,72.9283852181692,2060.80540270135,1.48469148879919
0.155540285736573,73.766035760343,2056.90345172586,2.14364948891208
0.170313184833638,40.7328114045861,2050.90045022511,1.67679311884145
0.190246425388455,81.5182989181314,2052.55127563782,3.61153219579518
0.187370984212629,115.157038766277,2054.8024012006,4.39470068439206
0.112336222891604,129.828154893547,2072.51125562781,0.990136051215933
0.187940810727786,113.849372508176,2054.65232616308,4.3964420730091
0.18710407406244,70.0708090628971,2052.10105052526,3.10321452509048
0.159923829792534,461.224036927845,2067.85892946473,3.78299746133741
0.160776404207443,214.586385796944,2062.75637818909,3.46578167925761
0.11344902977733,30.6159827474815,2058.85442721361,0.657895130878376
0.139798429913045,35.8216927504737,2054.50225112556,1.1012732085269
0.195676070554585,135.122711138413,2054.65232616308,5.36534248177127
0.140756134483528,239.861572264714,2068.30915457729,2.2062325555946
0.173433758486563,47.6587103877338,2051.50075037519,1.98551482426809
0.187645027703864,92.9594086066799,2053.60180090045,3.85795388774582
0.197242724227721,67.5176982631216,2050.75037518759,3.25869357632162
0.107645826718698,52.5171304752045,2065.60780390195,0.733190231978333
0.156846615043676,230.462999851253,2064.10705352676,3.19835277437807
0.169700389205206,304.871950238065,2063.20660330165,4.47892781936363
0.131257566553121,179.260486424285,2068.75937968984,1.69255806565897
0.178384817715653,195.84991479505,2059.00450225113,4.83728142392674
0.17525943141897,306.617820701786,2062.15607803902,5.0812401190568
0.152913508744936,52.3674017399325,2055.10255127564,1.6918117293404
0.195730520037729,172.236465666715,2055.85292646323,6.13325848733381
0.127300100262019,64.6871773739437,2061.85592796398,1.20029322198108
0.173762139633501,140.232234448257,2057.95397698849,3.87701491817204
0.168777734775944,60.5757889625784,2053.60180090045,2.29475527000477
0.198324842870748,105.10217666729,2053.00150075038,4.72755608834833
0.164145112590022,59.7171771322352,2054.20210105053,2.13813866616829
0.183414774540633,229.150752104205,2059.15457728864,5.54357698599129
0.1783386507545,52.6672873144766,2051.50075037519,2.25785822709867
0.13585273895044,45.0135277249103,2057.05352676338,1.19688046499716
0.137591193849848,147.206573906801,2065.60780390195,1.88260489394766
0.136961006980043,37.9267248465054,2055.55277638819,1.09533183611639
0.148290695105693,58.702892263322,2056.60330165083,1.69628089752112
0.177725843332494,130.571624867781,2056.90345172586,4.03475230704566
0.156167499630451,197.534643258324,2063.20660330165,3.07115208069782
0.157260810223679,124.030785995703,2060.05502751376,2.73662202212561
0.183006015591894,231.121939045259,2059.30465232616,5.48562240566853
0.152345990942386,160.371082098708,2062.75637818909,2.66120791778329
0.166541555966623,53.7304753624608,2053.15157578789,2.04797528771119
0.187425496718195,78.324141437338,2052.70135067534,3.40109990719926
0.193272139687557,243.31029495191,2057.95397698849,6.82148160719789
0.161507008947101,34.0272452918993,2050.90045022511,1.32151587295147
0.136504283587606,245.403284268458,2069.65982991496,1.99562025005238
0.134485796854293,103.908688439794,2063.80690345173,1.61528886714531
0.170337438006554,109.388376269211,2056.90345172586,3.32088321938435
0.194979894373383,443.151748528471,2060.80540270135,8.34024377058515
0.160004940633433,62.1525190915389,2055.10255127564,2.07470573294927
0.184918849629028,156.749572495162,2056.75337668834,4.98676854484644
0.166071894564624,84.3596268972181,2056.00300150075,2.72335137143951
0.169202851702845,493.936382081693,2066.20810405203,4.74191341456246
0.174226599539026,66.1816964999415,2053.45172586293,2.59378785238388
0.190663442650802,67.133255001128,2051.50075037519,3.08548747411073
0.1149397105444,31.3233280612649,2058.70435217609,0.683669956686526
0.130941337266828,67.3252022246303,2061.25562781391,1.31529183478318
0.161381531426248,194.179555001232,2062.0060030015,3.43107574641969
0.175091630772002,42.1525573787623,2050.60030015007,1.79066586501468
0.187494660919065,207.358872775356,2057.95397698849,5.8014076760662
0.188735346541961,136.674721537471,2055.55277638819,4.92167330321598
0.102722485158912,14.3667429823903,2053.60180090045,0.329286817776889
0.147224777378889,28.9993944924254,2051.80090045023,1.00865926011577
0.166262882877791,457.290361041219,2066.35817908954,4.39917499098544
0.18380498978389,92.166578756556,2054.05202601301,3.65092216980394
0.186532873729147,48.7598073452207,2050.15007503752,2.22587402132321
0.146887790971074,75.2551416468733,2058.70435217609,1.85442324858573
0.0849741163534316,334.993367790803,2097.42371185593,0.486961383981206
0.110955359334252,15.9219753748201,2052.85142571286,0.401794320462656
0.177208662955882,252.510818040203,2060.65532766383,5.08245491023332
0.169911599866305,71.6897104985443,2054.50225112556,2.5983456404537
0.161108110675632,68.4884657586764,2055.55277638819,2.23527576210836
0.191718600525027,83.879286320166,2052.55127563782,3.73714647750071
0.130498376522306,70.0708090628971,2061.70585292646,1.31911949642812
0.172986247842926,106.918161252944,2056.45322661331,3.40448132078767
0.189298928634485,279.845684692751,2059.30465232616,6.60624506399183
0.193449728190138,184.979733984101,2056.45322661331,6.16666191182868
0.189733352026694,448.241759795136,2061.70585292646,7.49619115786833
0.137643324822941,28.344528388905,2053.15157578789,0.895971515302474
0.170707583552793,86.3086542157408,2055.55277638819,2.93111444545066
0.188940870280239,62.6871637866222,2051.35067533767,2.86256989345599
0.188722779354925,151.038220910248,2056.15307653827,5.13609707367296
0.0989091212089862,320.949557802306,2087.51875937969,0.737154335274537
0.139839090711173,167.867046233813,2065.90795397699,2.05293573755755
0.0760418252463683,10.7369817976251,2057.2036018009,0.170277202173736
0.198335418980154,296.290584500184,2058.25412706353,7.98519313518682
0.189564920362974,63.9526218479422,2051.35067533767,2.93512390479886
0.12291778142423,34.0272452918993,2057.50375187594,0.82514367601105
0.156699022961362,463.865268509174,2068.60930465233,3.5334173228084
0.122824246569619,34.6151774822854,2057.65382691346,0.831192173597137
0.155836920283936,444.418806824971,2068.60930465233,3.41562765889057
0.193907788557486,65.6172477227445,2051.05052526263,3.09859487439298
0.190344215781816,76.7743079306913,2052.25112556278,3.44611843986085
0.156538880710639,237.137823130262,2064.4072036018,3.17463439344073
0.195977218564146,107.223861374204,2053.30165082541,4.69657116116725
0.178496105997482,79.4502836575348,2053.90195097549,3.10103067536101
0.177927842173825,493.936382081693,2064.4072036018,5.82535509933221
0.165636699531868,122.272751936114,2058.40420210105,3.20179791010937
0.183164423443193,100.408925880461,2054.65232616308,3.8122556062962
0.199717234285294,121.9241467412,2053.60180090045,5.31635787045708
0.180601140905882,199.233863992366,2058.85442721361,5.00549151758972
0.112355164438366,16.0589384423485,2052.70135067534,0.411559385086315
0.156247822786087,265.069244203032,2065.15757878939,3.22936633932082
0.185703551381562,174.71287654445,2057.35367683842,5.2270571892239
0.184878905207431,186.039033318453,2057.80390195098,5.29138450604617
0.165547047557638,54.8151258567378,2053.45172586293,2.05157668686935
0.16827066429381,232.44547493166,2061.85592796398,4.10295411137974
0.170506540996329,91.380510773581,2055.85292646323,3.02960453515778
0.143289020030922,37.6032563560487,2054.35217608804,1.18999288629899
0.15478164672429,44.75722237272,2053.75187593797,1.55445098853373
0.162088356573063,200.374790595307,2062.15607803902,3.46959225146158
0.195294347487606,73.9769474128873,2051.50075037519,3.48052895075119
0.189661440880635,64.5027512796603,2051.35067533767,2.9560491222402
0.122704781284055,106.006280346726,2067.10855427714,1.25336304475901
0.170445190234533,193.073903839277,2060.35517758879,4.0842284063039
0.141695438689574,104.50372878355,2062.15607803902,1.88352571745413
0.156701814000618,159.457935123655,2061.70585292646,2.94623605859786
0.199686373965617,138.639826695759,2054.20210105053,5.78917387860943
0.119131611368593,26.6950068826325,2056.15307653827,0.66942362002392
0.155135034989858,32.7874233374622,2051.50075037519,1.21136210853037
0.191570114140042,104.50372878355,2053.75187593797,4.36210165952538
0.189932170211934,151.038220910248,2055.85292646323,5.30667979724936
0.145033732618049,101.852602486978,2061.10555277639,2.02963467092009
0.189057192191231,62.3302254082234,2051.20060030015,2.85509711377156
0.11813075094452,112.878376862923,2069.2096048024,1.12281637699562
0.181112353860477,92.9594086066799,2054.50225112556,3.53838398832258
0.146965740542627,235.115328069363,2066.50825412706,2.56587197784548
0.13685721086249,139.832425949234,2065.45772886443,1.82278192756114
0.198031080163821,71.6897104985443,2051.05052526263,3.45729710770472
0.125547230848197,63.2264075704337,2062.15607803902,1.14394552396238
0.182851358280542,53.2722202448002,2051.05052526263,2.36340597684717
0.194964567859112,110.961159151409,2053.60180090045,4.74479273876243
0.181452419367138,50.7482939157167,2050.90045022511,2.23856786994757
0.163319257547694,65.4301699554588,2054.95247623812,2.23928288403921
0.159940845892231,78.5480856134672,2056.60330165083,2.3712708342592
0.19473028610857,71.4853198628063,2051.35067533767,3.37329257854828
0.197771084430314,65.8048603822831,2050.60030015007,3.19043813676482
0.180326607242454,47.2522399854351,2050.60030015007,2.07430200944171
0.120727268108762,22.6210235385445,2054.35217608804,0.607547454710214
0.172423661477692,54.8151258567378,2052.55127563782,2.20475587863078
0.145413062619846,281.448240503226,2068.15907953977,2.5326017876186
0.144224077958828,63.2264075704337,2057.95397698849,1.63956209105383
0.192988851800522,117.146754050587,2054.20210105053,4.77093539336937
0.152358280601217,298.839317705557,2066.8084042021,3.01883702462294
0.199574554100868,85.8172159496483,2051.80090045023,4.09843859567506
0.127789114940765,54.3476199994081,2060.35517758879,1.13060537489942
0.164585731638319,212.756226863707,2062.0060030015,3.72697068933803
0.15657338897332,48.3439459350739,2053.90195097549,1.68778160803787
0.180798951485558,68.0984949826794,2052.70135067534,2.85788108033228
0.118364456132605,15.9219753748201,2051.50075037519,0.435228186570055
0.176332597194532,83.6401426475665,2054.50225112556,3.12177318201372
0.182720817710929,364.95142480875,2061.85592796398,6.13048157172975
0.167887389562146,48.8992212562289,2052.4012006003,1.92871447937415
0.158126210002188,148.897378743295,2061.10555277639,2.93486808743766
0.198603263743165,77.6561324832407,2051.35067533767,3.73677823743912
0.13205579080098,50.4593350181913,2058.70435217609,1.19048452137988
0.191675468248056,105.10217666729,2053.75187593797,4.38860233535088
0.17932103320969,162.213093593506,2057.80390195098,4.58364156474497
0.171685650968244,126.534580209848,2057.65382691346,3.59239421158112
0.191761093697139,91.903807635082,2053.00150075038,4.00779737197036
0.193297880623935,67.9043430662396,2051.20060030015,3.18262331868505
0.125059325102474,243.31029495191,2073.26163081541,1.48539384005255
0.186197535147223,92.166578756556,2053.75187593797,3.76246422370005
0.178399224231246,49.1792460536021,2051.20060030015,2.1230383697371
0.19784591636581,116.147635781134,2053.60180090045,5.02579919782576
0.173271422451069,43.0034858674363,2050.90045022511,1.80331489006944
0.192999006045237,92.9594086066799,2053.00150075038,4.08481903434369
0.161415855852796,330.245113189457,2065.45772886443,3.73967848944621
0.176994775599955,390.835628616193,2063.20660330165,5.54023659796796
0.179635745632707,378.751679379655,2062.60630315158,5.781887256133
0.146260317733018,68.6842877971593,2058.10405202601,1.77263662812173
0.143285820577702,56.5639846323139,2057.35367683842,1.52285693048766
0.171167719552097,362.873404973477,2063.95697848924,4.76678591747891
0.194696444109447,100.408925880461,2053.15157578789,4.40216029099596
0.147195358804485,53.8841013941959,2056.30315157579,1.57864212641494
0.117427738031202,152.33747289142,2072.06103051526,1.15266409445722
0.182988202463767,64.6871773739437,2052.10105052526,2.80111272384394
0.145911857850458,395.324740437768,2070.41020510255,2.65093163298901
0.160825249347164,244.703628307582,2063.65682841421,3.52897591348549
0.185432423856319,109.701139222652,2054.8024012006,4.1577085135466
0.169845726119987,212.756226863707,2060.95547773887,4.18906460527611
0.0998200498455366,190.881452278561,2081.66583291646,0.739207228482955
0.18328656573548,60.2308726738765,2051.65082541271,2.65031094698876
0.182369834636916,54.9718531182709,2051.35067533767,2.42245177960354
0.163998439968157,118.492293811968,2058.55427713857,3.04964515682187
0.0869553359785046,8.91835382783087,2051.05052526263,0.170159573966719
0.155688855936991,123.324559314663,2060.35517758879,2.63849950061404
0.149767008452771,115.816493571859,2061.10555277639,2.30236391604492
0.187856433628945,61.9753194236718,2051.35067533767,2.81279569964605
0.187754602140077,276.667895794491,2059.45472736368,6.41096066093143
0.162732765906367,32.0470157344315,2050.45022511256,1.25981411795853
0.199789819304597,239.861572264714,2057.05352676338,7.53064309859595
0.168291796781209,142.248489423373,2058.85442721361,3.56459234931411
0.193061890492542,188.713897111146,2056.60330165083,6.18096400912206
0.196865957974765,86.8029067373029,2052.10105052526,4.04726358580055
0.189709962793472,77.8781666899514,2052.4012006003,3.45548239412233
0.177600030236702,137.850416680485,2057.2036018009,4.13584643889464
0.156408869434396,116.812763309537,2059.75487743872,2.6563802799662
0.182745539166843,182.357798872854,2057.95397698849,5.08581265382521
0.153038745201792,58.702892263322,2055.85292646323,1.81770510965577
0.195277592785634,71.6897104985443,2051.35067533767,3.38661416214769
0.185134772318144,169.795155870002,2057.2036018009,5.1543763919685
0.121931721711885,53.1203387141414,2061.55577788894,1.00139076980243
0.181009699950216,202.676282003323,2058.85442721361,5.08945938720186
0.0628615020695835,20.0075491954614,2074.61230615308,0.171951376525164
0.144790523736026,43.4974210223758,2055.10255127564,1.34287197548341
0.192288323118785,137.850416680485,2055.10255127564,5.2122707873163
0.189651733679692,145.95108220696,2055.70285142571,5.18909769996769
0.169550803772435,95.9252483265238,2056.30315157579,3.06158730383464
0.144752238326033,27.7044505118647,2051.80090045023,0.946858746372651
0.165840563758679,49.3198592226458,2052.70135067534,1.90254790066753
0.109045478676902,27.6254638593379,2059.00450225113,0.574064336676968
0.179315378908175,199.803512924483,2059.00450225113,4.9337253903725
0.0675997580457908,102.143819176137,2096.97348674337,0.262998491676357
0.171657744008804,57.7058348295407,2053.00150075038,2.27394945046089
0.177345708529187,292.090909920158,2061.55577788894,5.21202644701234
0.15125202856108,361.838836338464,2068.30915457729,3.03067279885379
0.190303285587717,187.104398804245,2057.05352676338,5.81977109131402
0.198790679622936,310.139612429145,2058.40420210105,8.18659362590185
0.177665952943029,265.069244203032,2060.95547773887,5.12958857882843
0.138378702815635,200.374790595307,2067.70885442721,2.01581674024245
0.146608080225303,108.7655229244,2061.25562781391,2.13296776816461
0.168017054416617,154.087210889582,2059.45472736368,3.62157594313002
0.139780936630477,118.492293811968,2063.50675337669,1.87437339151689
0.14329485804487,31.6831057068923,2053.00150075038,1.04675953833588
0.162555934293575,91.1199807677937,2057.05352676338,2.67729681517675
0.166022089398904,225.258670265764,2062.15607803902,3.85421962709803
0.162176325133754,49.7441155759049,2053.30165082541,1.83619780461025
0.189041184508759,174.214762161505,2056.75337668834,5.58176126671066
0.114941114168105,30.7035198836307,2058.40420210105,0.679681304085203
0.16259240802042,158.097954324508,2060.50525262631,3.3148580753243
0.152801836866757,26.2415972799544,2050.30015007504,0.961093895244134
0.171435067610437,46.449669697604,2051.65082541271,1.90678961486051
0.154120140525346,129.828154893547,2060.95547773887,2.6119614780718
0.0812043195977025,75.0405858042455,2081.81590795398,0.392033496984619
0.166651476899946,75.0405858042455,2055.25262631316,2.55781615588393
0.184376422822603,69.4731909209567,2052.4012006003,3.00322803439475
0.165894072142126,440.62845895929,2066.20810405203,4.34449097953373
0.158699754297674,412.622989971047,2067.40870435218,3.64776041355537
0.104285090296448,29.5848017004904,2060.95547773887,0.545122301985835
0.164609740794144,187.104398804245,2061.25562781391,3.58528674222094
0.112415723211201,26.1667812887399,2057.50375187594,0.593153130022063
0.104771275835427,16.1509010721782,2054.35217608804,0.3748774562818
0.189581023104413,410.273530017305,2061.25562781391,7.34233099491747
0.159945367376112,119.511581158978,2059.30465232616,2.84645539173943
0.125324695024595,54.1926724549798,2060.95547773887,1.07401553799593
0.132612749808997,273.526192291984,2071.6108054027,1.84096392262725
0.199911761972129,229.150752104205,2056.75337668834,7.45217004772172
0.116335719700046,23.2761887260476,2055.55277638819,0.582861285337548
0.179537639538852,278.252253775441,2060.80540270135,5.47038804133142
0.175784617473565,462.542767463096,2064.4072036018,5.5315930128285
0.157851265472038,355.693072685394,2066.65832916458,3.51227038673295
0.145608490128442,28.6700917412485,2051.95097548774,0.985528207052436
0.190850904770009,71.8946855274423,2051.80090045023,3.28256450487226
0.173981115184716,195.291537751597,2059.75487743872,4.422852362855
0.160120185154123,132.827677649963,2059.90495247624,2.97453947093031
0.19431359890862,133.970279981353,2054.65232616308,5.29948424755312
0.19948691583146,284.68093612025,2057.95397698849,7.9757996848364
0.188286633724679,168.828348569507,2056.75337668834,5.40206556021105
0.141059098713287,47.9316313131911,2056.60330165083,1.33921189709557
0.161427837342152,78.9978966982431,2056.45322661331,2.42803803557563
0.199069825055129,186.570955625928,2055.85292646323,6.68598242275301
0.169917849604798,92.166578756556,2056.00300150075,3.0152824612892
0.173789638882987,43.3734078903113,2050.90045022511,1.82855027556386
0.158458406696105,89.828430219171,2057.65382691346,2.48439373287855
0.169667226394398,155.412690710617,2059.15457728864,3.77230750509433
0.06443909385507,13.3388784509161,2066.20810405203,0.152006201993384
0.189187831323293,131.694820316402,2055.25262631316,4.86877508576081
0.183755048319092,150.178214899584,2056.75337668834,4.76597830121979
0.1723588134819,42.1525573787623,2050.90045022511,1.7615435658489
0.0947594461879944,40.1554574096307,2067.55877938969,0.495612610436342
0.11856357562933,129.828154893547,2070.26013006503,1.1621281852198
0.179618798002305,171.745411644177,2058.10405202601,4.70016106279408
0.107443016076402,121.576535435604,2073.71185592796,0.87151532709881
0.15521662933564,198.665839155346,2063.50675337669,2.98998349144333
0.13008297055251,22.5565299682687,2052.55127563782,0.679269954148137
0.160811831456455,79.6774476964939,2056.60330165083,2.41124421487796
0.187692261543512,207.951752710898,2057.95397698849,5.81844629026128
0.13841735805955,61.4467458887652,2058.85442721361,1.46522406088957
0.189007161918905,50.4593350181913,2050.15007503752,2.3311696519299
0.19600811167443,115.486295464133,2053.75187593797,4.9088672592719
0.195599714038833,79.6774476964939,2051.80090045023,3.72927874141872
0.0495316056069253,24.4338115943938,2090.97048524262,0.118749650413279
0.171124557384828,90.6011469873137,2055.70285142571,3.04777776005903
0.159860626823027,133.970279981353,2060.05502751376,2.95517197789535
0.14868334293018,35.5161776044522,2053.00150075038,1.21671156330125
0.17447756028114,75.0405858042455,2054.05202601301,2.8537169870341
0.184420134149341,226.548629734999,2058.85442721361,5.6866567049512
0.198856708997477,253.956838832348,2057.35367683842,7.67999131364433
0.166600683625209,237.137823130262,2062.30615307654,3.97252867224628
0.17682897950213,283.869297781757,2061.40570285143,5.18328600145619
0.188547048450898,100.69601481332,2053.90195097549,4.1073196392511
0.187900731212161,423.363173653855,2061.70585292646,7.12876792445664
0.171190403803681,194.179555001232,2060.20510255128,4.17865186430385
0.195720834053402,419.752404539174,2060.35517758879,8.42863611592368
0.191841658811274,137.850416680485,2055.10255127564,5.20482978455847
0.169166166405208,190.337240548447,2060.50525262631,3.96150248386078
0.197597062511463,238.495809396006,2057.2036018009,7.33643668432884
0.161243878913164,129.828154893547,2059.6048024012,3.00063933062106
0.16441032770832,217.051110634444,2062.15607803902,3.73188830832194
0.143871240431521,127.623048433544,2063.05652826413,2.09331696140599
0.153365532299309,83.4016807844893,2058.10405202601,2.19311576905023
0.197054260357964,85.0853002513967,2051.95097548774,3.99309187431504
0.193365272205513,103.317036233619,2053.45172586293,4.43070863138894
0.116323521539627,129.088918209687,2071.01050525263,1.09390077815745
0.191473551509006,68.4884657586764,2051.50075037519,3.16273538308302
0.172187128379181,100.408925880461,2056.15307653827,3.27131384474038
0.195883059280306,312.807476917087,2058.85442721361,7.78531157013155
0.166631277462285,304.002746397033,2063.80690345173,4.17873279545019
0.174902675707186,98.9857121987332,2055.70285142571,3.37058770843054
0.145251676912799,99.5525607760562,2060.95547773887,2.01281464102454
0.132601893909532,34.9129420987608,2055.70285142571,0.974316007938118
0.096749879299423,154.969602038126,2081.2156078039,0.660447551177619
0.174022020836901,192.523441329724,2059.75487743872,4.35753054922789
0.195019643776235,65.993009463437,2050.90045022511,3.14480505493521
0.0937799491151721,9.30859479724011,2050.15007503752,0.192937438312665
0.189817554100365,136.674721537471,2055.40270135068,5.00604307758155
0.195740989240644,134.353327448273,2054.50225112556,5.40425261276424
0.101156947541644,13.3770169365778,2053.15157578789,0.303149592138631
0.187382346673941,102.435868511275,2054.20210105053,4.08007411414993
0.169383672914397,52.9688902046567,2052.70135067534,2.08732639111194
0.160921327875999,106.309373220534,2058.40420210105,2.76785674613567
0.19415481591078,285.494895092914,2058.70435217609,7.2643144742055
0.156681593343892,63.7702900049803,2055.85292646323,2.00371252447137
0.178010798258286,66.7510007447654,2053.00150075038,2.72696263882515
0.187589144277117,50.8933933022195,2050.30015007504,2.3324137003944
0.15676525679558,231.121939045259,2064.10705352676,3.2081925666035
0.149551570285876,99.8372011920941,2060.05502751376,2.19483422481441
0.197164162947689,238.495809396006,2057.35367683842,7.20209445297257
0.166995983910576,35.112873494103,2050.45022511256,1.4171644195651
0.155866594303415,90.0852674270771,2058.25412706353,2.35360780190223
0.17446996871046,238.495809396006,2060.80540270135,4.74027898271975
0.173493248262104,103.908688439794,2056.15307653827,3.39504398944415
0.124133102381634,53.4245360347261,2061.10555277639,1.04505460204294
0.198242539348277,211.54480082329,2056.60330165083,6.99251027109635
0.105446962914451,16.8095552308392,2054.65232616308,0.390888182058951
0.105444631997539,82.9267947169638,2070.86043021511,0.775101341286288
0.195308846649313,132.827677649963,2054.50225112556,5.33288375343793
0.179908458324447,46.7156669673144,2050.60030015007,2.04916020659418
0.128165429658409,31.0561784540931,2055.55277638819,0.848538794537644
0.166315444724591,223.976055777755,2062.0060030015,3.90012096473773
0.155576044488831,200.947701661722,2063.50675337669,3.01980458739378
0.150291153449412,435.624900563613,2069.80990495248,3.01128726472249
0.191189322720048,120.195972554956,2054.50225112556,4.75588165217653
0.116380507246543,428.225894676495,2081.36568284142,1.22702007445089
0.187008281181547,156.749572495162,2056.45322661331,5.16163153593226
0.171410363138584,200.374790595307,2060.35517758879,4.23270313570079
0.12904364502176,27.7836630028175,2054.50225112556,0.793601449988507
0.047179870821167,6.34934962645816,2058.55427713857,0.0596529557446968
0.197932818433186,111.278419001469,2053.30165082541,4.90345054599017
0.193458546320423,111.915662620741,2053.90195097549,4.66266816712396
0.172278789173935,172.728923709603,2059.30465232616,4.12915677618739
0.181675331414385,71.8946855274423,2052.85142571286,3.00983791484789
0.158896648534477,96.1995175404884,2058.10405202601,2.56056485253536
0.0764488048727127,109.388376269211,2090.07003501751,0.353177380616944
0.194116506862153,187.104398804245,2056.45322661331,6.24165973995183
0.157029473973891,59.7171771322352,2055.25262631316,1.95282674012602
0.192561861185023,126.534580209848,2054.65232616308,4.97102966862562
0.131805373323005,200.947701661722,2069.50975487744,1.73736403697287
0.0691059658628484,14.4078203355768,2065.00750375188,0.178005935473301
0.163614750890411,72.5131337059517,2055.55277638819,2.39401216897215
0.189144538706205,64.5027512796603,2051.35067533767,2.95306177359251
0.187946937496049,181.319460350479,2057.2036018009,5.52787975245508
0.197539427429203,74.4005815562826,2051.20060030015,3.56519585338787
0.16060695860038,53.5772873255519,2054.05202601301,1.89879555447135
0.171973573576761,233.110082413124,2061.10555277639,4.48170254149727
0.145143810624549,46.1851870064512,2055.55277638819,1.39779825221584
0.195492517510582,222.700744448922,2057.2036018009,6.840660231841
0.185128041519171,78.9978966982431,2053.00150075038,3.3412610243754
0.118289809015331,72.5131337059517,2065.30765382691,1.02105573777014
0.109676117387326,26.0177886095861,2058.25412706353,0.560525647489807
0.180526622824447,52.0692237026929,2051.20060030015,2.27380335215958
0.149273062799073,31.6831057068923,2052.10105052526,1.1128498562138
0.193245117693427,66.9418550279182,2051.20060030015,3.14339854457002
0.0582861358622161,57.0505559693807,2097.27363681841,0.18334468515495
0.13628821215031,20.2952171540013,2050.60030015007,0.652928922558611
0.177308146267843,65.2436255554238,2052.85142571286,2.67202750468193
0.140949830104521,48.2061151393427,2056.60330165083,1.34537384766234
0.149207219763,79.9052612422669,2058.70435217609,1.98038635444589
0.198435302894375,96.1995175404884,2052.55127563782,4.42868912010907
0.186364078356284,378.751679379655,2061.40570285143,6.70486579487296
0.157400276691627,75.2551416468733,2056.75337668834,2.23040659909056
0.18927061088685,95.9252483265238,2053.60180090045,3.99980283527305
0.160708756917164,322.787497805884,2065.45772886443,3.67126841261193
0.145201149624709,207.358872775356,2066.05802901451,2.41703738788499
0.181754127422119,89.3169504794641,2054.20210105053,3.47537422921225
0.150475809394778,80.8230477145972,2058.40420210105,2.05919392387233
0.183575777347216,80.5926175177142,2053.30165082541,3.33713701021628
0.160796555862456,35.4149193615458,2051.35067533767,1.36509673017186
0.147306226530608,23.8820457636572,2050.30015007504,0.839073682706213
0.182738844542936,83.4016807844893,2053.60180090045,3.3770722157544
0.198529437533093,488.327485331508,2060.80540270135,9.07200665923622
0.199443426401532,144.706298312936,2054.50225112556,5.88717527387901
0.168974893891017,320.034515968508,2063.65682841421,4.43583446580108
0.106720368056053,31.8645412191112,2060.95547773887,0.593982965877191
0.135079642769108,38.3623486647966,2056.00300150075,1.07335764129014
0.150918046855944,159.913856826124,2063.05652826413,2.57590233849974
0.198008768600169,363.910931644369,2059.30465232616,8.48213140577539
0.124432339421781,17.2470919536917,2051.20060030015,0.500597970479455
0.194463373327856,97.8616795103004,2053.00150075038,4.31974473495537
0.132510305357984,32.0470157344315,2054.95247623812,0.922998967324382
0.165293660725974,98.4220912361207,2057.2036018009,2.87642420688523
0.138071286860882,25.5758814301686,2052.25112556278,0.825226043676548
0.168193151245305,40.8492745502271,2051.20060030015,1.65278403807988
0.133811930457764,19.3336722306986,2050.60030015007,0.609122520013045
0.0643285771339863,13.8432741205849,2066.95847923962,0.154587229515653
0.184052355080203,124.030785995703,2055.70285142571,4.34463042345189
0.153495717657021,191.427220017401,2063.65682841421,2.84829637907282
0.169991616878682,151.038220910248,2059.00450225113,3.72698677289275
0.167521329255274,169.795155870002,2060.05502751376,3.73550800657979
0.188865517501691,95.6517610666028,2053.60180090045,3.98950673552418
0.199891629637485,106.613332696677,2052.85142571286,4.8711987913428
0.107955125009416,11.7306218016376,2050.15007503752,0.287084902841749
0.137568875410579,33.4492990176817,2054.50225112556,1.01254977760166
0.16950534625526,344.695669379721,2063.95697848924,4.56943267937293
0.177176408811643,193.073903839277,2059.15457728864,4.68365408018011
0.199694878635942,147.206573906801,2054.50225112556,5.99774591121641
0.152875082352195,108.146216083362,2059.90495247624,2.42123727343899
0.132315004869185,33.3539335399351,2055.40270135068,0.94293748875737
0.17430255771382,40.2702697862705,2050.45022511256,1.70313733409512
0.192727195198899,54.3476199994081,2050.15007503752,2.56564655727147
0.1879597294225,93.2251978996342,2053.60180090045,3.86767480660116
0.14969935555707,61.7986249601431,2056.75337668834,1.77706140359501
0.138258937108638,32.3226886629966,2054.05202601301,0.999937823747527
0.193854582225134,136.674721537471,2054.8024012006,5.33411519734745
0.190103493902994,80.3628442878367,2052.55127563782,3.55589161701788
0.1957431974165,243.31029495191,2057.65382691346,7.08407931295462
0.114360092671025,36.0268281697364,2060.05502751376,0.730886491658079
0.194874699418578,69.2751196836713,2051.20060030015,3.27700709216925
0.195616030806018,83.879286320166,2052.10105052526,3.8830424724735
0.139177645140307,279.047831876704,2069.80990495248,2.17156588389412
0.182697523333822,254.682951548058,2059.90495247624,5.60185200969139
0.171627664124589,92.9594086066799,2055.85292646323,3.09139134142571
0.103110156475842,28.102784292947,2060.80540270135,0.518351832173592
0.166458844847369,49.3198592226458,2052.70135067534,1.91188211180468
0.186016906748361,105.402684530271,2054.50225112556,4.09086131981118
0.19449175773383,484.162650240476,2061.40570285143,8.31095295295984
0.187026443281626,480.033336089501,2062.60630315158,7.06847939302734
0.156883174453021,35.0127650896174,2051.80090045023,1.30293243236614
0.131364748926464,100.408925880461,2064.25712856428,1.50745775832871
0.129277118524933,22.0471570262537,2052.55127563782,0.660175599938324
0.182557106172587,413.802760522569,2062.60630315158,6.23352742092972
0.110532621805891,419.752404539174,2083.91695847924,1.03999042722921
0.194633980146949,491.123926698441,2061.40570285143,8.42772420934458
0.199365212557387,218.294068941623,2056.60330165083,7.22755420498847
0.194546799023749,59.5469207354154,2050.45022511256,2.83401737387866
0.182189133141013,153.647901220541,2057.05352676338,4.71557431644538
0.114919213276031,43.7465120343619,2061.70585292646,0.803555192264196
0.195437836707708,132.071361795121,2054.50225112556,5.30982166643669
0.142848863441925,63.4071843461906,2058.25412706353,1.60241158770772
0.191028612163379,82.4546126330393,2052.55127563782,3.66516204399991
0.164546388428823,36.8591845336176,2051.05052526263,1.46013469414423
0.197275391686723,179.773027528574,2055.85292646323,6.4235050520683
0.106727538102224,140.633186078673,2075.51275637819,0.861355330211509
0.129266258983686,191.427220017401,2069.95997999,1.61059978977633
0.15107319301523,194.179555001232,2064.25712856428,2.71805283414339
0.129440002164405,44.6296174895226,2058.40420210105,1.06210670768643
0.149633427366259,191.974548213904,2064.55727863932,2.61021453504804
0.164197671966185,57.377259952899,2053.90195097549,2.08881765215272
0.186993132292946,62.5084398223343,2051.50075037519,2.81796896703703
0.170329218037431,286.3111813349,2062.75637818909,4.45586361511662
0.169371120053084,51.1848378647497,2052.55127563782,2.02668166995319
0.176807260392566,96.1995175404884,2055.25262631316,3.41746986911246
0.188530240273221,85.3285759147596,2053.00150075038,3.66436819598086
0.150807707867334,110.014796427096,2060.50525262631,2.31969063047003
0.137090493243956,25.7958887529382,2052.55127563782,0.820914183579236
0.177097632152232,185.508627545747,2059.00450225113,4.57630080248666
0.175598510657857,357.729973847559,2063.05652826413,5.2189960542022
0.182101785891715,145.120042174812,2056.75337668834,4.5924872460273
0.149023148654472,66.3709230299172,2057.35367683842,1.82457019328007
0.17187490833265,109.388376269211,2056.75337668834,3.38379274850985
0.146225661529288,130.199359207472,2062.60630315158,2.22811229084474
0.196559378816179,334.038286413928,2059.15457728864,7.96592558736481
0.199148292849745,425.787592363848,2059.90495247624,9.06100515947639
0.199766621482074,192.523441329724,2055.85292646323,6.91669651830072
0.176252919539861,48.8992212562289,2051.35067533767,2.07848791389307
0.174639293412097,57.7058348295407,2052.55127563782,2.35337916115008
0.162094747009013,32.8811690507501,2050.60030015007,1.28576153565663
0.142436250027151,38.8029760290526,2054.65232616308,1.20551780285157
0.175292994364772,234.445003541036,2060.65532766383,4.73930283677802
0.141879796013481,60.7489870966869,2058.10405202601,1.54470004825889
0.171924538665417,75.9024969407108,2054.50225112556,2.7795429100828
0.121659948741771,30.9676358722681,2056.90345172586,0.765829232247164
0.107529375453769,32.9751828015312,2061.10555277639,0.611582301216534
0.104612742636098,62.1525190915389,2068.30915457729,0.714837567796727
0.146671414674523,36.1298359806739,2053.45172586293,1.20702093406616
0.183200304373615,58.3686401787467,2051.50075037519,2.57275146938911
0.18063580183518,107.223861374204,2055.25262631316,3.85878993636974
0.175476357095554,375.521391647648,2063.35667833917,5.24841368075624
0.175284935723335,148.049562608282,2057.95397698849,4.1032117916383
0.174972456684595,214.586385796944,2060.20510255128,4.59452847715647
0.198504141304144,414.985904270902,2059.90495247624,8.85090077583592
0.0852440525390889,41.4366042277854,2072.06103051526,0.394954900215005
0.161023647501642,58.3686401787467,2054.50225112556,2.02527815459917
0.176228697350339,74.6133075004729,2053.90195097549,2.88799772828276
0.170386382972199,196.409888348655,2060.50525262631,4.08005806905452
0.125953326663433,167.867046233813,2069.95997999,1.45547671177951
0.169587796952751,75.9024969407108,2054.95247623812,2.67051832664801
0.191443490971784,148.049562608282,2055.55277638819,5.3682304634446
0.197336045429877,501.038184970887,2061.10555277639,8.92105533873157
0.122007250532121,28.2637168451449,2056.00300150075,0.72766692063019
0.181896321946454,86.3086542157408,2053.90195097549,3.42291340529083
0.145582934512078,29.3324795929199,2052.10105052526,1.00510248048013
0.150012303244997,24.998325308414,2050.30015007504,0.89688762401032
0.192696324270697,326.495013360152,2059.6048024012,7.36134553794503
0.0989539570471304,52.5171304752045,2068.75937968984,0.595034601261621
0.16413588053874,66.5606905958823,2054.95247623812,2.28676380428533
0.140603316475586,191.974548213904,2066.8084042021,2.10859712975081
0.195880044547508,133.58832460024,2054.50225112556,5.36914834501411
0.129493323038447,27.7044505118647,2054.35217608804,0.796372778365967
0.162307915003518,40.3854104341511,2051.95097548774,1.55489848318097
0.153612515319323,79.6774476964939,2057.80390195098,2.14769702562872
0.163563101521061,51.0389075565009,2053.30165082541,1.90071296949672
0.172449439112062,50.8933933022195,2052.10105052526,2.0800550806941
0.100703714497774,32.5077867915739,2063.05652826413,0.527904919712122
0.165959140418488,65.2436255554238,2054.50225112556,2.32565937963217
0.11026546133594,28.1831356987834,2058.85442721361,0.593973024825856
0.181764883042275,102.728752873094,2054.95247623812,3.80067963918341
0.182859635898756,273.526192291984,2060.20510255128,5.7880169972827
0.168103296585311,57.8708271984527,2053.45172586293,2.19570089360299
0.171256026579359,431.909553942967,2065.00750375188,4.8721600897435
0.181516416058805,129.088918209687,2056.30315157579,4.26011659028932
0.136398783165064,107.837886286739,2063.50675337669,1.71880894045833
0.189449366389653,404.458241226478,2061.25562781391,7.23972896595015
0.18212495486118,77.4347313061845,2053.30165082541,3.18302709173118
0.194144223592889,319.122082960731,2059.30465232616,7.48065977282718
0.17613499873667,56.8879022311707,2052.25112556278,2.36599914378553
0.188783852808533,63.7702900049803,2051.35067533767,2.91277136991183
0.168200285961508,133.58832460024,2058.55427713857,3.4522680388724
0.198970106609469,103.612440027837,2052.85142571286,4.7149587384776
0.141532689002928,98.4220912361207,2061.70585292646,1.85475912878498
0.167908071529747,43.3734078903113,2051.65082541271,1.74401056072137
0.171220400671809,49.6022928326398,2052.10105052526,2.00897610701302
0.162264812279559,99.5525607760562,2057.65382691346,2.77733093873627
0.168450893105412,105.704051604532,2057.05352676338,3.156023754652
0.199610161288596,286.3111813349,2057.95397698849,8.02422714399663
0.148496135424014,56.5639846323139,2056.30315157579,1.6674446967586
0.172710992530122,239.861572264714,2061.25562781391,4.5171977532945
0.177369855055922,147.627466549981,2057.65382691346,4.2329458785844
0.173414334011052,403.305112325848,2064.10705352676,5.11774681396287
0.19258206417788,107.837886286739,2053.75187593797,4.51813080938722
0.153574795930561,66.1816964999415,2056.60330165083,1.9525906026821
0.154202006354112,28.7520651910268,2050.75037518759,1.06336912345433
0.138707836455231,114.501338871824,2063.50675337669,1.81625602931814
0.0887073054486878,43.4974210223758,2071.01050525263,0.4372475147956
0.10424259797539,159.003313274763,2077.76388194097,0.817901291183478
0.197066441286709,258.344775594122,2057.80390195098,7.37954859652886
0.199479661834429,286.3111813349,2057.95397698849,8.03041826939944
0.147248449234955,108.455427455716,2061.10555277639,2.15924652082526
0.174602105718755,150.607604050759,2058.10405202601,4.1049963753083
0.178019743692212,221.432694695349,2059.75487743872,4.99533976779631
0.198972634170954,75.6860954586023,2051.20060030015,3.66336270553173
0.195484543037345,223.337489823001,2057.2036018009,6.8579342325241
0.180564664474585,58.2022285223133,2051.80090045023,2.50929248996879
0.190571642156902,492.528146918714,2062.15607803902,7.64985992673591
0.174848534756301,137.850416680485,2057.65382691346,3.9377584282723
0.15207130690567,51.9207719700668,2055.10255127564,1.66766929742824
0.120584810169152,168.828348569507,2071.76088044022,1.27491040033771
0.114138416591629,22.3641504066718,2055.55277638819,0.550251119690135
0.198982840220095,154.969602038126,2054.8024012006,6.14540697798651
0.146281267533527,167.867046233813,2064.4072036018,2.35956497472115
0.167590432449296,63.9526218479422,2054.05202601301,2.35173098457802
0.176631366088539,308.373689014353,2062.0060030015,5.18938431509567
0.194888127644416,120.195972554956,2054.05202601301,4.98256604358679
0.197382273248808,200.947701661722,2056.45322661331,6.73998248448672
0.198791822219305,147.627466549981,2054.65232616308,5.93183063451151
0.170839746594056,38.4720341896994,2050.60030015007,1.59302299174687
0.198260301006192,61.9753194236718,2050.30015007504,3.01234982467683
0.199700127694674,115.486295464133,2053.30165082541,5.13132694148837
0.170151956482511,231.121939045259,2061.40570285143,4.29916742095716
0.179053138397243,174.214762161505,2058.25412706353,4.68313197583456
0.19015233107489,53.1203387141414,2050.30015007504,2.47129960318186
0.143832226429823,127.259189299189,2063.05652826413,2.08893559816165
0.18047555334294,156.302672311703,2057.50375187594,4.57109456617252
0.137233086054123,28.8342730190739,2053.30165082541,0.904675470906843
0.139277314457992,220.171865169897,2068.00900450225,2.12412756361975
0.181306572575253,64.8721307788236,2052.4012006003,2.76142171090727
0.195432654711586,105.10217666729,2053.30165082541,4.59246625810672
0.188984178229337,89.0623037782329,2053.15157578789,3.80428621077313
0.132841954020966,39.9268137290769,2056.75337668834,1.06147014185557
0.170845310588673,271.193349029637,2062.30615307654,4.48204435788981
0.194421722120487,86.8029067373029,2052.4012006003,3.94998314309266
0.0854839177356648,17.0026286550031,2060.65532766383,0.278662823827265
0.16186333163587,54.1926724549798,2053.90195097549,1.94927864885771
0.18370281684806,111.596585960046,2055.10255127564,4.10815877514812
0.199729161912464,255.411140363306,2057.35367683842,7.72683929268684
0.125991435643947,41.6738938288184,2058.55427713857,0.96868141502273
0.167831292731097,62.6871637866222,2053.90195097549,2.32683063419189
0.172219886492962,54.8151258567378,2052.55127563782,2.20466764335564
0.18026709994526,124.741056933035,2056.15307653827,4.15336614308815
0.186954771662106,302.271766069113,2060.05502751376,6.46851359912537
0.185775375948811,50.8933933022195,2050.45022511256,2.3094122427956
0.164459496649683,43.3734078903113,2052.10105052526,1.68732359084144
0.190533234228398,132.071361795121,2055.10255127564,4.97118073754243
0.176004334304553,63.2264075704337,2052.85142571286,2.56869568894441
0.183401466819995,89.5723252658637,2053.90195097549,3.57912563128842
0.196897396771364,147.627466549981,2054.95247623812,5.7380745435086
0.183951076654157,323.710410958003,2060.95547773887,6.15879095271984
0.16347901781533,111.278419001469,2058.25412706353,2.94684585489913
0.179180864461825,84.8427181780503,2054.20210105053,3.2705294906474
0.173198974457833,66.5606905958823,2053.60180090045,2.57363680839667
0.0772298108683897,9.04658165894228,2053.90195097549,0.150487586964452
0.168757017360925,35.112873494103,2050.30015007504,1.43336144587759
0.185975548573239,68.8806697294918,2052.10105052526,3.0330291703262
0.106406208073009,192.523441329724,2078.51425712856,0.892217663851759
0.140639032087123,22.3641504066718,2050.75037518759,0.745294575197386
0.183589751611076,491.123926698441,2063.35667833917,6.55945746483683
0.145504392712992,130.199359207472,2062.75637818909,2.1965983594184
0.191407186298177,419.752404539174,2061.10555277639,7.63301119769764
0.196579821961668,105.402684530271,2053.15157578789,4.6694552218838
0.137703992899519,25.7223434970713,2052.4012006003,0.825668552686822
0.170514583153047,195.291537751597,2060.35517758879,4.13147239863109
0.133038259580506,39.4734246208958,2056.60330165083,1.05888138242931
0.0806395311200898,18.1048624543974,2063.35667833917,0.260309234594325
0.129895384679911,119.853288352819,2066.05802901451,1.51614791388774
0.190901294359006,136.285055670081,2055.25262631316,5.06663373174442
0.180634660946066,349.651693656323,2062.0060030015,5.79766586034022
0.157130585348557,183.926466260749,2062.60630315158,3.06033422570472
0.178416776033765,332.136284838588,2062.0060030015,5.55481518312754
0.156713039310707,405.614667150184,2067.70885442721,3.50107232609415
0.175112918122018,54.0381666730708,2052.10105052526,2.24454796337031
0.135156811806589,29.9246107489204,2054.05202601301,0.905680935355434
0.13055134272422,19.7239586928926,2051.35067533767,0.60280749565488
0.139506726899692,129.088918209687,2064.10705352676,1.9213977402379
0.165439826270558,124.38541448795,2058.55427713857,3.20672074561203
0.192510462701626,132.448979880231,2054.8024012006,5.14488052680766
0.164771298972731,72.5131337059517,2055.25262631316,2.45368046577492
0.195376834942297,156.749572495162,2055.40270135068,5.82751270798648
0.127459307687293,34.3199524331307,2056.60330165083,0.892220958414004
0.193887660074612,71.4853198628063,2051.50075037519,3.33971524485368
0.173986253630279,105.402684530271,2056.15307653827,3.451334121268
0.179125861843044,155.857046261058,2057.65382691346,4.47692523771327
0.0924372300666449,43.9970294833825,2069.50975487744,0.481766456480327
0.155533715235568,53.1203387141414,2054.8024012006,1.76658298363818
0.140332627642106,26.7713331750551,2052.25112556278,0.879872628948134
0.15852655011396,110.961159151409,2059.00450225113,2.72022487476696
0.13200162473039,42.6367188261426,2057.35367683842,1.09362694885881
0.148347211203325,397.588595106487,2069.80990495248,2.80868139474883
0.160186724472327,406.774399523803,2066.95847923962,3.7794360832601
0.0978037202659409,11.3355211455182,2051.80090045023,0.248559938066629
0.117332700250356,20.9427294613663,2054.35217608804,0.546393228474361
0.0892787431027933,25.7958887529382,2064.55727863932,0.371400238866636
0.174523784087417,110.961159151409,2056.45322661331,3.54487959315793
0.165844535702533,40.7328114045861,2051.50075037519,1.61668996462361
0.0838743503654112,24.998325308414,2066.35817908954,0.323721812831102
0.164648239390982,43.2497483253448,2052.10105052526,1.68496439010989
0.160599732513328,36.0268281697364,2051.50075037519,1.38476635435012
0.183231083975659,308.373689014353,2060.80540270135,6.00217292853729
0.196085730077567,86.5554276894931,2052.25112556278,3.99451559574867
0.13927243428367,308.373689014353,2070.56028014007,2.18585957232727
0.173023740611544,144.706298312936,2058.25412706353,3.87616312822708
0.161152105222432,41.6738938288184,2052.25112556278,1.58156755300569
0.176503025709405,164.076262308813,2058.40420210105,4.33824447760625
0.181635774466615,66.9418550279182,2052.55127563782,2.83407713146471
0.106939380927263,128.720879813715,2074.46223111556,0.866586525061602
0.180832762393721,110.32935043938,2055.40270135068,3.92753809971026
0.145532339117174,199.803512924483,2065.75787893947,2.40892840043064
0.19873068826821,198.665839155346,2056.15307653827,6.89561820335088
0.16640622452384,130.571624867781,2058.70435217609,3.32031731041315
0.181356840811324,168.828348569507,2057.80390195098,4.78116244959992
0.182789990883536,66.5606905958823,2052.4012006003,2.8562568768688
0.15300419370104,45.2713008275569,2054.05202601301,1.53575740709415
0.155355114451428,43.9970294833825,2053.45172586293,1.55258953460554
0.147194264271236,131.694820316402,2062.45622811406,2.28555517756725
0.199620060496031,310.139612429145,2058.25412706353,8.35857182748718
0.0643973441199095,12.2789271392136,2064.70735367684,0.145136085852536
0.187187021402143,316.400362620668,2060.35517758879,6.49478602012962
0.0678977643139094,104.50372878355,2096.97348674337,0.266838554025151
0.193833174652832,484.162650240476,2061.40570285143,8.33949123503239
0.177891001194855,44.2489815380287,2050.60030015007,1.91490263416834
0.0573896375841265,10.2282860659776,2065.00750375188,0.109566168997665
0.196884814316962,99.5525607760562,2052.85142571286,4.48500139608388
0.187977968159406,156.749572495162,2056.45322661331,5.16564615526344
0.138929595901435,53.4245360347261,2057.80390195098,1.37379453420632
0.16723945665218,147.206573906801,2059.30465232616,3.513864791825
0.168522391667638,69.4731909209567,2054.50225112556,2.50223900417754
0.158439408998491,34.8134037078059,2051.50075037519,1.3168113882649
0.176206786409903,107.837886286739,2056.00300150075,3.5988535723507
0.183321291269961,46.0535109309268,2050.15007503752,2.06237618630428
0.174083235028138,50.3154731516617,2051.80090045023,2.09303703883389
0.180811537802741,374.450763025516,2062.30615307654,5.93944701942374
0.188059935065289,231.121939045259,2058.40420210105,6.12560959354032
0.176332438901175,45.2713008275569,2050.90045022511,1.93718443763117
0.164075978935149,43.2497483253448,2052.10105052526,1.67932181024384
0.124858866564602,20.5283266572726,2052.70135067534,0.589864635330238
0.189001459248554,89.828430219171,2053.30165082541,3.81414925411998
0.154973702035521,42.0323785143101,2053.30165082541,1.48823938582157
0.149897701995144,172.236465666715,2063.65682841421,2.59942602696741
0.158622759426962,54.9718531182709,2054.50225112556,1.88389784727915
0.142145382827797,77.8781666899514,2059.90495247624,1.7229510266391
0.149358789691285,213.364538899651,2065.30765382691,2.65577599252381
0.194300878721033,450.808647461979,2060.95547773887,8.30920039195728
0.101244737808707,13.5693512957692,2053.30165082541,0.307610519991206
0.147959529928445,450.808647461979,2070.71035517759,2.83538052716436
0.138598669832025,158.097954324508,2065.90795397699,1.94740595737367
0.183359576279764,91.903807635082,2054.05202601301,3.63946782425725
0.0830540327058681,24.4338115943938,2066.35817908954,0.315596090050621
0.18744610790599,311.026362781155,2060.20510255128,6.51526487785455
0.136438189947422,20.2952171540013,2050.60030015007,0.654749579684751
0.128996404603176,21.5492867752298,2052.4012006003,0.644161603102954
0.179543627767874,56.7257122261899,2051.80090045023,2.43164142123789
0.179959032213671,244.005967097775,2060.05502751376,5.28428304276253
0.19567091430031,96.4745709442574,2052.85142571286,4.3188363628356
0.181601101210556,93.7590584904834,2054.50225112556,3.57685865583446
0.177026052111852,128.353890712003,2056.90345172586,3.96029142121224
0.0777581407512364,17.3458586273837,2063.95697848924,0.239009038062928
0.198972972396223,112.556555459996,2053.30165082541,4.98493041456801
0.171801548504616,362.873404973477,2063.80690345173,4.85386325244322
0.166884308179965,89.5723252658637,2056.30315157579,2.83203145753083
0.179681746853142,230.462999851253,2059.75487743872,5.18634186274668
0.190887287163164,88.555186333978,2053.00150075038,3.84814137170277
0.158689433917496,80.1337261519219,2056.90345172586,2.35795801681602
0.183282918024153,133.58832460024,2056.15307653827,4.48313853113029
0.123954739968503,78.9978966982431,2064.4072036018,1.18750926758891
0.177544569200259,417.362349964123,2063.50675337669,5.64297387737717
0.13827612114968,208.54632780717,2068.00900450225,2.02743996539372
0.193998886286715,96.1995175404884,2053.00150075038,4.24800656543183
0.197281438007315,146.368385151623,2054.8024012006,5.77689827917936
0.0914176956079655,30.5286951837017,2065.75787893947,0.417168452400086
0.138464740724431,120.884283165946,2063.95697848924,1.83204844350886
0.183848004743263,323.710410958003,2060.95547773887,6.1600043959822
0.18286443589574,56.241911408214,2051.35067533767,2.48275418949601
0.0496574880169354,5.52040719177953,2052.70135067534,0.0547938913145457
0.143988316018535,274.308257650869,2068.30915457729,2.45393195776722
0.193101880266221,203.255773487829,2057.05352676338,6.33906540790843
0.139859682282605,63.0461461975131,2058.85442721361,1.51133119944611
0.117247078981777,138.244558223897,2071.16058029014,1.14561543734759
0.19561473437707,306.617820701786,2058.85442721361,7.63059049138099
0.190041851222601,139.433757322484,2055.40270135068,5.10703999219426
0.168905274507645,91.380510773581,2056.15307653827,2.94316865694418
0.188702155194297,178.749406598071,2057.05352676338,5.5438598165778
0.116910674284052,121.229915185701,2070.26013006503,1.09941354484223
0.199229063998314,210.340272597677,2056.45322661331,7.0746501196592
0.13852248222474,83.879286320166,2061.25562781391,1.64585553215643
0.175944054714955,42.5151595953122,2050.60030015007,1.81692469576142
0.09724129421874,122.622353862071,2078.51425712856,0.654163306062402
0.179227916783662,248.221969935277,2060.20510255128,5.27677070867592
0.186285470961206,324.635962900942,2060.50525262631,6.53636358500919
0.0961480969899758,15.5180551692839,2056.15307653827,0.318427523685525
0.12291922652901,27.1562506222958,2055.55277638819,0.714493839918357
0.157303627205628,28.7520651910268,2050.30015007504,1.08867812523266
0.194755838057459,349.651693656323,2059.6048024012,7.85258483481081
0.191555071852442,199.233863992366,2057.2036018009,6.10392317045241
0.193470495692321,70.4720744328873,2051.35067533767,3.29817310478335
0.184381971217921,148.049562608282,2056.60330165083,4.77554129729592
0.143962972906521,33.1640174832526,2053.30165082541,1.09139349132636
0.1586617360365,61.6224342605923,2055.25262631316,2.02757557225792
0.186826229148895,95.1071234977009,2053.75187593797,3.89515344628071
0.195388130400816,210.340272597677,2056.90345172586,6.69027855225429
0.172142915096685,220.801379979092,2060.80540270135,4.40990765435121
0.161830064383502,71.6897104985443,2055.70285142571,2.32354183926885
0.157215646212218,106.613332696677,2059.00450225113,2.61079534571348
0.173986353911652,329.303569303107,2062.75637818909,5.04799397261625
0.162225983370792,152.77303578728,2060.35517758879,3.25749013958852
0.103314907794144,11.1112203084553,2050.45022511256,0.258770069234393
0.150554512175495,91.380510773581,2059.30465232616,2.15528853658404
0.181744720580156,83.6401426475665,2053.75187593797,3.34380317502232
0.170687687395231,139.433757322484,2058.40420210105,3.67145148216035
0.159844496926632,30.7913073057259,2050.45022511256,1.18730987755514
0.0393687848532095,8.61797354889383,2075.36268134067,0.0583738170441241
0.195047319096721,113.849372508176,2053.75187593797,4.81833949242646
0.160984652650166,292.090909920158,2064.70735367684,3.67118609596487
0.18660088601927,202.676282003323,2057.95397698849,5.66528012762767
0.124645735539886,84.8427181780503,2064.70735367684,1.24094168776785
0.15942373988079,124.030785995703,2059.6048024012,2.86463127757549
0.180785551363257,160.371082098708,2057.50375187594,4.68968653746107
0.0603932468253677,6.53324372972246,2053.00150075038,0.0816588368854009
0.0919743758414376,23.2761887260476,2062.30615307654,0.376325190308358
0.190330069718691,411.446582999198,2061.10555277639,7.50590562960436
0.192171509675514,89.5723252658637,2052.85142571286,3.94931558186103
0.173092492906795,150.178214899584,2058.40420210105,3.95961342001134
0.176691349544174,117.817603099369,2056.45322661331,3.78775507769493
0.179591217044824,133.207458191346,2056.75337668834,4.18677472264222
0.128478880680586,38.0351648369497,2057.2036018009,0.963845683827391
0.114064589986487,17.5450919963968,2053.30165082541,0.452611216732216
0.13972196230438,62.5084398223343,2058.70435217609,1.51350299199061
0.163223421655359,58.8707354161872,2054.20210105053,2.09877506245153
0.193924526438937,384.197359974329,2060.20510255128,7.92684943253554
0.19420709832499,498.185292186199,2061.55577788894,8.36657411957874
0.148672073371407,269.649184189692,2067.10855427714,2.69722199256141
0.114026313268903,30.441656480749,2058.55427713857,0.665119443150452
0.159002438342328,59.0390584657472,2054.95247623812,1.98039357514682
0.197729868716421,63.7702900049803,2050.45022511256,3.08986033729315
0.179237428622004,81.054136756884,2053.90195097549,3.1790816239798
0.189410931982087,382.009754500246,2060.95547773887,7.14731498463326
0.181443314356592,140.232234448257,2056.75337668834,4.42487465980292
0.192535160906416,323.710410958003,2059.6048024012,7.29827548782426
0.123158411236014,481.405846122708,2079.41470735368,1.4990352719981
0.194631825237924,75.6860954586023,2051.65082541271,3.53664168542239
0.137896707559406,212.149649153133,2068.15907953977,2.03309833711265
0.155168856515452,79.4502836575348,2057.50375187594,2.20424551234626
0.180010343757957,292.090909920158,2061.10555277639,5.49848755364386
0.179705424741751,59.5469207354154,2052.10105052526,2.53172412488514
0.18692543969831,66.3709230299172,2051.80090045023,2.96410358371873
0.191414166132362,129.458008900059,2054.95247623812,4.94628963326383
0.173979184185316,198.099433783055,2059.90495247624,4.40380012247241
0.114734632484426,18.5231534404957,2053.60180090045,0.47945831549511
0.159342863933235,66.1816964999415,2055.55277638819,2.14423925012219
0.177074964065257,129.458008900059,2056.90345172586,3.99854503410361
0.174532766562423,380.920627259567,2063.50675337669,5.23778851432806
0.172723957563023,57.2136747667249,2052.70135067534,2.2980935686251
0.188903108178109,213.364538899651,2057.95397698849,5.96964226655359
0.197800637584237,491.123926698441,2060.95547773887,8.93682976113914
0.187789272449455,213.364538899651,2058.10405202601,5.85984585102767
0.196845448308067,203.255773487829,2056.60330165083,6.70367446968947
0.173073869490385,57.7058348295407,2052.70135067534,2.32295351088836
0.141079858866893,126.534580209848,2063.65682841421,1.9638800291965
0.185396723249848,92.9594086066799,2053.90195097549,3.74747473968387
0.188238078025996,51.0389075565009,2050.30015007504,2.34899425571499
0.182131731912654,85.8172159496483,2053.90195097549,3.4086714182419
0.142485124077388,32.9751828015312,2053.45172586293,1.07011782845419
0.118093647084714,30.0959761172465,2057.50375187594,0.707338538695003
0.194458052962057,116.147635781134,2053.90195097549,4.85991481649784
0.199309803353287,140.633186078673,2054.35217608804,5.79283552138277
0.18301716079383,61.7986249601431,2051.95097548774,2.69195666137769
0.188339316318269,222.065814464958,2058.25412706353,5.99334693488671
0.195083696863151,246.104940683791,2057.80390195098,7.02760688079796
0.195548667953485,202.676282003323,2056.75337668834,6.55726933140366
0.181607492957471,86.062584304422,2053.90195097549,3.41156967580448
0.128682807949485,100.408925880461,2065.00750375188,1.41354924383111
0.189912520432358,200.374790595307,2057.35367683842,6.01820623814836
0.119906646074213,16.7616304218783,2051.65082541271,0.465868805434698
0.161563875614894,73.3460146971022,2055.85292646323,2.35101606504068
0.151616447306531,101.272657557724,2059.75487743872,2.29426277172049
0.129620038069793,19.7239586928926,2051.50075037519,0.599111469756056
0.169704290876305,137.065501536469,2058.40420210105,3.60584801287171
0.184855323778189,477.300044132883,2062.90645322661,6.79246729763844
0.188507119354593,294.603516935183,2059.75487743872,6.54504586527559
0.191563139148349,197.534643258324,2057.05352676338,6.14144290214994
0.190719411163316,78.1008357362733,2052.25112556278,3.50319131474613
0.180046461510225,176.719616928519,2058.25412706353,4.7583832520129
0.146945622968332,36.2331383112695,2053.45172586293,1.21185386805666
0.182346519712522,103.022474649097,2054.8024012006,3.85688924962626
0.180931028199563,194.179555001232,2058.55427713857,5.05492112998104
0.127737833455189,26.4673311839266,2054.35217608804,0.751005466681077
0.193642330150812,189.794580390807,2056.60330165083,6.22665967716948
0.136165543292166,127.623048433544,2064.85742871436,1.77657138899691
0.185106941363893,59.8879203256902,2051.50075037519,2.6683081512324
0.167391552098676,209.740582882953,2061.40570285143,3.92864783037745
0.192427236006467,88.0509563975839,2052.70135067534,3.90837593092384
0.158562517528602,128.353890712003,2060.05502751376,2.83226718740074
0.119730442670638,351.65399844057,2078.21410705353,1.33901286275303
0.141109491464333,165.015856456254,2065.45772886443,2.10699449872247
0.184496208057172,167.388449625449,2057.2036018009,5.07496380552515
0.156824236515514,53.8841013941959,2054.65232616308,1.81471680353436
0.172047867973886,307.49450155629,2062.75637818909,4.75532331323336
0.149814760495681,94.2959762712007,2059.6048024012,2.16238070634444
0.140473889184513,33.6408487589469,2054.05202601301,1.0561668115693
0.193684371422833,86.8029067373029,2052.55127563782,3.90778786104242
0.180746237021971,187.639367201873,2058.40420210105,4.97132478475443
0.180330099602262,42.7586256188013,2050.15007503752,1.88084187269909
0.189737079624689,58.3686401787467,2050.75037518759,2.70291349014843
0.144324556136426,35.2132681282715,2053.60180090045,1.15142254975646
0.0964932422598835,72.3063954530777,2073.26163081541,0.594751293935061
0.139137231745706,143.063085308626,2065.00750375188,1.93861519793324
0.166601026128994,60.0591517076283,2053.90195097549,2.2139345520467
0.148230180966614,62.3302254082234,2057.05352676338,1.74576921477676
0.152731933319084,188.713897111146,2063.65682841421,2.81701512530712
0.130067863837223,67.3252022246303,2061.55577788894,1.28255311567784
0.165416968160173,32.8811690507501,2050.15007503752,1.31327507093065
0.190542739492191,410.273530017305,2061.10555277639,7.48300852915027
0.194067290293979,110.32935043938,2053.75187593797,4.65470762446225
0.163112882218263,106.918161252944,2057.95397698849,2.90657342222163
0.174364070020205,109.076505017221,2056.30315157579,3.53008403235842
0.095205415866012,13.187408758242,2054.35217608804,0.276269563834757
0.176364069784768,44.1228256726414,2050.75037518759,1.89142840238459
0.135555605814742,61.7986249601431,2059.6048024012,1.38367063727677
0.120236211384628,144.293734053689,2070.56028014007,1.23602060686936
0.101857280816089,17.4451908953138,2056.00300150075,0.379804558636118
0.133975908239484,247.514277772952,2070.41020510255,1.89000836270937
0.141851962478929,133.207458191346,2063.80690345173,2.02979574654445
0.143472223678364,390.835628616193,2071.01050525263,2.49330914026509
0.18482128289606,98.4220912361207,2054.20210105053,3.87933883083283
0.161174305004672,113.524782752359,2058.70435217609,2.87066357551024
0.14664365298888,59.5469207354154,2057.05352676338,1.65893239657875
0.180490457540338,52.9688902046567,2051.35067533767,2.30978806853727
0.193326459399716,230.462999851253,2057.65382691346,6.70249647906764
0.196771735410879,359.778539466142,2059.45472736368,8.22247097293963
0.188066997888333,109.701139222652,2054.50225112556,4.29536489132139
0.178205407422533,67.3252022246303,2053.00150075038,2.75275643198908
0.131577913018311,59.8879203256902,2060.20510255128,1.27176840178675
0.193102751310127,74.8266416701151,2051.80090045023,3.44960590855319
0.193801908882491,505.3481857809,2061.70585292646,8.3003922688661
0.126609548851577,70.0708090628971,2062.60630315158,1.2239723858649
0.195577833147988,153.647901220541,2055.25262631316,5.78419370378765
0.101728669788607,133.58832460024,2077.1635817909,0.752583730004954
0.189966122372389,135.122711138413,2055.25262631316,5.01078403795226
0.187548638020174,199.803512924483,2057.80390195098,5.68587050770522
0.187591907862057,52.9688902046567,2050.45022511256,2.42586815398597
