0.198903031860477,31.7413509094294,2058.40420210105,0.838179903836714
0.109844309396993,2.43414579263315,2057.35367683842,0.0543942015957191
0.180801761020778,7.41681684421187,2053.15157578789,0.304934183133574
0.180394106909843,264.914528391194,2073.11155577789,0.716412289378013
0.170831237951925,31.2877147471334,2063.05652826413,0.466641725203415
0.199939124956544,113.6354610841,2064.70735367684,1.08195651788952
0.123352184321371,33.9142795486171,2076.4132066033,0.148698539465026
0.123168284817714,47.3607809164382,2079.26463231616,0.149972598397369
0.191612721397525,13.3823268507784,2054.95247623812,0.511667080965207
0.19219654341519,12.8907317012169,2054.65232616308,0.506442353233865
0.190667910982281,266.444280193424,2070.86043021511,0.916658618334783
0.119587942192863,2.44820179377353,2055.10255127564,0.0637107948695343
0.113255231253451,1.54009278652809,2051.95097548774,0.0399638181794945
0.158973450253123,4.46850800867783,2053.00150075038,0.16367209036698
0.156052773469444,17.2408685151293,2062.30615307654,0.298090202282854
0.187971062882305,17.5918424880948,2056.90345172586,0.554085253705561
0.19394581978643,24.8512842698056,2057.95397698849,0.69655255617678
0.195853844060127,21.6438160118766,2056.90345172586,0.689414447012683
0.153555653560061,62.9795857825214,2071.31065532766,0.339765031955029
0.171569074924511,120.370518157282,2070.71035517759,0.558329368000201
0.113875106602397,54.3793307588897,2084.3671835918,0.118623681656284
0.161734135213771,396.414505213178,2080.61530765383,0.446966437330269
0.18139470274112,6.862132740856,2052.55127563782,0.290333397330583
0.180226196432093,7.45964533309522,2053.15157578789,0.305577334049681
0.163624683916338,8.94309557251015,2056.75337668834,0.270159563394609
0.118187162979938,2.60827926283097,2056.00300150075,0.0652533503420566
0.191484466592552,8.08587329578959,2052.25112556278,0.364771727838786
0.181241941088206,136.626166668673,2069.35967983992,0.698186787823428
0.132348832479946,7.08292353206951,2061.25562781391,0.13851840999951
0.183822091684324,7.97031285410644,2053.15157578789,0.332319351283335
0.180827381993175,4.80198009042612,2050.60030015007,0.211439072800376
0.123533728924025,101.566780891269,2085.26763381691,0.15663872064079
0.116600377850714,5.95928009583079,2063.95697848924,0.0936666780497644
0.180454603294893,68.070390112422,2065.60780390195,0.653027153982228
0.197331019637369,16.8968968064112,2055.40270135068,0.631687398130299
0.194316757580087,47.3607809164382,2061.10555277639,0.852731139568251
0.137803271350081,17.1913042784243,2066.50825412706,0.198971739184466
0.186333516824779,14.4224738415937,2056.00300150075,0.494381446386208
0.144812662415783,92.3615840827968,2076.4132066033,0.279175931319653
0.155295892582014,3.98244730043134,2052.70135067534,0.143902658430753
0.105027171013015,1.75311720834914,2055.10255127564,0.0401946848675207
0.194412231257042,36.0279175169288,2059.75487743872,0.79237027415677
0.182648258171069,9.2308418493486,2054.05202601301,0.364171055812335
0.173009095537409,6.15102138343189,2053.00150075038,0.244241057785921
0.0914164561458525,10.1800975118018,2079.26463231616,0.05550056171869
0.156512493627325,33.5259694810802,2066.50825412706,0.341517851546248
0.153608846829049,6.34893199363231,2056.15307653827,0.193164674115873
0.165783807842055,4.08698318318596,2051.50075037519,0.162396613042403
0.184579706980462,45.0986499114755,2062.60630315158,0.672713325358324
0.165742597488082,14.0131778568844,2059.15457728864,0.339832371146671
0.198456940360631,42.5752580898973,2060.05502751376,0.887871906076198
0.187395029174896,25.7248344244728,2059.00450225113,0.632493350947924
0.152804920283879,4.12243473196511,2053.30165082541,0.1437431789788
0.145334047693295,5.35713058780925,2056.45322661331,0.15420460589344
0.153890922822722,13.0025492407616,2060.95547773887,0.261592349281138
0.134078838980562,5.08658851868221,2058.25412706353,0.124625008010037
0.160774648536158,8.41843393067599,2056.75337668834,0.252118814841632
0.14478814970999,5.3417298504113,2056.45322661331,0.153327961968579
0.175445456155634,5.29579277470977,2051.80090045023,0.221824105142381
0.197907318347848,20.5507751252155,2056.30315157579,0.700562183820714
0.180047701072157,6.84240540686637,2052.70135067534,0.285961792473971
0.190097571447043,25.2842870786632,2058.55427713857,0.657230679412452
0.178920329426638,15.2772790540943,2057.50375187594,0.445620984964098
0.179108362292466,15.9974592566334,2057.65382691346,0.459689434222759
0.181827908785129,22.8607130534172,2059.30465232616,0.543252722445746
0.1848332668065,60.4916490468777,2064.10705352676,0.713925051981082
0.150559408346308,8.370100693918,2058.55427713857,0.210735458546388
0.189906201027843,16.0898367576997,2056.15307653827,0.549146744638626
0.168056701667614,5.67464221589759,2053.15157578789,0.218084961050399
0.191483422478262,9.77794436555052,2053.30165082541,0.4199814341397
0.126008425217693,3.20905081491668,2056.15307653827,0.0843057846050801
0.188232911468883,133.131575108118,2067.70885442721,0.832621496456576
0.177312622479611,6.34893199363231,2052.70135067534,0.261503591739747
0.0994453894283127,3.94819959636536,2065.45772886443,0.0555524415449159
0.12398594257708,6.78356302734552,2062.90645322661,0.11566253049326
0.190360604237148,7.16496054867685,2051.80090045023,0.326263222743927
0.196914577234041,142.245409398223,2066.35817908954,1.03287030716385
0.191754889682689,9.52784643268317,2053.15157578789,0.412121880738978
0.160911305705639,14.7585013912184,2060.35517758879,0.315156664534991
0.131624859028377,2.55624161321588,2053.15157578789,0.0770662344582103
0.165696868208854,3.63195145450856,2050.75037518759,0.14517515358564
0.16374849289644,18.5275056440599,2061.25562781391,0.355623851368187
0.186719058095911,26.0227888862634,2059.15457728864,0.627551494478172
0.196532643967271,21.0902156392867,2056.75337668834,0.683545002509629
0.18621492551423,23.4607874898523,2058.70435217609,0.599549313705005
0.188281117668836,12.2045460501459,2054.95247623812,0.461220956706159
0.164608812972591,12.5610156350281,2058.70435217609,0.318655503142722
0.110821355283003,34.4059979034348,2081.81590795398,0.105539895370574
0.195710305596299,7.63344674676951,2051.50075037519,0.359931448282143
0.14613007941858,2.97761447568876,2052.10105052526,0.102296962827945
0.116148479013347,1.72806227717372,2052.55127563782,0.0459686548685209
0.199994826640804,13.6941201359897,2054.05202601301,0.579144950789969
0.0859012678590422,2.91820823764409,2067.25862931466,0.0363902537563034
0.174275496463925,4.09876636139165,2050.45022511256,0.173678777693072
0.148928932762094,7.08292353206951,2057.80390195098,0.188625998474223
0.190433876636608,19.3451295709733,2057.05352676338,0.600624542781528
0.185017631936141,23.1921673069706,2058.85442721361,0.58176245889236
0.197644373352789,42.4528622739386,2060.05502751376,0.88739510051223
0.134949207820025,18.6344929252859,2067.85892946473,0.188969920519544
0.154966939919296,20.788801735641,2063.80690345173,0.301884606603542
0.182701079223699,222.247410324489,2071.6108054027,0.753470449081777
0.17251611512166,8.96887940476934,2055.40270135068,0.309921815712078
0.148691607589263,4.62558101221893,2054.8024012006,0.148009932036651
0.164908860704193,18.6344929252859,2061.10555277639,0.363257069165635
0.128480910859175,1.77342245446464,2050.60030015007,0.0534162140643752
0.198157656806497,10.4473164853735,2052.85142571286,0.473651571539793
0.162335524703551,20.8487379146156,2062.15607803902,0.360763382619719
0.198133588614775,232.724288073108,2068.60930465233,1.09852284600321
0.186790833185218,20.0251322921732,2057.80390195098,0.57010161274435
0.192586540015531,26.3241943658462,2058.40420210105,0.696606623254954
0.183439529405278,25.65088039011,2059.6048024012,0.5858062539863
0.181686747682746,24.4961185033437,2059.75487743872,0.549975596904277
0.150920540230443,10.5683211343905,2060.05502751376,0.232989530502187
0.126279364046798,2.23273514877728,2053.00150075038,0.0647095067009157
0.167193585061304,4.94223601165526,2052.4012006003,0.193972294188004
0.176523064879842,11.8241026687353,2056.45322661331,0.379718484880769
0.159359857099387,291.317176153044,2079.41470735368,0.419603713103412
0.168835165058726,4.20635552139048,2051.20060030015,0.170891911496278
0.183394211968458,7.4811522310616,2052.85142571286,0.315409510700579
0.186055647707069,66.7123211508998,2064.4072036018,0.743750945661658
0.178080958146852,8.32204495553973,2054.20210105053,0.318819652036621
0.166325208480175,13.1153367145537,2058.70435217609,0.333338851572892
0.140946797158556,171.024474463231,2082.11605802901,0.255023034447231
0.188714770224336,35.0054797479944,2060.50525262631,0.700421451217146
0.194110987189316,21.273157622404,2057.05352676338,0.664682652069295
0.185926568015018,31.6501005279053,2060.35517758879,0.651416732442212
0.180786744043951,6.74461616851603,2052.55127563782,0.284541833280557
0.164045892116674,5.2653877364201,2053.30165082541,0.196701917950244
0.0388224594628123,1.3804955427344,2090.67033516758,0.00698779002970208
0.179829295230717,9.6938573407282,2054.8024012006,0.359599358312217
0.150618538624632,6.62911211113257,2056.90345172586,0.189441882666302
0.195459718519058,30.2252632807581,2058.70435217609,0.769022606967068
0.181048213791963,34.4059979034348,2061.70585292646,0.594488228491279
0.189542590817609,11.9955386652786,2054.65232616308,0.466525598581993
0.185632952323793,21.3344902474791,2058.25412706353,0.575531740356103
0.167102271844433,3.59036651349369,2050.45022511256,0.145175060062711
0.178641008774931,42.4528622739386,2063.35667833917,0.583723036051254
0.17513329879406,17.8983585267682,2059.00450225113,0.442363121812716
0.147318941298021,13.7731969804542,2062.60630315158,0.23503999025335
0.160302431252121,44.8397224504315,2067.40870435218,0.390647932932711
0.186024588710029,5.11596107896008,2050.45022511256,0.232212260313293
0.162965115353286,36.9736199650277,2065.60780390195,0.405777198715003
0.131529608651839,20.3740453880163,2069.65982991496,0.173656953210676
0.114353150830267,12.5249050903856,2071.31065532766,0.105000377599359
0.150550736843361,170.042561855291,2078.8144072036,0.32561874374023
0.187792787567146,9.47314366240347,2053.60180090045,0.393042290870488
0.168034120399125,61.5456410122568,2067.55877938969,0.487735303325722
0.151540448329601,15.8142923261533,2062.60630315158,0.267181463517157
0.141469142710372,21.8315600677534,2067.25862931466,0.226315330264584
0.176297391172816,7.94739971184986,2054.05202601301,0.305022241632676
0.161886539801475,8.76467231833321,2056.90345172586,0.259909166782294
0.150672417927448,31.018650949241,2067.40870435218,0.293790444021415
0.174724194509719,7.22711126890421,2053.75187593797,0.280136630076798
0.146637576589452,2.37188579111585,2050.30015007504,0.0828065884793154
0.172459856266491,128.241032730368,2070.86043021511,0.573391508277527
0.197134468388346,22.2759871780403,2056.90345172586,0.709663869801102
0.19322791846767,13.932723196473,2054.95247623812,0.535453223543362
0.186211382208692,19.5691919526579,2057.80390195098,0.557048302199415
0.155740886353537,10.0057595601981,2058.85442721361,0.247890737056539
0.123939931045227,3.78132852701561,2058.10405202601,0.0893726760530366
0.177454927982584,91.8313032315627,2067.85892946473,0.630207554074012
0.165347600680484,3.6740180475533,2050.90045022511,0.14644798252595
0.0573290520018116,2.57100265798945,2083.31665832916,0.0158467182964568
0.181194102752612,6.25819530279368,2052.10105052526,0.268571519081256
0.102886688558051,1.99560700049668,2057.05352676338,0.0426910754668648
0.177982822824414,7.24794774808137,2053.30165082541,0.291485154498161
0.12270680539612,24.7086041684656,2074.012006003,0.143138460909192
0.193096928343616,6.27623830106248,2050.75037518759,0.295874950367818
0.179197988359812,5.14550325140415,2051.20060030015,0.222982729589016
0.176606211676626,5.94214829246472,2052.4012006003,0.246558563044922
0.133937159005079,2.48369792620856,2052.55127563782,0.0772882193318691
0.199255430866769,8.44270511134198,2051.65082541271,0.404564698504666
0.148924503720199,15.7234968241093,2063.20660330165,0.250297342896091
0.183118165774018,61.0163692502148,2064.4072036018,0.694363767741922
0.180103621552122,19.738940183072,2058.70435217609,0.504815830779027
0.193401481183755,18.1578643020893,2056.30315157579,0.614195244238167
0.151935385487882,9.91971340151178,2059.45472736368,0.231270060110574
0.188381374663902,9.15145972170511,2053.30165082541,0.387121337351879
0.0651168947659172,2.89311263070037,2078.96448224112,0.0207230857065633
0.191109180625414,23.3260907272937,2057.95397698849,0.653254709625523
0.195367677536639,23.6642924260888,2057.50375187594,0.700735613153481
0.170951563517418,13.1910713679069,2057.95397698849,0.363504467760838
0.181734795899189,6.1865405227709,2051.95097548774,0.267780427090008
0.198143513911425,13.1531495321769,2054.05202601301,0.551445584870494
0.127966013824581,3.86942926293753,2057.35367683842,0.0972416403078646
0.180616735805888,252.988497160128,2072.81140570285,0.71835528083272
0.139680708300257,23.9383809351586,2068.45922961481,0.218191759076504
0.14298160141638,10.5683211343905,2061.70585292646,0.198956346213989
0.155437553264425,9.2308418493486,2058.40420210105,0.237585084251864
0.171406171225849,4.23064516672908,2050.90045022511,0.175342240360283
0.184045541467888,11.1625120439526,2054.95247623812,0.416381262015764
0.171836050204668,42.6980067851428,2064.70735367684,0.501188580717284
0.196704874708512,35.2076192684563,2059.30465232616,0.821963872547258
0.167955413675318,4.70617602490094,2052.10105052526,0.187070650736918
0.194063526336436,9.0989179220007,2052.55127563782,0.410354973197054
0.111364527898591,5.79016143825715,2065.15757878939,0.0832420003612255
0.192781005125856,21.5815941337228,2057.35367683842,0.649738453364592
0.110422250220194,2.31121826109334,2056.60330165083,0.0533425852265226
0.198348431600748,32.9518247994517,2058.70435217609,0.835429030767253
0.161760978030741,9.89119610131619,2057.65382691346,0.275686716472709
0.145135882601368,162.387515846255,2080.31515757879,0.282216657952312
0.183457090591425,7.63344674676951,2053.00150075038,0.32026585153054
0.156301740259146,3.70588742997801,2052.10105052526,0.136789159855874
0.155604119073883,4.3416960341386,2053.30165082541,0.154298226352263
0.123294770297827,2.38558227120577,2054.20210105053,0.0657214026898283
0.166083933926994,7.92455244054436,2055.55277638819,0.264031836370829
0.160795656304047,3.4784466459882,2051.05052526263,0.134605818860264
0.1998325681705,7.14436264200497,2050.75037518759,0.349309336888521
0.183491858898943,6.34893199363231,2051.95097548774,0.277303354982864
0.175955050119596,105.136965683063,2068.90945472736,0.618228521812031
0.15980429097243,6.15102138343189,2054.95247623812,0.207392692824322
0.193456760851509,13.932723196473,2054.95247623812,0.535550377330984
0.191461119299093,19.6256118755653,2057.05352676338,0.610523844404493
0.0863414561829465,3.74881037659201,2070.11005502751,0.0400143162793194
0.169766696109669,6.62911211113257,2053.90195097549,0.248202529778435
0.157110349511467,8.99473757437633,2057.80390195098,0.244823005586939
0.180048418666265,14.053579239644,2056.90345172586,0.436083360611353
0.153575595098386,7.69966123740149,2057.50375187594,0.212475376480992
0.182453317585576,14.7585013912184,2056.75337668834,0.467649282558028
0.197338989318788,36.235961115318,2059.30465232616,0.845811612844992
0.108243051101873,2.46943812909056,2057.80390195098,0.053728624875343
0.182093114592419,22.9266227583863,2059.30465232616,0.544742587449334
0.197682711761912,13.0025492407616,2054.05202601301,0.54548399223857
0.149561494426085,3.71657187129828,2053.15157578789,0.127626220024134
0.1276899392969,5.49775074742009,2060.35517758879,0.114320705466958
0.174098693051118,4.63891702142887,2051.20060030015,0.195058490469762
0.124864768691593,6.84240540686637,2062.75637818909,0.118040188180983
0.15948514843441,4.57261925984919,2053.00150075038,0.167865585869554
0.173996643620838,3.90299369276608,2050.15007503752,0.164811549858847
0.160021289009627,3.78132852701561,2051.65082541271,0.144366316122861
0.171022543498791,4.44285270778494,2051.35067533767,0.182537253683329
0.196724066672195,73.9975437812294,2063.05652826413,0.960850911850237
0.0999809880399209,4.32921447906216,2066.20810405203,0.0581707200691799
0.194569054411353,7.52435222533039,2051.50075037519,0.353235752595539
0.13682839284091,6.01097243209366,2059.00450225113,0.141116555940363
0.148237401805247,4.23064516672908,2054.20210105053,0.138845664336077
0.196712756317338,23.9383809351586,2057.35367683842,0.723010188806404
0.1635667597324,22.8607130534172,2062.60630315158,0.372388963659477
0.154879267873234,8.56511470172144,2057.95397698849,0.228905497121789
0.185604261489588,12.2045460501459,2055.25262631316,0.446446323343267
0.196615829098932,19.4009034997931,2056.30315157579,0.660199934609146
0.196234377345651,17.4405585739443,2055.70285142571,0.631155190932934
0.195617765892554,20.5507751252155,2056.60330165083,0.675930487321948
0.179255635619593,46.6839173840833,2063.65682841421,0.611221766480515
0.0642573018733579,1.017423759841,2060.80540270135,0.0129675167322887
0.171062439153485,32.0166835936232,2063.05652826413,0.47704320859974
0.193872156758569,21.3344902474791,2057.05352676338,0.665856270246961
0.182133214983518,5.32637338722108,2051.05052526263,0.235597466028273
0.185620292106583,9.02067029565308,2053.60180090045,0.37050925339077
0.193613465025362,48.8846255702689,2061.40570285143,0.842630174750237
0.194357187439318,20.0251322921732,2056.75337668834,0.646543008843282
0.164105757279518,6.862132740856,2054.95247623812,0.23600584413968
0.196553650200685,10.5379392096157,2053.15157578789,0.466413396314185
0.198857652062538,21.8315600677534,2056.60330165083,0.722005491795483
0.123606150676793,2.33126636583218,2053.90195097549,0.0648374787222511
0.172730219518044,32.2015642784471,2062.75637818909,0.496501604422542
0.18258593163402,24.3554775355552,2059.45472736368,0.567828767336041
0.128325895371396,4.11058351166975,2057.80390195098,0.100893836769018
0.180751597039078,13.2672433518329,2056.45322661331,0.430962173391555
0.182535615940667,4.760684680679,2050.30015007504,0.212125649501702
0.186432900907011,9.12515100556096,2053.60180090045,0.375669351484062
0.199315172426576,8.84069935203988,2051.80090045023,0.421243065399266
0.17499921129353,123.530142735827,2070.11005502751,0.603551244305085
0.196788021516118,10.0057595601981,2052.85142571286,0.450669731164056
0.0960410942424069,1.28833114804146,2053.60180090045,0.0274416643426442
0.196910801404631,11.6551167748285,2053.60180090045,0.502387649529252
0.199041126679674,10.9083594392703,2053.00150075038,0.49265271863797
0.165206981017062,4.27964604980107,2051.80090045023,0.168619162099393
0.169069080203312,7.85640396138943,2055.10255127564,0.273471522702543
0.199514508924783,61.3687089327262,2061.70585292646,0.983635125036519
0.145361732235324,4.62558101221893,2055.40270135068,0.141272216360605
0.199525823903221,65.7588922489258,2062.0060030015,1.00259617033129
0.150330900842117,6.98169689372975,2057.35367683842,0.193017177656557
0.138441119010166,3.74881037659201,2055.10255127564,0.11148838635557
0.164137938471372,3.21830282695794,2050.15007503752,0.12753540277254
0.146120186710465,14.2163529457634,2063.20660330165,0.228109002067218
0.0998663766855088,2.49085867387056,2060.35517758879,0.0460026744337302
0.198519883963545,32.5745345994639,2058.55427713857,0.842984635045278
0.134147929162691,2.18189932872234,2051.50075037519,0.0687472714875351
0.12448010820886,5.14550325140415,2060.50525262631,0.105051532023301
0.167394049671713,3.80316384938978,2050.75037518759,0.15403633420409
0.175449117672842,4.84363370723389,2051.35067533767,0.204973978422439
0.179628527178027,24.2156440378081,2059.90495247624,0.534881429255673
0.148008850051247,5.46618619625777,2056.15307653827,0.162104610084648
0.183190493034905,4.63891702142887,2050.15007503752,0.207312679584948
0.167520561116024,8.370100693918,2055.70285142571,0.277616376909229
0.18834537284021,7.2688443008963,2052.10105052526,0.324265542775308
0.183365395724172,52.3817248465878,2063.65682841421,0.669148245978276
0.193696129892423,31.7413509094294,2059.15457728864,0.760435134200542
0.18806692724763,31.6501005279053,2060.05502751376,0.675739718915877
0.167938895144852,9.0989179220007,2056.15307653827,0.29188740024947
0.181971819653564,50.0235828063934,2063.65682841421,0.645171838687735
0.172967718443554,13.0025492407616,2057.50375187594,0.375560917804088
0.197458590628736,32.2015642784471,2058.70435217609,0.816913075728285
0.0774001264882683,1.73804099143649,2063.95697848924,0.023862603714538
0.192370785835053,23.5962620603196,2057.80390195098,0.673381446866419
0.190822207658884,24.99478827893,2058.40420210105,0.661992303028752
0.151630279110563,4.37935702804035,2053.90195097549,0.148552882598166
0.178365995454426,9.83440721077889,2055.10255127564,0.355132350984233
0.193137209491504,15.7234968241093,2055.55277638819,0.572480022007617
0.162376112828682,5.95928009583079,2054.35217608804,0.209912807786663
0.176893791238062,5.40359972355987,2051.80090045023,0.227958503088091
0.181633897366411,8.68929909148323,2053.90195097549,0.344655446411435
0.181552107410269,16.5597876601153,2057.50375187594,0.484739665442882
0.15124521581763,2.85998721049474,2051.05052526263,0.103303352752015
0.19677232410972,78.1579650331584,2063.35667833917,0.964449363444041
0.134402200728836,3.45847564108692,2055.10255127564,0.100242259899557
0.191307208668234,11.8241026687353,2054.35217608804,0.47285770043353
0.154001747455689,2.79486986091936,2050.45022511256,0.103153153462098
0.171652913785698,8.27426512232383,2054.95247623812,0.293911516795207
0.188867404272378,125.682502275981,2067.25862931466,0.844544559812928
0.174983549632856,47.2246276273033,2064.55727863932,0.555040169512563
0.188125618102051,15.0156499750721,2056.00300150075,0.517674774027508
0.164418741294006,7.22711126890421,2055.25262631316,0.243886367597385
0.185291136824284,19.7958495069776,2057.95397698849,0.553169695181278
0.162949813707253,25.2115995346114,2063.35667833917,0.374253757054354
0.175795038924615,205.034978483135,2072.81140570285,0.63011020818439
0.170200555107189,19.3451295709733,2060.35517758879,0.40937676004571
0.156103751691828,4.73335188912938,2053.75187593797,0.16590018369443
0.193471979722481,14.9294397640879,2055.25262631316,0.559248726981838
0.18660699976689,18.0017127911777,2057.2036018009,0.547518737896109
0.1514847617206,8.78994173863968,2058.70435217609,0.218817848571635
0.188764515523298,63.5258869923343,2063.65682841421,0.785012062214922
0.175791522993081,8.370100693918,2054.50225112556,0.311764469441614
0.19843984037107,8.10918567113405,2051.50075037519,0.388448533413528
0.161384800037186,8.63941072106801,2056.90345172586,0.256034428512573
0.183720152811813,131.228905716863,2068.60930465233,0.739757757665299
0.180664341821033,4.48139116082693,2050.30015007504,0.197379619712354
0.148957520168047,7.08292353206951,2057.80390195098,0.18861255735915
0.176602237324043,9.36467852310833,2054.95247623812,0.339397411155914
0.121062053345193,2.25859550568368,2054.05202601301,0.0612792153624023
0.181351042756683,13.5373258656811,2056.45322661331,0.440604342329884
0.173288957232458,15.0156499750721,2058.25412706353,0.402149522183964
0.184692773176417,50.167805761144,2063.05652826413,0.698376280249535
0.125485288926316,7.2688443008963,2063.20660330165,0.120850674013227
0.16351236798937,13.4984086137474,2059.30465232616,0.321997059391227
0.193361208041621,17.5412692675873,2056.15307653827,0.602955455829415
0.163733726832902,10.5683211343905,2057.80390195098,0.29200210909441
0.172554681872135,4.53329627591397,2051.20060030015,0.188769657278856
0.12071119236148,7.06256146630704,2064.25712856428,0.108022214422631
0.114193179030889,1.70827639380871,2052.85142571286,0.0444441977073248
0.163737454341613,5.773515819051,2053.90195097549,0.209454392656295
0.193586267867936,55.967638704318,2062.15607803902,0.856978833837545
0.182157837028848,7.4811522310616,2053.00150075038,0.312130736633727
0.144985301381815,2.99480874260266,2052.25112556278,0.10167099695255
0.198752174345985,43.1925507507629,2060.05502751376,0.900045158580124
0.165005206480757,18.6344929252859,2060.95547773887,0.370166457160585
0.140040528040246,72.1048522251035,2076.26313156578,0.242430765699463
0.192508115469706,18.6344929252859,2056.60330165083,0.609712501064781
0.161446469867137,11.4885459675579,2058.70435217609,0.290513333916967
0.186106693109337,13.3823268507784,2055.70285142571,0.471705022965719
0.188975699342618,8.20310923201435,2052.70135067534,0.358849315695054
0.192694361805694,242.99447500264,2069.95997999,0.958380291734953
0.189647564330034,22.9927224875773,2058.10405202601,0.63187285326905
0.197198882701148,19.2340622708831,2056.15307653827,0.666045436900583
0.194896544137138,23.3260907272937,2057.35367683842,0.703584299668508
0.19689043981902,12.66997313217,2054.05202601301,0.529326408413125
0.159782541668567,5.70741049859425,2054.50225112556,0.19717826441815
0.149609505756494,3.48847535295163,2052.70135067534,0.121510638905562
0.187410375114108,23.6642924260888,2058.55427713857,0.615869769809303
0.139706396059992,11.6216105181022,2063.20660330165,0.189522301982955
0.180361279722691,210.416973737407,2071.91095547774,0.701730233940453
0.162542085137743,6.1687553886527,2054.50225112556,0.215944680111083
0.198067584598669,18.3153703115779,2055.70285142571,0.666210105869189
0.194526482240066,56.1289989622505,2062.0060030015,0.876702821188862
0.160252200102815,9.5553161597167,2057.65382691346,0.265432235311562
0.176316182498329,20.4916955329151,2059.6048024012,0.471356452184324
0.144543336186622,128.610764357393,2078.8144072036,0.279706916653157
0.121351368337006,3.91424641100743,2059.00450225113,0.0867688003225028
0.195535107015459,26.705865146348,2058.10405202601,0.73440312615842
0.153669552934093,5.56142771178757,2055.25262631316,0.17872781578242
0.138283293634227,13.1153367145537,2064.4072036018,0.189842457407364
0.172932475851936,4.97077500682395,2051.80090045023,0.20527947856602
0.151128384894836,7.28980110054726,2057.50375187594,0.200005690484863
0.171860470572759,22.0844211988575,2060.80540270135,0.441280348013761
0.125539009080026,3.62151028088471,2057.35367683842,0.08968948041823
0.159195884949123,4.14623977579979,2052.4012006003,0.154685910924568
0.162412053798312,89.482464022409,2071.16058029014,0.438269820418713
0.14355374218371,5.65832869261085,2057.2036018009,0.153990972863686
0.195290788334866,8.99473757437633,2052.4012006003,0.41064339810295
0.175872477871465,14.0940971036004,2057.50375187594,0.408867233906516
0.197506502004972,33.6226281790017,2059.00450225113,0.818055123269448
0.191836303932427,66.7123211508998,2063.35667833917,0.84920134447664
0.179529729527518,10.9713498785374,2055.55277638819,0.383614295193522
0.16970278249529,6.24020417473294,2053.60180090045,0.237294010551634
0.139294076389511,4.49431145638251,2056.30315157579,0.126705139981663
0.18612344853648,18.5275056440599,2057.50375187594,0.545536717628934
0.179284406673348,36.8673277993992,2062.45622811406,0.576217872530067
0.182992557495708,10.2684023095805,2054.65232616308,0.389362477294017
0.191907526310227,8.27426512232383,2052.4012006003,0.37201327309007
0.129813516785239,7.99329205722658,2062.75637818909,0.137793491039587
0.166431218552864,4.07523387938939,2051.35067533767,0.162789642040401
0.180027608446447,12.1344753910871,2056.00300150075,0.409343620337138
0.100911835046728,19.1236326478425,2080.91545772886,0.0777335048519803
0.19675505611251,28.2886943462597,2058.10405202601,0.777155407442707
0.138795355496657,4.66570449781614,2056.60330165083,0.129184825300631
0.132341603653847,5.29579277470977,2059.00450225113,0.122663558050879
0.178297223002685,14.9724828208773,2057.50375187594,0.436405832629662
0.138003868950376,19.2895159816518,2067.40870435218,0.201454787361351
0.168431449869431,11.5882005855279,2057.50375187594,0.332002990007983
0.184657547252219,59.7990347074476,2064.10705352676,0.706262226782891
0.18499636540377,214.700451752867,2071.01050525263,0.78183356778302
0.198693558647531,8.17952684419346,2051.50075037519,0.392263499388548
0.111838476340685,16.6554123326141,2074.7623811906,0.10274221941217
0.194876829414174,65.3813469555632,2062.75637818909,0.902184563370408
0.19838228317792,55.967638704318,2061.40570285143,0.946247826558562
0.188874577536736,251.535999815493,2071.01050525263,0.864681129571198
0.13937311701537,83.5084518818681,2077.61380690345,0.23745246615143
0.170528947679403,129.726367378442,2071.46073036518,0.540751546375925
0.10979934198453,10.0346071582177,2070.86043021511,0.0909617466272771
0.181444101584176,12.1344753910871,2055.85292646323,0.416672155129515
0.139896678339861,13.6154972999402,2064.25712856428,0.199208619361676
0.172016049042881,9.58286508470002,2055.85292646323,0.319044049845745
0.188820699095056,8.89175006582625,2053.15157578789,0.379987912341681
0.158723934974276,14.505756572389,2060.65532766383,0.300316644783484
0.173465021459766,25.5036095217804,2061.40570285143,0.470035086588669
0.18431066356928,6.94161247758823,2052.25112556278,0.301585128364861
0.165737107832991,18.2627170853981,2060.80540270135,0.368601487818144
0.194293836981908,22.2759871780403,2057.2036018009,0.683797659408119
0.179852186541614,10.5683211343905,2055.25262631316,0.379089420767812
0.174487496430094,13.5763553199153,2057.50375187594,0.392986616887184
0.191745875048877,20.6694457978884,2057.2036018009,0.631982903862811
0.143863531748592,14.2163529457634,2063.65682841421,0.218934978097138
0.190015383824556,36.5502812104738,2060.50525262631,0.729115415314773
0.163107984643482,4.81582467568853,2052.85142571286,0.182069887461199
0.18595783818391,5.07196553857306,2050.30015007504,0.230225695051701
0.196787027845577,6.76406156642458,2050.75037518759,0.325679345508665
0.197278469435757,27.3280820090234,2057.95397698849,0.765627464727099
0.192136162569561,17.9499612710559,2056.45322661331,0.596678351360977
0.195573622113593,38.7165788401476,2059.90495247624,0.831644825242022
0.189604999194843,198.072510456684,2069.50975487744,0.884494190495166
0.192074981062231,7.4811522310616,2051.80090045023,0.34354335794946
0.177569737616162,6.94161247758823,2053.15157578789,0.280524089944338
0.157959303185947,12.2750213329814,2059.75487743872,0.278978421025178
0.179456099282419,41.2480907306527,2063.05652826413,0.590127715382754
0.193766271245264,12.4888983567305,2054.35217608804,0.504778016905523
0.199008404503399,13.8527304550101,2054.20210105053,0.577223126427207
0.165784026599096,21.0295852575175,2061.55577788894,0.387872541281567
0.100286991196747,52.6842036818354,2091.42071035518,0.0802501427559016
0.153420853951746,7.20633469066447,2057.05352676338,0.205883627559039
0.16413909795798,19.4009034997931,2061.40570285143,0.365679954813175
0.101952775148175,8.41843393067599,2072.21110555278,0.0722200372136782
0.167263073598766,9.25745528268664,2056.30315157579,0.29314278179231
0.154626244283883,6.33068001474387,2056.00300150075,0.195194594029627
0.164316584485932,9.36467852310833,2056.90345172586,0.280019206481329
0.147025762210765,4.82970917626452,2055.40270135068,0.148650169783935
0.166734849504989,14.9294397640879,2059.30465232616,0.35638161067468
0.191726906574422,38.6052759973495,2060.50525262631,0.766858806327898
0.197155968642736,11.4885459675579,2053.45172586293,0.500684027823676
0.183009827566737,13.6941201359897,2056.30315157579,0.45352476860158
0.147558298248509,34.9048456133114,2068.90945472736,0.279870427181679
0.171072125922347,5.99369202303595,2053.15157578789,0.23409242859034
0.13931487668098,6.2943333190863,2058.85442721361,0.150658939404932
0.195022795209166,334.488426314646,2071.16058029014,1.01895979777106
0.134347037319041,5.95928009583079,2059.45472736368,0.134639085531986
0.0967291710603627,6.57210398204128,2071.91095547774,0.059837756027342
0.196734209375039,6.7058929175172,2050.75037518759,0.32300139252039
0.196266230677078,9.2308418493486,2052.4012006003,0.423635829644837
0.170720819117775,25.7990016756576,2061.85592796398,0.451715444311728
0.192027029530356,32.9518247994517,2059.6048024012,0.743803309864691
0.161024067010736,11.0347040567755,2058.55427713857,0.283198105366365
0.0976222785640184,1.97275779657863,2058.40420210105,0.0385983842667389
0.136163196378384,14.7585013912184,2065.90795397699,0.183946128590135
0.165277635988606,3.72728711692345,2050.90045022511,0.148838613756435
0.196648657326138,6.47817779606607,2050.60030015007,0.311611967192409
0.151833689643541,7.6115020308696,2057.65382691346,0.206892444049136
0.170057462660435,86.1953566475303,2069.2096048024,0.517916250476343
0.146250602958852,3.53905426496764,2053.30165082541,0.118185808132338
0.188808709231356,138.208621011607,2067.70885442721,0.859025769864865
0.0966685699022846,2.3787241732935,2060.80540270135,0.0422171629756045
0.172064150107381,42.3308183228056,2064.55727863932,0.507211960447168
0.148744738013312,8.96887940476934,2059.45472736368,0.208275938081816
0.158858920412004,28.9477893633602,2065.00750375188,0.354003200790865
0.190621074538301,8.78994173863968,2052.85142571286,0.384292258498251
0.118484381270053,7.22711126890421,2065.00750375188,0.104209633785484
0.155805543074144,8.6145740489714,2057.80390195098,0.233574638485479
0.187494396314035,252.261203071324,2071.31065532766,0.838649721296254
0.126183696874977,1.65979714701382,2050.30015007504,0.0487927548773144
0.185662225964571,22.2119479273284,2058.55427713857,0.577706257620105
0.132561023643995,10.4473164853735,2064.10705352676,0.158672549868481
0.19666857161347,25.3571841881197,2057.65382691346,0.738230714878553
0.172399035941835,13.7731969804542,2057.95397698849,0.380242835493077
0.176999726452296,33.8167824081596,2062.30615307654,0.544933043410069
0.128229353780371,14.8010516157109,2068.15907953977,0.152392834138119
0.198439679888928,11.7224193723862,2053.45172586293,0.512963586122036
0.169242710665539,16.0898367576997,2059.30465232616,0.384089867804026
0.184080166288569,5.04284557241036,2050.60030015007,0.226538947776022
0.154365717233842,6.2943333190863,2056.00300150075,0.194045805903575
0.193687839401264,40.7758103487437,2060.50525262631,0.805182231579967
0.182190547095521,11.0347040567755,2055.10255127564,0.403791569288181
0.193386051681615,6.7058929175172,2051.05052526263,0.315797974249093
0.163248923485279,3.65292419736599,2051.05052526263,0.143604253880859
0.199449915352922,94.2417974888951,2063.80690345173,1.05666812684999
0.190334416352166,24.7086041684656,2058.40420210105,0.654547442439493
0.198361492564967,23.5962620603196,2057.05352676338,0.739048807836338
0.182310946961743,36.3404329881246,2061.70585292646,0.6251195416842
0.189069576230932,195.804629465659,2069.50975487744,0.880563189530363
0.187838237263283,5.94214829246472,2051.05052526263,0.271420762762889
0.196044597571181,371.015751566286,2071.46073036518,1.05098868900176
0.101682845111139,6.1865405227709,2069.2096048024,0.0672112532347895
0.16384642950162,4.15819379664401,2051.80090045023,0.162331225323777
0.199741454730872,9.39167782086193,2052.10105052526,0.443363904214089
0.176673397367953,23.1254942116391,2060.20510255128,0.494159879667025
0.149674406009064,20.9088468955437,2065.00750375188,0.269412361127276
0.0728538966415406,1.62668261683323,2065.00750375188,0.0207800738785503
0.199022854173061,28.1262788456248,2057.80390195098,0.803689994794402
0.149845070004478,14.9724828208773,2062.60630315158,0.254196265520569
0.142958219370408,82.5523008734509,2076.26313156578,0.263477210481179
0.187068839489829,74.2108860452115,2064.85742871436,0.76260485315769
0.195241474085657,50.3124445249891,2061.40570285143,0.860876803116618
0.174847828095253,40.6585876047624,2063.80690345173,0.534300139826041
0.19499832809667,8.41843393067599,2052.10105052526,0.388170515376513
0.142617402724627,13.7336016436691,2063.65682841421,0.212201808176195
0.17842213714846,6.42246765119551,2052.55127563782,0.267513449236222
0.171439833790249,5.62584220609726,2052.70135067534,0.224070038425615
0.175671471586217,10.2980071327174,2055.70285142571,0.351727003312684
0.188568888202314,17.4405585739443,2056.75337668834,0.558114637030625
0.184950912077552,7.52435222533039,2052.70135067534,0.322136479703013
0.159908894367614,8.06262793911584,2056.60330165083,0.243519481403842
0.197939158861074,10.7524610237587,2053.00150075038,0.482826286389597
0.163482581560159,8.51593931825384,2056.45322661331,0.263169409712675
0.174518780552173,17.9499612710559,2059.15457728864,0.436315576694751
0.158440760019948,19.738940183072,2062.60630315158,0.32706730975976
0.194941099714563,39.0524164547872,2060.05502751376,0.821751415632769
0.150834293264082,9.28414544519475,2059.30465232616,0.219131807948594
0.197587133747262,11.7224193723862,2053.45172586293,0.511600338508279
0.175559039732514,12.8907317012169,2057.05352676338,0.39122635326572
0.167434638281174,8.78994173863968,2056.00300150075,0.285426379951523
0.156562508732696,20.4916955329151,2063.35667833917,0.312381146739076
0.103113277758618,8.01633751167032,2071.31065532766,0.0733379711583504
0.193600634380661,9.418754960271,2052.85142571286,0.417340746511434
0.166054422071112,20.0251322921732,2061.25562781391,0.382878948786393
0.100785458715199,1.60343464412786,2055.10255127564,0.0352479414448039
0.198983596684493,26.4000896312366,2057.50375187594,0.783447386549968
0.198363445471923,185.916240759802,2067.40870435218,1.095646523563
0.188425803309537,33.0468281812645,2060.20510255128,0.690429078459328
0.179112745889371,11.2269700901773,2055.70285142571,0.387693575749564
0.171389773781691,5.3417298504113,2052.4012006003,0.214928919846115
0.147054045354315,4.63891702142887,2055.10255127564,0.144983664085075
0.178924397845145,31.018650949241,2061.55577788894,0.55132746034571
0.124948301734046,4.0518365057735,2058.40420210105,0.0944771304259642
0.192453002449776,7.08292353206951,2051.50075037519,0.328807698462531
0.145502209729708,5.67464221589759,2056.75337668834,0.160587436897156
0.173338263494781,19.738940183072,2059.90495247624,0.439134994643312
0.179346171126335,14.716073490575,2057.2036018009,0.442701169322673
0.161964942621033,8.63941072106801,2056.75337668834,0.259812966986426
0.199160524372351,25.7990016756576,2057.35367683842,0.78038034006112
0.111920064118138,7.69966123740149,2067.70885442721,0.0903773012975821
0.126912079408925,4.44285270778494,2058.70435217609,0.102861756624477
0.092939706917095,1.85168407581574,2059.00450225113,0.0341664320911793
0.17846248339373,14.6737675621227,2057.35367683842,0.433875488125231
0.19206230426698,5.82359678794962,2050.45022511256,0.273973052336047
0.133431525979824,93.97087014239,2080.61530765383,0.203755583669134
0.193755786542029,112.983039304716,2065.75787893947,0.941311508333528
0.180555959999161,34.6046757095179,2061.85592796398,0.586079624596014
0.199882790178139,21.0295852575175,2056.15307653827,0.73181136909573
0.120316109765184,5.22010717715947,2061.70585292646,0.0970435796771488
0.199711349909091,134.673553810649,2065.60780390195,1.09171869843621
0.175636832706265,14.2163529457634,2057.65382691346,0.406136573528601
0.197974321457899,9.86276078296599,2052.55127563782,0.452594593595256
0.197125027850389,15.2333597657718,2054.95247623812,0.592462688946845
0.191037835362552,9.28414544519475,2053.15157578789,0.400882350946498
0.117943928771215,1.56692699337341,2051.20060030015,0.0427310373035481
0.182275114196365,5.35713058780925,2051.05052526263,0.237261227773104
0.185952174586698,55.6463084955692,2063.50675337669,0.716639522193597
0.199853303980132,13.7731969804542,2054.05202601301,0.582014828996441
0.164876718050236,3.37973166401872,2050.30015007504,0.134613214992026
0.1923531352649,7.45964533309522,2051.80090045023,0.343264359226218
0.140993370327017,34.4059979034348,2070.71035517759,0.234721214286386
0.187805325547095,30.3124057150643,2059.90495247624,0.660342028025879
0.195574801286137,7.4382002633935,2051.35067533767,0.35229301505689
0.196985298579371,7.56780167843215,2051.35067533767,0.360519448970638
0.195621532174575,22.9266227583863,2057.2036018009,0.704492700958275
0.0790889222196073,1.8463608342542,2064.10705352676,0.0255490097588801
0.142491775937575,9.2308418493486,2060.95547773887,0.186416913137598
0.175046714842852,66.9046593948815,2066.65832916458,0.569638623607373
0.176353107692972,299.825949230359,2074.91245622811,0.637390092062405
0.190879404336068,17.3904202660819,2056.45322661331,0.576984555449527
0.199625288335328,167.130519815916,2066.65832916458,1.11722454101435
0.197864698015292,35.8210683711633,2059.15457728864,0.85298906633424
0.161688766192265,5.82359678794962,2054.35217608804,0.204649872011413
0.190011827980192,120.024475679838,2066.8084042021,0.862305910240021
0.182897596358913,5.74036800209287,2051.35067533767,0.253589120460375
0.190967935007318,10.0925521055113,2053.60180090045,0.424253647086913
0.136710265015893,3.6424227310724,2055.10255127564,0.107188160590046
0.121721114625421,1.54453302690677,2050.45022511256,0.0436078760280124
0.117541157877069,14.1754836193795,2071.16058029014,0.117136169712737
0.178061002718069,21.4576864915806,2059.6048024012,0.492766359829135
0.139894968891,5.773515819051,2057.95397698849,0.147486413558279
0.194472822126777,77.7092322332602,2063.65682841421,0.925085452829442
0.173467066986281,12.0648070327153,2056.90345172586,0.369274378830987
0.192201618958071,35.513019260565,2060.05502751376,0.751747806535826
0.140845455907582,64.2616671010127,2075.21260630315,0.244980850834928
0.158315840527564,3.75961856902805,2051.95097548774,0.141200066942785
0.182941564635121,21.8945026225075,2058.85442721361,0.549529892414176
0.122997371334502,8.71435120329488,2065.30765382691,0.121266552478395
0.199955931049442,8.73947554283164,2051.80090045023,0.417996281900913
0.160605457564282,10.0057595601981,2057.95397698849,0.271089731719299
0.185671516396692,11.3243557313592,2054.8024012006,0.429380531971717
0.174543013437183,4.15819379664401,2050.45022511256,0.176306161072158
0.199353016584779,8.370100693918,2051.65082541271,0.400604342163902
0.188081101021283,34.7044444245723,2060.50525262631,0.695794913009063
0.148605483209408,35.3091263296414,2068.75937968984,0.28579354462279
0.194384492440341,65.5698478688224,2062.90645322661,0.885007810399658
0.127597017723138,8.10918567113405,2063.50675337669,0.131135734327579
0.168547122435645,10.845730650619,2057.05352676338,0.323672756847383
0.154493555691414,18.8503244528549,2063.20660330165,0.294728587528941
0.141669380368338,5.6910027726913,2057.50375187594,0.150822365464005
0.18343683536941,10.2684023095805,2054.65232616308,0.390703855673569
0.0716057694125287,1.7230944249062,2066.50825412706,0.0207434081398051
0.140555523200493,23.4607874898523,2068.00900450225,0.224062524970426
0.198723400785672,33.0468281812645,2058.70435217609,0.837556230315385
0.162963778104541,21.5815941337228,2062.30615307654,0.365861094966458
0.178755920365024,5.92506573979369,2052.10105052526,0.250653690570046
0.137373072436868,21.5815941337228,2068.30915457729,0.204137576570825
0.147022161413228,10.1216499350543,2060.65532766383,0.210367553763454
0.166600666456179,6.90175820040029,2054.65232616308,0.24444949458817
0.198421151265557,33.3334849128322,2058.70435217609,0.84517935574323
0.170856181470845,30.3997993896586,2062.90645322661,0.462286003318728
0.150729946049344,22.6641186288517,2065.30765382691,0.279812123229991
0.190827899497422,8.370100693918,2052.55127563782,0.371181711383321
0.1516133093284,18.5275056440599,2063.65682841421,0.277804416704138
0.163621630875984,13.9728926204603,2059.45472736368,0.328303264777646
0.123003616494942,9.77794436555052,2066.20810405203,0.125407257916193
0.19561385338608,90.7798576447935,2064.25712856428,0.96808824267514
0.177978759387979,58.6059871454894,2065.30765382691,0.601098716035254
0.19232707311617,20.9088468955437,2057.2036018009,0.640863696449961
0.193807720462524,12.7065019223768,2054.35217608804,0.513876695209123
0.188859183528621,9.89119610131619,2053.75187593797,0.408244826342753
0.0943632959778193,1.26262771749805,2053.75187593797,0.0263299124993917
0.117540798354431,2.87650223749675,2057.05352676338,0.0686848336965663
0.170464092991808,15.7688292262238,2059.00450225113,0.389103908224334
0.185056357376578,7.67752616736229,2052.70135067534,0.329246808578501
0.188373821570395,12.8536732852339,2055.10255127564,0.480426128733758
0.18422580904701,6.33068001474387,2051.80090045023,0.278557226831407
0.114939239933246,18.4211326150377,2074.46223111556,0.112551914307942
0.127505643567348,5.05738459676651,2059.6048024012,0.110706847683454
0.0929003981223016,5.05738459676651,2070.71035517759,0.0510647082104119
0.143137231368044,5.64206206761865,2057.2036018009,0.153398922222661
0.197677883465838,15.5434666953568,2054.95247623812,0.604869799545417
0.175231275063877,19.2340622708831,2059.45472736368,0.450716579414735
0.158836795345383,4.44285270778494,2053.00150075038,0.162607221414974
0.193493588583011,9.5553161597167,2053.00150075038,0.420829680623627
0.182117132453098,50.6029742786953,2063.65682841421,0.651908639021851
0.154348618041133,60.4916490468777,2070.86043021511,0.344404064944488
0.0908156987194276,1.1715671660767,2053.75187593797,0.0234145504803252
0.176123046074305,4.77441020717598,2051.20060030015,0.203281064546365
0.159397902808703,14.7585013912184,2060.65532766383,0.305307860409448
0.199474617589944,22.0844211988575,2056.45322661331,0.742345017605618
0.198508309675027,61.1922854994662,2061.85592796398,0.961161919597916
0.154956100107456,5.75691805285236,2055.25262631316,0.186338091338773
0.166045357847233,9.44591016576076,2056.60330165083,0.291040552886149
0.197848127420317,160.528219169909,2066.8084042021,1.06339329983476
0.119922285394186,3.37001557459736,2057.95397698849,0.0784376961647703
0.168708205791825,287.981666926481,2076.56328164082,0.537397630693073
0.182691195004848,6.01097243209366,2051.65082541271,0.263723139909034
0.192266175838237,20.3154738602905,2057.05352676338,0.632589155840523
0.102149222004583,1.33746236557711,2052.70135067534,0.0307626082044138
0.141244449059276,11.0665182039154,2062.45622811406,0.194018193791453
0.182026330594233,4.87160332233193,2050.60030015007,0.216072322169884
0.147621344837183,2.7391095515787,2051.20060030015,0.0962140305277918
0.197649362104333,67.4850077079961,2062.45622811406,0.964134027137349
0.199310231087269,9.02067029565308,2051.95097548774,0.427388930651684
0.194731084306012,28.4520477169552,2058.55427713857,0.738356264944937
0.191405499124345,40.4251521276738,2060.80540270135,0.768639267406821
0.192633052739268,19.5691919526579,2056.90345172586,0.620011600458963
0.145135978318511,5.10125365829453,2056.15307653827,0.149121240439099
0.110189741206289,2.60078095318014,2057.95397698849,0.0569423164963889
0.106414185981736,7.3318961356485,2069.2096048024,0.0779897853122598
0.164753859281788,4.0401882420282,2051.50075037519,0.159516820138872
0.187011976885494,6.13333836012256,2051.35067533767,0.277408487574941
0.153147133348871,3.52888015319671,2052.25112556278,0.127097998878921
0.117181870940271,9.91971340151178,2068.15907953977,0.109323509035874
0.181318652238366,4.65229147967714,2050.30015007504,0.205607896717456
0.110819221520561,2.65372529430481,2057.95397698849,0.0583248154267548
0.149091767712836,3.26496454563336,2052.25112556278,0.11449663777803
0.117021778258534,4.32921447906216,2060.95547773887,0.0839848683751387
0.198803728847143,30.2252632807581,2058.25412706353,0.814134990632745
0.19303462782414,157.77911378342,2067.70885442721,0.934960889614875
0.185719262109676,12.8536732852339,2055.55277638819,0.458717820582505
0.160538247755179,25.3571841881197,2063.80690345173,0.359214022025804
0.191705402742174,24.0073976636039,2058.10405202601,0.660404935988955
0.121604300147869,1.66458250694606,2051.20060030015,0.0470222373084642
0.195683702050809,13.7336016436691,2054.50225112556,0.55213706301555
0.169068622057116,35.3091263296414,2064.10705352676,0.459473479410963
0.198029996833559,49.5933968601569,2060.80540270135,0.92322544777094
0.194855639356118,7.85640396138943,2051.80090045023,0.365955618569447
0.165789742909373,4.3416960341386,2051.80090045023,0.171325074632495
0.154195011340978,2.80292774815717,2050.45022511256,0.103636842574616
0.189596537940216,10.2388825947119,2053.75187593797,0.424059092360684
0.162406776647359,13.932723196473,2059.75487743872,0.317158120405227
0.177184862945195,11.3897483457029,2056.00300150075,0.380982289259304
0.194311563969584,8.73947554283164,2052.4012006003,0.396957868533074
0.192588525108655,178.571831624811,2068.30915457729,0.954179445440326
0.12999822912604,12.0648070327153,2065.90795397699,0.154880292326816
0.13608513607815,23.1921673069706,2069.2096048024,0.199702647988651
0.168541272541634,112.983039304716,2071.16058029014,0.508384492049393
0.153111566458156,72.7303083552848,2072.3611805903,0.339838244848358
0.171156809110866,4.74699861247518,2051.65082541271,0.194509951772977
0.132170716952098,2.33798763817471,2052.4012006003,0.0718846091939944
0.192562971650725,53.14120008554,2062.0060030015,0.837506482137706
0.186501788643942,32.9518247994517,2060.50525262631,0.663257521828912
0.141443037898328,2.84356700216288,2052.4012006003,0.0939857936458729
0.168305923020664,58.269509235766,2067.25862931466,0.481866766933408
0.166249545050705,3.58004488871148,2050.60030015007,0.143661548576818
0.192947178075698,7.37423424898408,2051.65082541271,0.341934980085352
0.198330602397101,103.634385349794,2064.55727863932,1.02659697779497
0.195402731015415,17.3904202660819,2055.85292646323,0.618577191713784
0.13967533524811,3.75961856902805,2054.8024012006,0.11418119117214
0.171010750209741,3.79223047250718,2050.30015007504,0.157538283486718
0.140294417122937,3.43861929685961,2054.05202601301,0.107828440040746
0.177271984079887,16.4173790695188,2058.10405202601,0.448522774732042
0.165897050720643,14.5475781084805,2059.30465232616,0.347341139098592
0.167392105315831,4.26734287669584,2051.50075037519,0.171132028324765
0.148990667993391,3.38947576589033,2052.55127563782,0.118010348566605
0.14328209485186,6.62911211113257,2058.40420210105,0.165910229885741
0.188850705301441,11.7224193723862,2054.65232616308,0.454740277271225
0.190442103035788,57.1069771602846,2062.75637818909,0.807621478811537
0.198078560488263,53.7567009439374,2061.25562781391,0.931491771300461
0.184884735844097,7.12382395041967,2052.4012006003,0.309008993024217
0.136360485887743,16.9456122371505,2066.8084042021,0.191341127561023
0.156097043745627,3.54925770971272,2051.80090045023,0.131602688009325
0.191855457095007,7.6115020308696,2051.95097548774,0.346999816891116
0.196204315203787,17.4908414355252,2055.70285142571,0.632918220871049
0.16162720570424,18.8503244528549,2061.70585292646,0.344785864456081
0.182430025838443,19.0686558202897,2058.25412706353,0.514583708714509
0.172740142555899,7.81129753947542,2054.50225112556,0.287078363065465
0.163001986122218,14.0940971036004,2059.6048024012,0.325836831051032
0.199330377467804,7.04225793763313,2050.75037518759,0.343543671643556
0.181972477708173,4.81582467568853,2050.45022511256,0.213732725308838
0.176443761353956,22.2759871780403,2060.05502751376,0.485101670182891
0.199417745311129,14.0940971036004,2054.20210105053,0.5879451743421
0.157907896452586,4.0401882420282,2052.4012006003,0.149785864964699
0.185576021838207,105.136965683063,2066.95847923962,0.769880677336749
0.194399587006544,21.0902156392867,2056.90345172586,0.669716144747123
0.191757536857619,238.833104350358,2070.11005502751,0.928396705542652
0.150007662215219,11.9955386652786,2061.10555277639,0.238365005968417
0.137683104516961,13.4209094274668,2064.70735367684,0.188778335960795
0.199189034010053,7.85640396138943,2051.35067533767,0.378714130176351
0.177517192209889,8.71435120329488,2054.50225112556,0.326875810796442
0.0620508745406776,3.21830282695794,2083.16658329165,0.0193686266643646
0.0943345398265668,2.73123512958793,2063.20660330165,0.0428863818875155
0.194546593659104,27.2495189410318,2058.25412706353,0.734410924622386
0.17429114405035,10.3873347090322,2056.00300150075,0.34453055836218
0.145349556837498,27.1711817270042,2067.85892946473,0.254072231032833
0.157904548928145,5.28056837192541,2054.20210105053,0.183178199150182
0.181011593775101,14.716073490575,2056.90345172586,0.457881129342872
0.172775612788392,35.3091263296414,2063.35667833917,0.500257361033148
0.157620435824656,5.89104782059798,2054.95247623812,0.196603005467116
0.197116391018075,8.1325652583707,2051.65082541271,0.385394525776142
0.19732197147961,17.4908414355252,2055.55277638819,0.644311342268117
0.19459402777082,12.4171951294921,2054.20210105053,0.508733919358064
0.142257325208261,2.81911328467833,2052.25112556278,0.0939859330077462
0.175150836712219,6.74461616851603,2053.30165082541,0.267792392404309
0.17392072296001,5.13071090257931,2051.80090045023,0.21310737600756
0.191555783884528,26.4762037102107,2058.55427713857,0.688091967407542
0.1531939168244,14.8865204479472,2061.85592796398,0.27241245775681
0.0558141218381093,1.90028922105573,2078.8144072036,0.0138861744800292
0.160427307550385,3.46844676966084,2051.05052526263,0.133568706880727
0.184280039653464,4.70617602490094,2050.15007503752,0.211976212767276
0.181796629505517,11.4885459675579,2055.40270135068,0.410430137254302
0.164587851772342,11.6887196334189,2058.25412706353,0.310035939883594
0.180896549968795,14.8010516157109,2057.05352676338,0.453181230825059
0.183429332975204,17.8469041306121,2057.65382691346,0.514861568757816
0.199059983139281,13.6154972999402,2054.05202601301,0.573956117331611
0.133806443141171,2.02454102487246,2050.90045022511,0.0638778743245449
0.132624583623309,80.6727165821289,2079.71485742871,0.199759112568906
0.188380905661425,11.2269700901773,2054.50225112556,0.44012284101112
0.195416548998994,9.80613514975012,2052.85142571286,0.438842528716841
0.199177019707857,14.3396692667093,2054.35217608804,0.589854307451214
0.197022750468178,32.5745345994639,2058.85442721361,0.809744788917039
0.156488826391106,8.54049161663095,2057.65382691346,0.234776250626622
0.198422490837709,157.325528667577,2066.65832916458,1.06485122811087
0.164186321306419,12.345903576098,2058.70435217609,0.312873530764399
0.193950981959452,14.5895202202118,2055.10255127564,0.555036449422249
0.184047867805101,94.7859977652238,2066.65832916458,0.741491399139383
0.190327845506813,40.4251521276738,2060.95547773887,0.754686299483973
0.134439842740341,2.30457394564778,2051.80090045023,0.0725943321601892
0.194782457732354,8.6145740489714,2052.25112556278,0.394855742411957
0.146184017271136,6.98169689372975,2058.10405202601,0.180339786467051
0.191358978657874,34.1101179217553,2059.90495247624,0.738583344403807
0.179277163501977,20.9088468955437,2059.15457728864,0.50679023485887
0.195472849442596,14.8865204479472,2054.95247623812,0.575776233177778
0.170527918806562,5.25025074237118,2052.4012006003,0.210078855771287
0.160169719610472,22.8607130534172,2063.20660330165,0.350082513593203
0.154255474595626,17.0434648578319,2062.60630315158,0.286055568519049
0.13295609997084,30.5753433592029,2072.21110555278,0.190881562283103
0.156507936223122,174.004363833212,2077.01350675338,0.385578477533146
0.108934516215097,8.44270511134198,2069.65982991496,0.0853773925042066
0.123556307512208,8.99473757437633,2065.45772886443,0.123305702343784
0.184163174358045,245.808926082201,2071.91095547774,0.772610369783873
0.152227037424427,5.87411217212038,2055.85292646323,0.18104762535796
0.199589995170019,23.0590127888488,2056.75337668834,0.748842994907908
0.195347471872393,24.7798415269477,2057.65382691346,0.720934062800478
0.173148529899592,5.02834834499989,2051.80090045023,0.208020219645175
0.187245828779366,10.0925521055113,2054.05202601301,0.405782432978577
0.196252142797469,22.3402110602687,2057.05352676338,0.698204489316711
0.154427523786988,53.14120008554,2069.95997999,0.343339693467191
0.157068955783644,4.09876636139165,2052.70135067534,0.149579722200607
0.178248120455165,9.86276078296599,2055.10255127564,0.356186283987706
0.122154017510655,2.41321295951054,2054.50225112556,0.0652520053778012
0.198238017788962,100.115224376496,2064.4072036018,1.0187631311557
0.167210905062884,20.788801735641,2061.25562781391,0.396558325533693
0.139917781309668,3.27437776251048,2053.75187593797,0.103435400098033
0.189740349310274,89.740450848535,2065.30765382691,0.83747632237196
0.102212264499616,3.91424641100743,2064.4072036018,0.0589896065044962
0.162478805737765,5.31106107095859,2053.60180090045,0.194203466871082
0.139654257042593,14.8010516157109,2065.00750375188,0.200043302481608
0.186087952288399,25.3571841881197,2059.15457728864,0.6120492027521
0.163528364483734,8.10918567113405,2056.15307653827,0.256620723127026
0.13511468345015,10.9083594392703,2063.80690345173,0.16937533446283
0.146921495416185,258.882846889423,2082.86643321661,0.299199502953497
0.199400219623861,8.1325652583707,2051.50075037519,0.390877062491992
0.197165173706398,11.7224193723862,2053.60180090045,0.506067474605835
0.17631507174832,10.5683211343905,2055.70285142571,0.361955962751896
0.174844918258142,17.4908414355252,2058.85442721361,0.439098137491946
0.0866485182129586,1.52245910708953,2058.55427713857,0.0267427913876768
0.18163518310236,18.5809222819382,2058.10405202601,0.50861676121992
0.188346287932586,7.3318961356485,2052.10105052526,0.32667083095257
0.191450976914399,5.84038679556032,2050.60030015007,0.273355446915324
0.19665292638829,78.6092890454508,2063.35667833917,0.970926020985878
0.186157309952346,14.7585013912184,2056.15307653827,0.499569958082151
0.119049404777762,4.41734470314007,2060.50525262631,0.0887337632473837
0.19623834136653,24.5667432445612,2057.50375187594,0.727895795086978
0.05557507090215,1.00288309926358,2065.30765382691,0.00232915212423441
0.198981391766959,8.63941072106801,2051.80090045023,0.410681479141721
0.16936795050265,5.60966897361054,2053.00150075038,0.218167516561563
0.177884019432363,14.4640552653053,2057.35367683842,0.427453356043422
0.125352124004473,1.80952418124502,2051.35067533767,0.0528924752672332
0.179205930677421,37.7262954049369,2062.60630315158,0.577148670897024
0.158005801751269,29.0312487135558,2065.15757878939,0.349794669304434
0.183528254254851,23.3260907272937,2059.15457728864,0.564305065122008
0.185654737491688,4.91386086905364,2050.15007503752,0.223125506433331
0.144461596531754,14.505756572389,2063.65682841421,0.22298697223572
0.160839352016842,28.864569943014,2064.55727863932,0.370211993601592
0.106784851391662,3.61109912366059,2062.15607803902,0.0629369108110279
0.14030064693041,11.7901106095195,2063.20660330165,0.191887399728615
0.182893646545417,7.37423424898408,2052.85142571286,0.310345168850575
0.182017951998854,11.3243557313592,2055.40270135068,0.404318937893992
0.192911723520552,238.833104350358,2069.80990495248,0.965499810982107
0.167829829942983,92.8949270465273,2070.11005502751,0.49810143865741
0.189656208334301,20.4916955329151,2057.50375187594,0.605542657897826
0.182823078239946,5.94214829246472,2051.65082541271,0.260851692781861
0.179464827821759,5.59354223610883,2051.65082541271,0.240971321666545
0.144398603992883,15.9514695864158,2064.4072036018,0.225710722371312
0.15294736471232,7.76645008964431,2057.65382691346,0.211327088614369
0.0794132235573033,2.27163778979815,2066.8084042021,0.0283338007752908
0.107696533250214,159.60656931349,2097.57378689345,0.101078907774342
0.185271876606889,28.4520477169552,2059.90495247624,0.623310337779919
0.171923221539935,7.81129753947542,2054.65232616308,0.282997211915607
0.164396313900387,3.30278056177977,2050.30015007504,0.131320989721175
0.184353337894937,39.6186319317599,2061.85592796398,0.66187539179625
0.183260602661043,12.2045460501459,2055.55277638819,0.432334628570585
0.11304024211793,2.41321295951054,2056.45322661331,0.0571210189353275
0.153455407464572,88.9687132280334,2073.56178089045,0.347834826657324
0.193388764623865,7.12382395041967,2051.35067533767,0.332997549141321
0.142825959238137,21.8315600677534,2066.95847923962,0.232261779923496
0.163800254119428,6.0805937181354,2054.20210105053,0.217483144457283
0.195203462527808,26.705865146348,2058.10405202601,0.734592321088436
0.188880233955431,26.2485172849919,2059.00450225113,0.644825291888647
0.193464473225326,15.1023580078497,2055.40270135068,0.558727261326801
0.183729032894521,11.1946946742062,2055.10255127564,0.411689215703585
0.136964311484625,7.41681684421187,2060.50525262631,0.155046923736371
0.184943600788504,39.8474101492761,2061.85592796398,0.663933740847013
0.18568293001943,46.2824514344805,2062.45622811406,0.702604052435888
0.19922807783791,224.175241821466,2068.15907953977,1.13636727151731
0.192916893472471,17.4405585739443,2056.15307653827,0.598817994057366
0.16575030744112,19.6256118755653,2061.25562781391,0.375567831218117
0.199360585766663,6.2943333190863,2050.15007503752,0.307933434996202
0.18214818103821,21.151020824465,2058.85442721361,0.531140776564517
0.194038141788138,302.426717030951,2070.86043021511,0.98956354960901
0.106097476672582,62.7985313829376,2089.76988494247,0.0949948831038897
0.17214086479765,5.99369202303595,2053.00150075038,0.236980839024052
0.174349232285857,25.9479782891666,2061.25562781391,0.486737148007473
0.193606266669494,13.7336016436691,2054.8024012006,0.535389910713412
0.180580347457254,8.54049161663095,2053.90195097549,0.33731938868475
0.117351642844937,5.95928009583079,2063.65682841421,0.0958306853963192
0.129812026840991,3.30278056177977,2055.70285142571,0.0905829816210871
0.183199955696501,25.8733827583896,2059.75487743872,0.579864321589678
0.183236883094357,7.85640396138943,2053.15157578789,0.327013837249159
0.1772915570905,6.57210398204128,2052.85142571286,0.269123038608615
0.153015292476048,2.87650223749675,2050.75037518759,0.105545403289678
0.191708724377968,22.9927224875773,2057.80390195098,0.655801935424672
0.153498422157158,51.7819671225966,2070.11005502751,0.331115399300983
0.134438996417493,7.97031285410644,2061.70585292646,0.150386093238032
0.177666148210202,25.5771389596111,2060.65532766383,0.514797283500484
0.193039350582356,14.298445429222,2055.10255127564,0.542093142705609
0.182163805768174,14.4640552653053,2056.75337668834,0.457099024369817
0.180573170791345,17.1418825295271,2057.80390195098,0.485166359042013
0.188149822908608,37.6178394397509,2060.95547773887,0.70694097436716
0.183762091167631,21.0902156392867,2058.55427713857,0.548860719300992
0.173251271033884,75.9399168943669,2067.70885442721,0.557922243380548
0.180055184242937,50.8951816995986,2064.10705352676,0.619666731607146
0.193565702396748,8.49145760309168,2052.25112556278,0.386853243551794
0.193406038367421,6.862132740856,2051.20060030015,0.322181875163518
0.180415967970838,15.5882800527396,2057.35367683842,0.462506962353408
0.157376354549894,3.32185250376586,2051.20060030015,0.125280455084819
0.164166174028763,56.4531164723065,2068.00900450225,0.434713695800751
0.163857467219664,33.6226281790017,2064.85742871436,0.406803459808828
0.174019504276812,29.6222405590191,2062.15607803902,0.493053909387766
0.139805342412884,6.96162583541039,2059.45472736368,0.159000831491355
0.132106838666185,16.1827476936424,2067.70885442721,0.170276061998343
0.115299803229662,3.25557838997471,2058.70435217609,0.0711726694275377
0.171306449479407,176.527228557274,2073.11155577789,0.555238914899751
0.194050389416849,40.0775094490775,2060.35517758879,0.808110834678084
0.137233811128935,5.57746185992785,2058.25412706353,0.138270322123057
0.172942971579206,34.7044444245723,2063.20660330165,0.502037518036434
0.189526969719955,8.34603823722249,2052.70135067534,0.36609571245709
0.187601837071403,34.7044444245723,2060.65532766383,0.681914780023647
0.156217004580392,4.760684680679,2053.75187593797,0.167018489250242
0.136744712445201,2.2456281019818,2051.35067533767,0.0723838726071745
0.156642174676891,6.90175820040029,2056.15307653827,0.212538980291411
0.19519934057599,61.9010369802681,2062.45622811406,0.896177643907305
0.0851304875401833,3.86942926293753,2071.16058029014,0.0389038637479144
0.170607359621486,7.3318961356485,2054.35217608804,0.269361102476128
0.189974249071034,5.5136013085513,2050.45022511256,0.256276810435915
0.195613810670221,10.1216499350543,2053.00150075038,0.450261171726034
0.159725636840412,404.484352373936,2081.36568284142,0.425213921924375
0.189823101012109,49.7363795461226,2062.15607803902,0.775322659438655
0.150731948312105,3.66345594042931,2052.85142571286,0.127774366163969
0.196462580084752,78.383302204588,2063.35667833917,0.969392319513441
0.127814398855587,4.50726900243269,2058.70435217609,0.104623174349137
0.17768221841636,13.8527304550101,2057.05352676338,0.421835494938112
0.193429491044878,25.4302914671788,2058.10405202601,0.699468620950023
0.0557651433094545,2.86823283751515,2087.06853426713,0.0153335944684207
0.197397242179397,202.104691078515,2068.00900450225,1.07727331288724
0.194367107700024,26.4000896312366,2058.10405202601,0.726315042807851
0.146250179536792,4.50726900243269,2055.10255127564,0.140242228840623
0.19487543960785,9.74983462452457,2052.85142571286,0.43480242608578
0.194434806869356,270.307418224102,2070.11005502751,1.01178617897773
0.194981853737205,9.66598933399762,2052.85142571286,0.431731280603481
0.122170490755294,3.62151028088471,2058.10405202601,0.0847181028777314
0.175188015226217,4.52026390637434,2050.90045022511,0.192125526681784
0.168682251667361,26.7828608064846,2062.45622811406,0.436532630916053
0.128646592650597,2.35148837301477,2053.00150075038,0.0693972382831687
0.190970769580022,398.703605050255,2072.96148074037,0.925444045488902
0.15160157050299,5.3417298504113,2055.25262631316,0.169813707566325
0.148776213322751,6.25819530279368,2056.90345172586,0.177472719994828
0.181109234865259,7.87905475386486,2053.45172586293,0.319543312570357
0.199471216833614,14.9724828208773,2054.50225112556,0.609536688958166
0.153853580018368,3.75961856902805,2052.55127563782,0.135170003244758
0.198358650946182,14.5895202202118,2054.50225112556,0.591635643790151
0.176475059237123,8.49145760309168,2054.50225112556,0.316766174947737
0.119431282150185,8.49145760309168,2066.20810405203,0.110337878307631
0.158346310413083,3.16318819550752,2050.75037518759,0.120565221160294
0.156123666097868,7.02201277776474,2056.45322661331,0.211483202803066
0.196614180508196,7.00182581890258,2050.90045022511,0.33657527287807
0.183054843968388,25.65088039011,2059.75487743872,0.574774372299753
0.171741995129329,172.507984971374,2072.81140570285,0.566181873102073
0.159268755590503,4.63891702142887,2053.15157578789,0.16934964477836
0.174138093874221,11.8923810771604,2056.75337668834,0.36928927563167
0.154915479460569,5.37257572706184,2054.8024012006,0.17789240592287
0.190366533570409,19.6256118755653,2057.2036018009,0.60009413344897
0.187676179118691,8.73947554283164,2053.15157578789,0.371730818707075
0.193074054158206,9.15145972170511,2052.70135067534,0.408137573611423
0.172026189014229,16.3701822092467,2059.00450225113,0.404260721270852
0.154418359286094,6.44098426295101,2056.15307653827,0.196459840023448
0.163485104796471,32.0166835936232,2064.70735367684,0.396242714484897
0.169126192679837,7.65545473146367,2054.95247623812,0.269160687187706
0.123246273045938,1.83048275359669,2051.80090045023,0.0523280387066197
0.173185662903084,5.6910027726913,2052.55127563782,0.230250849639509
0.153407297749976,5.45047194460812,2055.10255127564,0.176202672671717
0.142632528171216,3.28381811862624,2053.30165082541,0.10716392582209
0.190623525785831,234.068156985336,2070.26013006503,0.899439042753599
0.166313688182673,6.98169689372975,2054.8024012006,0.244565847938216
0.199374760122176,12.2750213329814,2053.60180090045,0.534690100254194
0.142948083379848,2.87650223749675,2052.25112556278,0.0962662546986129
0.162277016596076,6.47817779606607,2054.95247623812,0.220490086588788
0.117206681026724,1.4963864293158,2050.90045022511,0.0405099382720722
0.190246434674329,17.1913042784243,2056.45322661331,0.569117457394626
0.183404754682164,10.9083594392703,2054.95247623812,0.405085644098063
0.181280490288012,5.48194575365476,2051.35067533767,0.239638775115395
0.119754110674974,49.166910368017,2080.91545772886,0.138035028179723
0.184564711879354,5.92506573979369,2051.35067533767,0.263988546262618
0.177086794595458,12.6335493553273,2056.60330165083,0.400982765928175
0.130738055667243,2.16937226517279,2051.95097548774,0.0661410487378252
0.187291815068118,5.5136013085513,2050.60030015007,0.252250101881405
0.184292291981334,121.065599013,2068.00900450225,0.751303422653089
0.178294594601492,14.1347317845805,2057.2036018009,0.424346048268937
0.174925508354612,7.56780167843215,2054.05202601301,0.288244994303058
0.177842740137265,5.25025074237118,2051.50075037519,0.224837129564249
0.191161825412635,28.9477893633602,2059.15457728864,0.695964476730158
0.137087787925419,6.45955425993623,2059.45472736368,0.14695687193452
0.102626379456235,1.29204553462562,2052.10105052526,0.0299595319327965
0.183333668440265,13.6941201359897,2056.15307653827,0.460101303460148
0.196172909185542,12.7065019223768,2054.05202601301,0.529265198932718
0.181886052849595,21.5195511317025,2059.00450225113,0.530487530745561
0.186040509023993,15.2772790540943,2056.45322661331,0.501355453490729
0.0892666594228031,13.8129064745256,2083.91695847924,0.0538939517101709
0.153767791625509,10.5379392096157,2059.45472736368,0.245949292086081
0.0919897481825204,2.37188579111585,2062.30615307654,0.0383325391552124
0.192297562872036,58.9444080505326,2062.60630315158,0.845565572984659
0.158240865038148,18.5809222819382,2062.30615307654,0.319267857772803
0.10469664696,23.0590127888488,2080.91545772886,0.0873986270659747
0.187725367497944,52.6842036818354,2062.90645322661,0.737678128718961
0.147718830032716,5.6910027726913,2056.45322661331,0.165415969519316
0.197169621831751,19.2895159816518,2056.15307653827,0.667979781832156
0.164141928011825,4.45566189315493,2052.25112556278,0.172485534006509
0.190612454275518,6.62911211113257,2051.35067533767,0.30529268402779
0.189403327456324,71.6908725083659,2064.25712856428,0.799552512024735

