0.164797500414704,5.11596107896008,2052.4012006003,0.197728273085696
0.183541412666414,25.8733827583896,2059.15457728864,0.62595684592213
0.193328821687863,9.07276025359497,2052.10105052526,0.415474058799222
0.19186172016616,73.3611898536447,2063.35667833917,0.933863507986534
0.162053289088872,40.8933710575319,2065.90795397699,0.43338481351402
0.183989749785923,5.31106107095859,2050.30015007504,0.238191815730617
0.160519392616315,40.4251521276738,2066.20810405203,0.415721903540223
0.192303561014652,7.22711126890421,2051.05052526263,0.338619526271224
0.171334568115068,16.751589190816,2058.70435217609,0.427594326861041
0.187458717073935,36.235961115318,2060.35517758879,0.743117357018199
0.153970624809883,26.4000896312366,2064.85742871436,0.338618475218739
0.151195168943734,36.7613412036469,2067.70885442721,0.333413718558859
0.190542189279287,138.607090185066,2066.95847923962,0.964830700382682
0.0946613781350709,1.21624552488348,2051.95097548774,0.0257263912089545
0.144779317863034,6.80312071291408,2057.50375187594,0.1823567664763
0.179271617981802,13.6941201359897,2056.30315157579,0.449028001324585
0.184266796127664,6.94161247758823,2051.80090045023,0.305793485977561
0.187462030003545,8.44270511134198,2052.4012006003,0.370865940280001
0.0991842218010591,2.0538945595859,2057.2036018009,0.0422490039844198
0.160914062729942,9.58286508470002,2057.05352676338,0.280119065315754
0.183534098685317,9.97699489356779,2053.90195097549,0.398410646443818
0.199265596159108,20.3740453880163,2055.70285142571,0.741962161128411
0.19276063536246,9.86276078296599,2052.70135067534,0.439341760141422
0.165287611924152,131.607251678295,2072.21110555278,0.525963503214439
0.175051994019067,7.81129753947542,2053.60180090045,0.304777077056394
0.175165519451617,5.25025074237118,2051.20060030015,0.222355778449491
0.128190474982163,1.88394737445416,2050.30015007504,0.0563910552637561
0.181516060883903,5.2653877364201,2050.45022511256,0.232916287842207
0.158247892981016,27.2495189410318,2064.10705352676,0.375653069145099
0.188989612247342,27.884402330579,2058.70435217609,0.711495268315366
0.191665562643662,151.110563018577,2067.10855427714,1.01210537837454
0.166026867637612,10.2684023095805,2056.60330165083,0.316286726032551
0.149027253275147,195.241728182915,2079.5647823912,0.346361551670819
0.158243212678762,3.53905426496764,2050.90045022511,0.134605765827143
0.188410296779979,24.8512842698056,2058.25412706353,0.67058263702824
0.176429134183667,16.2761951447872,2057.65382691346,0.465902992217482
0.18192738404918,7.45964533309522,2052.4012006003,0.318379185405692
0.196152191887656,18.8503244528549,2055.70285142571,0.681300515891115
0.124540186982596,4.44285270778494,2058.40420210105,0.103558133211481
0.186482286500828,14.0940971036004,2055.40270135068,0.510511475034465
0.192986822464513,6.76406156642458,2050.60030015007,0.31976619039645
0.19771658060071,6.74461616851603,2050.15007503752,0.327466605037425
0.183524497251455,36.235961115318,2060.95547773887,0.690287065034927
0.147033224730531,12.4888983567305,2061.40570285143,0.241280776937942
0.1817069065057,18.2627170853981,2057.50375187594,0.534531636982759
0.17927527582285,70.260571482953,2065.45772886443,0.696952509621622
0.142761708143611,3.03823005207779,2051.95097548774,0.102105276889614
0.181897225232799,128.241032730368,2068.30915457729,0.777190488963924
0.178437267284459,65.7588922489258,2065.30765382691,0.672441967855264
0.194865165405134,25.1391209535034,2057.35367683842,0.757506353381705
0.166809621126389,7.78884153617836,2054.8024012006,0.273494414756968
0.162639234404464,11.9955386652786,2058.10405202601,0.32170602660094
0.196972107632039,9.91971340151178,2052.25112556278,0.459428947660754
0.184863087568947,6.68661474347447,2051.50075037519,0.297697570383073
0.0893713798201658,1.7683242002651,2058.25412706353,0.032218111037866
0.196779968629273,10.4172824260824,2052.55127563782,0.476155584647583
0.199825275004659,7.85640396138943,2050.75037518759,0.384342863028566
0.0975379280794782,2.0538945595859,2057.65382691346,0.0411355058072792
0.177134207651562,26.4762037102107,2060.35517758879,0.554226827851388
0.157972425946578,5.23515726431772,2053.45172586293,0.187786470770815
0.191961848569901,9.2308418493486,2052.4012006003,0.41533428079589
0.137643551428701,8.15601225127809,2060.35517758879,0.172881354493604
0.156330348435636,3.62151028088471,2051.20060030015,0.135475404859671
0.159100466004541,150.242983290666,2074.7623811906,0.447071279874232
0.189583081490786,10.9083594392703,2053.60180090045,0.456438316242755
0.125387748730271,2.04799000112185,2051.50075037519,0.0597757452164085
0.168254195624291,6.96162583541039,2053.90195097549,0.258906709069298
0.188567599365535,19.6256118755653,2056.90345172586,0.61803569357081
0.132989181255694,3.51873529007318,2054.8024012006,0.102027855856239
0.198803878582962,24.4961185033437,2056.60330165083,0.808545308334053
0.143769011763511,3.21830282695794,2052.25112556278,0.108358778576834
0.178676481308707,110.728920316933,2068.15907953977,0.713685688492659
0.160177371413714,9.07276025359497,2056.75337668834,0.271409288299986
0.190367743251461,6.88191695070772,2051.05052526263,0.31881452315323
0.173776290953394,366.767713469489,2076.11305652826,0.667199008950117
0.198075709189986,79.9789584190507,2062.75637818909,1.08384292313857
0.178013394394122,16.6075311717231,2057.50375187594,0.484138793757688
0.16686092499937,89.482464022409,2069.50975487744,0.533104681369047
0.198090539084678,8.27426512232383,2051.20060030015,0.39800949300243
0.170583855160267,153.301493754303,2071.91095547774,0.593549219225314
0.196637612347885,8.20310923201435,2051.20060030015,0.392135420559644
0.120217169494104,6.51558610363938,2062.75637818909,0.112191599461117
0.172069649514755,5.70741049859425,2052.10105052526,0.232497483589733
0.190107293045702,20.6694457978884,2056.90345172586,0.652104723879267
0.148445719518872,19.6256118755653,2064.10705352676,0.282812609532737
0.197035679325785,151.546229771534,2066.20810405203,1.12943165712141
0.159256207960356,45.8844379566866,2067.25862931466,0.412188149975608
0.172278990361954,10.2684023095805,2055.55277638819,0.350525415763328
0.180712366188517,14.1754836193795,2056.30315157579,0.466580629340983
0.197799406469146,84.4756773817437,2063.05652826413,1.09021803936801
0.199903407818564,83.0290000254614,2062.60630315158,1.14222508836773
0.154670918471122,8.99473757437633,2057.65382691346,0.246263171998428
0.181975601402478,6.01097243209366,2051.20060030015,0.264617220012162
0.166903682992564,3.74881037659201,2050.15007503752,0.151386003903186
0.14437816220993,9.80613514975012,2060.20510255128,0.212037381399153
0.161802452974447,25.9479782891666,2063.05652826413,0.402096270672357
0.161686664181651,14.6737675621227,2059.6048024012,0.339375663458111
0.189171546518434,67.6795736840215,2063.35667833917,0.875684545110268
0.194413719766457,73.3611898536447,2062.90645322661,0.990157915137941
0.15666744424883,79.7490340377456,2071.46073036518,0.403959974218056
0.15856707365172,12.7431360287119,2059.15457728864,0.307750168994359
0.154038862304996,17.6934267723322,2062.30615307654,0.307418186181658
0.161587749440203,5.10125365829453,2052.85142571286,0.191062531543488
0.156102070171185,14.7585013912184,2060.65532766383,0.306171894605906
0.125872862165141,2.1944987299355,2052.10105052526,0.0641297719357967
0.156817204863958,24.0766133741283,2063.65682841421,0.353261307694168
0.134558903238204,69.0573330958311,2077.1635817909,0.227916052954899
0.197707599640974,17.6425615162172,2055.10255127564,0.678295313803971
0.0423820843808078,1.19541686845759,2078.66433216608,0.00802672573339999
0.0864537832122708,2.55624161321588,2064.10705352676,0.0370632775956616
0.196738688264851,16.2761951447872,2054.8024012006,0.640435036124414
0.0658882404158914,12.0301229939707,2099.37468734367,0.0281075368949297
0.0906236088888812,1.09335121002246,2051.50075037519,0.0219161095147443
0.150723132345937,12.7431360287119,2060.80540270135,0.260655365880651
0.14351343832059,6.13333836012256,2057.05352676338,0.168802707019807
0.191156843278387,18.053613516069,2056.15307653827,0.617198006786682
0.164762556851124,24.2854601433005,2062.15607803902,0.417071508680486
0.190669938921846,44.8397224504315,2060.95547773887,0.835751192876909
0.174682480429871,7.3318961356485,2053.30165082541,0.290056798148228
0.0774639938569813,1.28462743961633,2057.80390195098,0.0205580941050887
0.199430621605263,37.9441463047634,2058.70435217609,0.961107454228335
0.185670370095524,12.8907317012169,2054.95247623812,0.483747729145165
0.183008297819375,17.7955976561148,2057.2036018009,0.538771372849749
0.162106144692974,4.59902389909696,2052.10105052526,0.176379009522321
0.151711022025117,191.898141059165,2078.51425712856,0.374695506595391
0.162397373705603,24.4961185033437,2062.60630315158,0.40081076726102
0.197937532843065,7.24794774808137,2050.45022511256,0.351766422685864
0.188485688758062,10.2094477434412,2053.45172586293,0.428628120536466
0.180810930792167,17.6425615162172,2057.50375187594,0.515952598238954
0.128928148955294,4.95648496866088,2058.40420210105,0.117662975880614
0.188535591930603,8.78994173863968,2052.55127563782,0.386112638465982
0.197026389227046,7.08292353206951,2050.45022511256,0.341769873026281
0.197777429839524,36.8673277993992,2058.85442721361,0.915557807108033
0.10724578479211,18.9046718094031,2077.01350675338,0.0998958454193448
0.199269661146405,19.5129342263596,2055.40270135068,0.732528968391829
0.0963920243484625,1.99560700049668,2057.65382691346,0.0395280574582357
0.148607478645883,4.01699207793678,2053.15157578789,0.137006629491688
0.128506118406814,1.93339940407185,2050.45022511256,0.0581324489339113
0.167632243282541,30.7519010092932,2062.90645322661,0.474112518782291
0.1557151169077,10.0925521055113,2058.25412706353,0.263500786328869
0.180219399020588,13.2672433518329,2056.00300150075,0.448140102584416
0.199536466407316,11.9610537599916,2052.85142571286,0.545053751924611
0.179945073557805,68.2666438040264,2065.15757878939,0.706474314233065
0.186197682749644,8.17952684419346,2052.4012006003,0.357042564961108
0.184323828159062,36.5502812104738,2060.95547773887,0.694466444475966
0.127484102888169,10.3873347090322,2064.70735367684,0.150905745167879
0.168298877277166,3.98244730043134,2050.30015007504,0.162364992246861
0.19603453516244,9.39167782086193,2052.10105052526,0.436169851356245
0.127699595483778,9.5553161597167,2063.95697848924,0.14855085176264
0.142001214295196,5.2653877364201,2056.15307653827,0.151952673775058
0.194819438165159,23.5962620603196,2057.05352676338,0.737085825189886
0.169182604784929,23.5284272689873,2061.10555277639,0.455398873947747
0.191293146712113,10.1216499350543,2053.00150075038,0.440995160848873
0.172674635481195,36.9736199650277,2063.05652826413,0.546725357222387
0.164118668169054,8.94309557251015,2056.00300150075,0.28623439510949
0.195212316765129,26.8600784527522,2057.65382691346,0.781528344075992
0.177989080972435,5.70741049859425,2051.35067533767,0.245143152763618
0.113532120666488,1.48779514022745,2050.45022511256,0.038751184436336
0.179790212227384,112.33436331185,2068.00900450225,0.733179110718116
0.16207069754671,8.15601225127809,2055.70285142571,0.264928192333467
0.132893836591828,7.2688443008963,2060.50525262631,0.151121105598016
0.159741551395724,19.1787679790464,2061.55577788894,0.358672908278726
0.116369734115777,29.3674992776149,2077.1635817909,0.132692679511039
0.188487845635957,24.3554775355552,2058.10405202601,0.668941907112301
0.177963179787526,8.49145760309168,2053.75187593797,0.334012192313175
0.188055586604897,12.4171951294921,2054.50225112556,0.485519584568591
0.18736530561635,12.4171951294921,2054.65232616308,0.479032476755936
0.137008212128661,8.84069935203988,2061.10555277639,0.175750208478043
0.187407875313727,8.71435120329488,2052.70135067534,0.377697994968261
0.16408050612527,12.2397329678754,2057.95397698849,0.333301550268453
0.159040387674594,3.62151028088471,2050.90045022511,0.138322164787813
0.17773914506078,30.7519010092932,2061.10555277639,0.583549016978436
0.183605219445673,173.504134191697,2069.50975487744,0.838220239713848
0.116074135488232,3.20905081491668,2057.50375187594,0.0745848614799914
0.180933688196725,14.9294397640879,2056.45322661331,0.484589275420146
0.177672398406057,90.7798576447935,2067.25862931466,0.684975779919492
0.137912937425929,4.69264665877481,2056.15307653827,0.132434422713269
0.180277782801404,16.9944681193122,2057.35367683842,0.504088744335186
0.167049989539576,6.13333836012256,2053.30165082541,0.232820314570366
0.168530110208988,5.62584220609726,2052.55127563782,0.2215894899214
0.119200060562718,2.87650223749675,2055.85292646323,0.0729012478496665
0.138207528754374,2.2456281019818,2050.30015007504,0.073261885122298
0.134930802998223,32.7626366009394,2071.46073036518,0.218555553456045
0.190673887670342,57.1069771602846,2062.30615307654,0.866042433286871
0.173270878171469,11.0984240743995,2056.00300150075,0.367002575484857
0.195102109935356,25.2842870786632,2057.35367683842,0.762204275361354
0.19940154076924,205.034978483135,2067.25862931466,1.22826517578142
0.178384657421895,74.2108860452115,2065.90795397699,0.690550279243249
0.186911209222572,7.45964533309522,2051.80090045023,0.333324948519159
0.180594480119657,12.9651693704974,2055.70285142571,0.449489962924897
0.19355002242628,20.4327857832706,2056.45322661331,0.680806724783001
0.174105064360614,6.88191695070772,2053.00150075038,0.275156980278485
0.182529918605486,13.0025492407616,2055.55277638819,0.459605435281956
0.10822938403842,32.2015642784471,2081.51575787894,0.107406724606618
0.171254753027074,4.25507507288674,2050.45022511256,0.176568754008346
0.197523972208895,230.059652845059,2068.15907953977,1.19053806777971
0.18832599422305,25.3571841881197,2058.25412706353,0.684060609501391
0.169542509936737,33.3334849128322,2063.05652826413,0.500091078864971
0.174708540387777,26.0227888862634,2060.65532766383,0.526971423861425
0.159163315567461,146.822190068835,2074.61230615308,0.446568502601983
0.191388872075285,33.7195655535441,2059.30465232616,0.793564062435547
0.192696128889696,19.4009034997931,2056.30315157579,0.655183298209737
0.144130643307288,11.0984240743995,2061.10555277639,0.220780890204943
0.179276475994882,24.7086041684656,2059.6048024012,0.566657253087605
0.17271161246837,5.05738459676651,2051.35067533767,0.210192208997772
0.125640731820648,4.82970917626452,2058.85442721361,0.110152393270399
0.182937093071952,6.84240540686637,2051.80090045023,0.298797363156812
0.182728655682168,7.3318961356485,2052.25112556278,0.315692875545395
0.191719108591525,12.4888983567305,2054.05202601301,0.511181841253533
0.187775661348154,7.06256146630704,2051.50075037519,0.319322238887217
0.119450621284346,20.1988354669711,2072.66133066533,0.140632088582881
0.152055939151926,4.13432012050498,2052.85142571286,0.145675847095406
0.132651556136451,6.06311316104581,2059.15457728864,0.138994262589636
0.141936742840065,11.9610537599916,2062.15607803902,0.21565163907645
0.120669357329895,2.96905439714284,2055.85292646323,0.0759821105636506
0.14669222299324,11.0984240743995,2060.65532766383,0.230608938633269
0.196155392555437,28.7815897627645,2057.80390195098,0.822597732540264
0.132039894571207,3.79223047250718,2055.55277638819,0.106144533392844
0.194504293974078,14.5475781084805,2054.50225112556,0.58282848014283
0.170810848661703,16.9944681193122,2058.85442721361,0.426265817077232
0.191895603507633,11.6887196334189,2053.75187593797,0.488411567394613
0.127849406854776,21.5815941337228,2070.41020510255,0.175162212269417
0.124049807646449,7.14436264200497,2062.60630315158,0.124585450872479
0.17312840093925,6.61005466738882,2052.85142571286,0.264388005355905
0.197803460767952,13.3823268507784,2053.75187593797,0.573215462717151
0.167696662086307,31.8328643748612,2063.20660330165,0.472464341295156
0.144977650202852,5.04284557241036,2055.40270135068,0.153691011717362
0.171567894101178,97.274050262012,2068.90945472736,0.602130627410885
0.18253945913632,18.3681753422353,2057.35367683842,0.547135466488516
0.160032303701041,6.0805937181354,2054.20210105053,0.213463512032989
0.195218868120524,27.2495189410318,2057.65382691346,0.792658640214119
0.154165590365239,4.85759838400825,2053.60180090045,0.168912516604539
0.199091036414653,22.4692148500539,2056.15307653827,0.781059887864043
0.198548204904186,8.1325652583707,2051.05052526263,0.393906346259849
0.162429698255215,6.01097243209366,2053.75187593797,0.21812805616364
0.0906030748816282,20.8487379146156,2086.61830915458,0.0633709376955699
0.148484134929761,23.5962620603196,2065.45772886443,0.289820110550914
0.189801748063042,142.655517033306,2067.25862931466,0.949299330991986
0.172421819787228,6.8227347852315,2053.15157578789,0.268805395504692
0.15375983316993,16.1362253542068,2061.70585292646,0.299721923145
0.199141401125499,8.10918567113405,2050.90045022511,0.394969636691257
0.19286196682966,10.4473164853735,2053.00150075038,0.457987601740793
0.193135324694626,41.9667875574435,2060.20510255128,0.867241125478015
0.194095749267985,24.99478827893,2057.35367683842,0.753770119395685
0.170452605331855,6.90175820040029,2053.45172586293,0.265391878760997
0.176664532374048,4.49431145638251,2050.15007503752,0.19293081939664
0.159121961183775,48.7440915159157,2067.70885442721,0.411583741148541
0.164655616095977,5.11596107896008,2052.4012006003,0.197630981700908
0.149641625831703,4.65229147967714,2054.05202601301,0.154684831789844
0.191279529429531,53.7567009439374,2061.85592796398,0.872193543706559
0.112620108148279,3.6424227310724,2059.6048024012,0.0749616950353767
0.0980629570748262,2.77882351455518,2060.95547773887,0.0494226210180005
0.1838549232298,31.2877147471334,2060.20510255128,0.660625763364338
0.172870425177215,15.2772790540943,2057.80390195098,0.42871485220446
0.193086318180757,14.4224738415937,2054.65232616308,0.56763912918937
0.184293847764701,8.44270511134198,2052.85142571286,0.358019867737884
0.0723089034249173,3.33142973427318,2074.7623811906,0.0284514837160406
0.162563410032065,18.8503244528549,2060.95547773887,0.376103565734265
0.191677268913417,9.66598933399762,2052.70135067534,0.428456759345838
0.0994450167147218,2.16937226517279,2057.80390195098,0.0439656574907529
0.190650160136058,29.9653362072615,2058.85442721361,0.749214565884489
0.167914619384921,16.9456122371505,2059.30465232616,0.404679981607264
0.127439094257932,7.83381828565906,2062.45622811406,0.138483858842192
0.18711483745894,10.3574730860055,2053.60180090045,0.428514490901715
0.178229818142113,5.59354223610883,2051.20060030015,0.241322333201487
0.151768109120167,15.3654978668113,2061.85592796398,0.281741443013552
0.0863402743909297,1.61734325078285,2058.10405202601,0.0286341312529046
0.125862346529211,5.87411217212038,2060.50525262631,0.120317430916582
0.167315734336503,178.571831624811,2073.56178089045,0.557533537485423
0.0687801560603223,2.0538945595859,2069.2096048024,0.0220721587623683
0.153491876318788,17.2408685151293,2062.15607803902,0.305017268870174
0.196286421391771,221.608491047149,2068.30915457729,1.13209726616683
0.197772656459042,33.3334849128322,2058.40420210105,0.880529061978666
0.1681433957079,57.7684111024247,2066.65832916458,0.523326858845467
0.187862833725393,22.4692148500539,2057.80390195098,0.639627137622539
0.192801621187344,6.38559396992509,2050.30015007504,0.30133253986008
0.0932149037502316,1.4455729400936,2054.65232616308,0.029475574215643
0.188663964339972,8.78994173863968,2052.55127563782,0.386134288151377
0.162204393823563,4.55947384416678,2051.95097548774,0.175449766989661
0.0864853344919933,4.39198314906283,2070.86043021511,0.0448283296663642
0.173790886702298,198.072510456684,2072.51125562781,0.661169050527367
0.198325679782661,42.3308183228056,2059.45472736368,0.96552876877077
0.191705484925125,128.610764357393,2066.35817908954,0.983255378817061
0.121788720076572,120.370518157282,2086.61830915458,0.165535044034693
0.10910203853463,161.455191103366,2095.92296148074,0.115836624128629
0.178033898316873,4.94223601165526,2050.60030015007,0.213985086020843
0.158527296454262,84.9634830921517,2071.31065532766,0.428911525947137
0.161712307609094,7.83381828565906,2055.55277638819,0.256419176636914
0.195003931508247,71.6908725083659,2062.75637818909,0.988278614843453
0.194738055580807,81.1385620543712,2063.35667833917,1.0146874622539
0.197194961488818,9.72180569368846,2052.10105052526,0.452987648290152
0.178651004519025,12.9278969602916,2056.00300150075,0.434513627766386
0.198513307474108,25.2842870786632,2056.90345172586,0.806161263596558
0.199122537538398,28.6988481348414,2057.35367683842,0.868162683559326
0.192778815714073,21.273157622404,2056.75337668834,0.68597150866758
0.17910688431336,9.50045567592029,2054.20210105053,0.365775256461475
0.195927138180396,14.5895202202118,2054.35217608804,0.593231629410621
0.171233368341114,5.23515726431772,2051.65082541271,0.214448104305962
0.0952012972729439,72.7303083552848,2097.12356178089,0.0761263021823738
0.107624818657273,1.43314150019665,2051.20060030015,0.0350980023207748
0.175724745745104,97.274050262012,2068.00900450225,0.663634348604974
0.160108617826093,9.04667778353943,2056.75337668834,0.269981800274215
0.150772007549782,12.7431360287119,2060.80540270135,0.260754826281692
0.176739047518455,47.0888657531278,2063.65682841421,0.625933683959217
0.185995910957611,10.1800975118018,2053.75187593797,0.415124045812508
0.133741160305339,2.21353437928443,2050.90045022511,0.0696747758865893
0.141326353243047,3.50861959151272,2053.30165082541,0.113416677306004
0.108836160460181,4.0518365057735,2061.70585292646,0.0730075225732105
0.191224474787606,41.2480907306527,2060.50525262631,0.819631948068102
0.183695686036317,21.2120013170279,2058.10405202601,0.582255290158476
0.0661514972713264,2.82724106811333,2076.26313156578,0.0227826786370712
0.167616742835842,8.01633751167032,2054.8024012006,0.282177046684555
0.14283537626723,11.8923810771604,2062.0060030015,0.217249646121512
0.1612890092235,8.44270511134198,2056.15307653827,0.264969959046974
0.181696260009073,10.9398093223365,2054.65232616308,0.413327960577767
0.182619920781191,75.5039187012513,2065.15757878939,0.765121654496653
0.151967419384835,12.8167214051892,2060.50525262631,0.270417709093144
0.141031189614081,55.4863358814509,2073.41170585293,0.267435595414342
0.185913027223322,23.8009421380058,2058.40420210105,0.630806972597295
0.179123460812721,10.4774371358388,2054.8024012006,0.387896333544871
0.195431928397193,7.78884153617836,2051.20060030015,0.369549374384344
0.194872588539636,28.0454211126682,2057.95397698849,0.786127701069641
0.126904766020861,10.690727303607,2065.15757878939,0.149268407417664
0.170875082187301,42.5752580898973,2064.25712856428,0.536605493069074
0.127391611556463,5.67464221589759,2059.90495247624,0.121677932226949
0.173087024443464,54.0671195934932,2065.15757878939,0.588972196370423
0.149411005320023,11.9266679922861,2060.50525262631,0.25161095577172
0.135737477387915,5.38806539618403,2057.65382691346,0.13796606303692
0.13477186062785,4.15819379664401,2055.70285142571,0.11765810353454
0.148404366451979,9.50045567592029,2059.15457728864,0.226487451598832
0.19140342537151,16.1827476936424,2055.55277638819,0.58663749327228
0.161690348987749,4.97077500682395,2052.70135067534,0.187153827214386
0.161231447255664,4.84363370723389,2052.55127563782,0.182451539215899
0.184286772722127,16.9944681193122,2056.75337668834,0.539569330305853
0.195096381922494,16.4173790695188,2055.10255127564,0.626149877760771
0.141830202477123,5.74036800209287,2056.90345172586,0.158116868851684
0.197945303831483,22.9266227583863,2056.45322661331,0.770121654551926
0.162273930177732,5.20510035615579,2052.85142571286,0.195859032546628
0.109700631148979,1.51808232505612,2051.50075037519,0.0380394790542996
0.165213124019411,13.6154972999402,2058.40420210105,0.356319011524062
0.131200547802173,2.42714808378022,2051.95097548774,0.0743023780672253
0.180231379251549,51.0419175604762,2063.50675337669,0.679912225877229
0.179955126141809,45.2286737958236,2062.90645322661,0.660063886162516
0.186542161108555,38.1632551869613,2060.80540270135,0.736030436524928
0.17268771206787,81.6070975563188,2067.70885442721,0.603020997283103
0.17309641582995,8.66431899975565,2054.50225112556,0.318646361613872
0.184240782174261,9.5553161597167,2053.60180090045,0.390331513650612
0.109482488495121,2.96905439714284,2058.40420210105,0.0635672574817743
0.178693581509133,57.9349631659321,2064.55727863932,0.664161077239653
0.170160364909105,109.146421745556,2069.95997999,0.581595918074148
0.180771725608116,5.23515726431772,2050.60030015007,0.23058442291973
0.185972125690784,6.1687553886527,2050.90045022511,0.279179494086321
0.173557196700996,6.51558610363938,2052.70135067534,0.262833131046511
0.17879427761287,4.80198009042612,2050.30015007504,0.208901680834893
0.145229667671505,6.92165665438525,2057.65382691346,0.184084302686274
0.19630693764586,45.0986499114755,2060.05502751376,0.9458673819297
0.092352619606281,2.69220128298041,2062.45622811406,0.0433609505908048
0.164834851575127,9.50045567592029,2056.30315157579,0.298286458812559
0.152866606515266,52.2311372931222,2069.65982991496,0.358109478373725
0.19469694072544,106.661331716613,2064.85742871436,1.0321772322005
0.168785536152464,75.9399168943669,2068.15907953977,0.545306930353423
0.189202269534541,16.8483214233231,2056.00300150075,0.582520168705124
0.160027888373377,8.44270511134198,2056.30315157579,0.260730886856626
0.16184515665842,190.796385273991,2075.51275637819,0.481158306549148
0.178447120938194,49.166910368017,2063.65682841421,0.647141934523705
0.180987745099973,10.2094477434412,2054.35217608804,0.392525007220093
0.144160442956637,5.32637338722108,2055.85292646323,0.157627677200271
0.167958353713539,4.12243473196511,2050.60030015007,0.167813634975531
0.153989354973327,3.78132852701561,2051.95097548774,0.137755028469482
0.189508958433318,12.1344753910871,2054.20210105053,0.487848767429072
0.1457496107923,4.09876636139165,2053.75187593797,0.134757256247027
0.190120448273337,78.8359274288079,2064.10705352676,0.896772643025177
0.197469208356254,8.78994173863968,2051.50075037519,0.418769687468795
0.139370915555251,65.9484816627422,2075.21260630315,0.257590950232327
0.0977834511170396,7.83381828565906,2072.3611805903,0.0684911716203375
0.198328607975062,30.1383713644719,2057.80390195098,0.860754077042194
0.109550053360086,5.75691805285236,2064.85742871436,0.0847319811635222
0.183259064375137,107.277248727328,2066.95847923962,0.804364333403481
0.179030707642018,8.25047817477399,2053.45172586293,0.331362826573087
0.197196799365729,7.99329205722658,2051.05052526263,0.383820978159261
0.167282746979475,4.32921447906216,2051.05052526263,0.174758333967365
0.16833624293654,4.57261925984919,2051.20060030015,0.185503694992113
0.113439362857267,1.53125056362849,2050.75037518759,0.0398923876596414
0.175390319376806,42.9445668859717,2063.35667833917,0.600766175150806
0.180724025348688,26.4000896312366,2059.75487743872,0.593250959033751
0.187594755203624,30.2252632807581,2059.30465232616,0.713808504027532
0.151211908376856,4.54636621906863,2053.60180090045,0.155480636511936
0.180944858678144,8.41843393067599,2053.30165082541,0.34388285151932
0.180798550023217,86.1953566475303,2066.35817908954,0.73048192088317
0.17677514576711,30.4874450288918,2061.25562781391,0.56811618228773
0.145706057314776,8.22675961020021,2058.70435217609,0.20237347384964
0.137521154625197,4.92802801770652,2056.60330165083,0.13542454693165
0.187835355131641,30.1383713644719,2059.30465232616,0.712117566726698
0.194327480250627,6.57210398204128,2050.30015007504,0.312860356164686
0.154465235819465,3.54925770971272,2051.35067533767,0.130904213468307
0.197632359997319,58.7749540238697,2061.25562781391,1.02104153488911
0.117209574723958,13.0400368809022,2069.80990495248,0.123253321489869
0.185310191874512,65.5698478688224,2063.95697848924,0.789648593354409
0.190659136179773,35.1064040208769,2059.75487743872,0.777207470290594
0.196578723365874,15.9514695864158,2054.8024012006,0.627540724095676
0.139828503908128,45.7525288743821,2072.3611805903,0.256835998310063
0.190903808686819,95.8838439353261,2065.00750375188,0.932668864563089
0.195412254477117,12.4171951294921,2053.60180090045,0.532169149560072
0.164582326556545,13.5373258656811,2058.55427713857,0.348629740710619
0.181837082333563,43.4419666010566,2062.30615307654,0.686050955392149
0.13926681636229,2.36506706799381,2050.60030015007,0.0780163562368559
0.197516086292752,107.277248727328,2064.4072036018,1.0980454828898
0.162118366038111,5.60966897361054,2053.30165082541,0.207449683105729
0.187007066025667,10.0925521055113,2053.45172586293,0.421101848601502
0.185903863361707,292.157072489078,2071.91095547774,0.893266005156135
0.183504645721172,9.15145972170511,2053.45172586293,0.375682685956222
0.150601440469069,18.5809222819382,2063.35667833917,0.289513757172825
0.195678573185677,18.7961333346796,2055.70285142571,0.678984822166348
0.176719211842684,7.58962040187813,2053.15157578789,0.305447596178442
0.160222530603371,236.098524694983,2077.31365682841,0.463601699183766
0.189741699565972,20.1407676346358,2056.90345172586,0.635671623074449
0.182603290409854,9.07276025359497,2053.45172586293,0.370588515415322
0.171616672540704,7.22711126890421,2053.60180090045,0.277569079527086
0.19953486146196,33.1421054672574,2058.10405202601,0.911111028455571
0.19819713087856,22.2119479273284,2056.15307653827,0.770292203161815
0.152055700651889,5.40359972355987,2054.65232616308,0.177522102193853
0.196503279694113,16.5597876601153,2054.95247623812,0.64377347231173
0.122896893331769,2.1944987299355,2052.55127563782,0.0622365301455676
0.127880785298959,4.760684680679,2058.25412706353,0.113611368179318
0.191306421628289,11.6887196334189,2053.75187593797,0.487979212982539
0.188115417737739,13.9728926204603,2055.10255127564,0.521490893291579
0.198735125129887,45.3590725519368,2059.75487743872,0.989012175673763
0.133917923800147,3.91424641100743,2055.40270135068,0.11179857256994
0.187969885904244,25.2842870786632,2058.40420210105,0.670139482194564
0.103027684013844,8.34603823722249,2070.71035517759,0.0801850857317636
0.198050626991821,19.1787679790464,2055.55277638819,0.707355664277766
0.173714777735564,13.4984086137474,2057.05352676338,0.408239351454249
0.178249033223031,9.58286508470002,2054.35217608804,0.363713680341637
0.19550355780809,9.15145972170511,2051.95097548774,0.425490751627094
0.193863547807113,11.3570049730287,2053.30165082541,0.49234699826072
0.180234267823814,6.55321042588835,2051.95097548774,0.280623576146262
0.145235115029901,9.04667778353943,2059.45472736368,0.209012792669935
0.174868089892876,23.0590127888488,2059.90495247624,0.512139624068995
0.124819566069952,2.00713065465068,2051.50075037519,0.0583759766998289
0.189743871325004,6.42246765119551,2050.75037518759,0.297373023687314
0.158407530522974,17.1418825295271,2061.10555277639,0.337954743733865
0.144653877226053,34.6046757095179,2069.05952976488,0.27993753819576
0.198656403847759,25.2842870786632,2056.75337668834,0.821622627121632
0.157674161554557,22.0844211988575,2062.90645322661,0.354026790089455
0.198173203497706,15.8142923261533,2054.50225112556,0.640625442774068
0.171615454496597,4.43008034640065,2050.60030015007,0.184492457892401
0.175473379678052,6.42246765119551,2052.4012006003,0.264887347667594
0.147340278046625,7.69966123740149,2057.95397698849,0.201761106686513
0.197061147424055,20.0828667363378,2055.85292646323,0.717530692687238
0.178325645057288,86.4438664168045,2066.8084042021,0.696983558395853
0.190727447238471,14.8437245167243,2055.10255127564,0.558798506710546
0.167868432102318,52.0809826503965,2066.05802901451,0.516586461361601
0.18591502313972,19.2895159816518,2057.2036018009,0.58621356699349
0.189914039812285,36.5502812104738,2060.05502751376,0.77755228799213
0.160457045130383,4.97077500682395,2052.85142571286,0.184563474827914
0.195523325896852,12.5610156350281,2053.60180090045,0.538642483021418
0.119177147042385,3.34103457688672,2057.2036018009,0.0802488808346431
0.174148151801169,4.65229147967714,2050.60030015007,0.196739169821438
0.181347960486214,15.3654978668113,2056.60330165083,0.492608052250702
0.179081804020089,18.053613516069,2057.80390195098,0.510114123145312
0.111452053946701,1.56692699337341,2051.50075037519,0.0400304693142616
0.143525312651368,9.80613514975012,2060.35517758879,0.209201480410563
0.186480575767772,79.7490340377456,2064.70735367684,0.844339740843583
0.160836744019488,14.716073490575,2059.75487743872,0.334818866759006
0.197501922444094,7.50272113554967,2050.75037518759,0.362391874230148
0.153046082815683,27.8042399468639,2065.45772886443,0.332428907280981
0.194023728640469,77.26307576868,2063.20660330165,0.99498296343356
0.189365546829916,10.3873347090322,2053.30165082541,0.442069813223595
0.175575908298919,9.74983462452457,2054.8024012006,0.355747597245713
0.159876401352368,57.2716222440805,2068.45922961481,0.43136921154927
0.167472322712804,13.5373258656811,2058.10405202601,0.365778142662078
0.195467841693198,35.2076192684563,2059.00450225113,0.858803936882672
0.152732485115681,5.49775074742009,2054.65232616308,0.181192999144009
0.185244237732915,61.1922854994662,2063.50675337669,0.791899693481425
0.162773159888435,92.0960619942828,2070.71035517759,0.480671093052209
0.190862236176376,337.389865403101,2071.6108054027,1.00779306392838
0.168177530153152,4.20635552139048,2050.75037518759,0.170927688298757
0.199121023965779,19.1787679790464,2055.40270135068,0.718817967898797
0.143751037898411,5.10125365829453,2055.70285142571,0.15193052000523
0.155931001051547,7.69966123740149,2056.45322661331,0.231847987524017
0.190980347620945,77.26307576868,2063.80690345173,0.918174629167154
0.181284167665605,15.9056121278034,2056.75337668834,0.502701963177215
0.0837875770448407,3.50861959151272,2069.35967983992,0.0390761329066743
0.196423383806232,33.4295886586368,2058.55427713857,0.866762050288974
0.173778068704559,25.4302914671788,2060.65532766383,0.515775719685347
0.151567688323737,2.82724106811333,2050.15007503752,0.102647446633876
0.146319224400954,3.51873529007318,2052.55127563782,0.119998495810361
0.163109269171003,12.169460288151,2058.10405202601,0.326255893074069
0.11093614519713,2.81100886708374,2057.50375187594,0.0630207978678538
0.192232211595447,11.3243557313592,2053.45172586293,0.483445878288573
0.160144676013606,18.1056638759021,2061.10555277639,0.355899807044214
0.167506559615416,5.17521601544173,2052.10105052526,0.205072641307228
0.0858226650507881,3.19062650772569,2067.10855427714,0.0400787334026563
0.103657520542017,15.9514695864158,2076.86343171586,0.0898908898127777
0.156580877897947,3.43861929685961,2050.90045022511,0.12920270772354
0.140017027782588,2.77083492243083,2051.65082541271,0.0916447918797299
0.198172428282711,10.9713498785374,2052.55127563782,0.504721345404893
0.103096897833188,1.88937898174206,2055.25262631316,0.0423768286940776
0.127344122722136,3.72728711692345,2056.30315157579,0.0981997983730416
0.173125187252958,9.80613514975012,2055.25262631316,0.343144287707505
0.119264870864432,18.5809222819382,2072.06103051526,0.137970666485092
0.166503692622185,51.3366596640957,2066.35817908954,0.492795105125707
0.173281792317575,5.40359972355987,2051.65082541271,0.224032966580627
0.198735217486875,10.5987906532703,2052.4012006003,0.491674764558591
0.145782144746703,5.62584220609726,2056.00300150075,0.166452229202235
0.184892146610663,76.5986393670066,2064.85742871436,0.800565825561417
0.16139499969873,32.0166835936232,2064.55727863932,0.409410956553538
0.105864536215572,1.53566531100084,2052.4012006003,0.0368571990950928
0.0828345868937713,4.24284253669373,2072.21110555278,0.040381405023265
0.192236854708043,17.2905756504487,2055.70285142571,0.620160111950405
0.152546605664878,6.96162583541039,2056.30315157579,0.208713070641757
0.19638945170934,12.4529951356256,2053.45172586293,0.5406845409229
0.195560003381021,69.0573330958311,2062.45622811406,0.997679870312092
0.193208757072208,6.25819530279368,2050.15007503752,0.296189664580084
0.190610502367606,36.9736199650277,2059.90495247624,0.801904408137963
0.120614453682018,15.7688292262238,2070.26013006503,0.138717904791563
0.173079218843909,8.68929909148323,2054.50225112556,0.319656427010383
0.192731665011915,12.8907317012169,2054.05202601301,0.529903959484089
0.155966523223447,4.55947384416678,2052.85142571286,0.164767452395497
0.18459527261594,102.743164577046,2066.50825412706,0.819758790226033
0.143406263377874,4.97077500682395,2055.55277638819,0.14900445840526
0.179364728048976,15.8598865007128,2057.05352676338,0.484515714784458
0.178697774446844,22.2759871780403,2059.15457728864,0.539983653632136
0.197358638282186,50.6029742786953,2060.50525262631,0.988737974172506
0.178402340829785,200.944335843297,2071.46073036518,0.746030152514422
0.18260349668553,36.13178957939,2061.10555277639,0.675964361340794
0.147926254752833,8.94309557251015,2058.85442721361,0.218375094806902
0.181876564722058,43.3170791620244,2062.30615307654,0.684262441176384
0.177952691602997,13.5373258656811,2056.45322661331,0.436383841812749
0.113302048757556,3.1450272019994,2057.95397698849,0.0703242440558745
0.169444101112649,6.22226476776323,2053.00150075038,0.242532735448181
0.170518355312698,4.91386086905364,2051.35067533767,0.201428866444132
0.173653602131419,10.690727303607,2055.70285142571,0.362121501462051
0.192574281903343,8.25047817477399,2051.80090045023,0.37972688159954
0.174115458265332,4.99947880072813,2051.05052526263,0.210632034163905
0.152838077461647,4.49431145638251,2053.30165082541,0.156931341513333
0.196758697185757,11.8241026687353,2053.15157578789,0.524298264139106
0.182788181778252,59.4557070854439,2063.80690345173,0.745128809600283
0.193629677512759,25.9479782891666,2057.65382691346,0.7541652287236
0.199956893312004,44.5822815844455,2059.45472736368,1.01279605424306
0.175058043500577,41.9667875574435,2063.35667833917,0.588114490827041
0.183685681946964,18.3681753422353,2057.2036018009,0.556232372165346
0.177886907935706,10.6293480187976,2054.95247623812,0.386785985217958
0.185706761924808,8.94309557251015,2053.00150075038,0.379605769214803
0.131995089066923,4.61228334151361,2057.2036018009,0.119273775096111
0.197236820597802,55.1677690041581,2060.95547773887,1.00576761555557
0.124086566380856,2.67674439360146,2054.20210105053,0.0741374994747066
0.157057324803879,9.07276025359497,2057.35367683842,0.25602473035598
0.101377347404471,3.61109912366059,2062.75637818909,0.0597233819760458
0.181583062239067,6.59105201019205,2051.80090045023,0.286322365639547
0.163573304506754,22.598963573615,2061.85592796398,0.404231027163559
0.141372947029129,3.88058521159597,2054.05202601301,0.122482996474246
0.182798313236383,11.2269700901773,2054.65232616308,0.426297394922596
0.0929828663661501,2.44820179377353,2061.10555277639,0.0418947081148736
0.190710397999152,325.932960987591,2071.46073036518,1.00344400019286
0.182149829759347,38.0535430450317,2061.55577788894,0.669056885774933
0.163010892382851,4.73335188912938,2052.10105052526,0.182491538997243
0.110847846785213,1.70827639380871,2052.4012006003,0.043169336125894
0.130456684099118,12.2397329678754,2065.15757878939,0.168935745418644
0.191442191344617,7.58962040187813,2051.50075037519,0.349943232607504
0.19538435387742,17.0926028588123,2055.25262631316,0.643779973919217
0.19943787433682,26.4000896312366,2056.90345172586,0.843856698243576
0.176985848081319,10.6293480187976,2055.10255127564,0.381691729039565
0.106714228798934,5.70741049859425,2065.60780390195,0.0797210134116027
0.167492054431638,4.46850800867783,2051.20060030015,0.180364874445681
0.168214439136423,39.7328563803063,2064.4072036018,0.498330381333623
0.177560848139287,38.6052759973495,2062.45622811406,0.607650847830974
0.187313531236974,10.9398093223365,2053.90195097549,0.443928409009654
0.198348315024996,8.91738586389294,2051.50075037519,0.427063234903083
0.166679385106615,16.8968968064112,2059.45472736368,0.397126958831404
0.19945601011625,14.0940971036004,2053.75187593797,0.607626294856517
0.184713019176948,20.7290378618468,2057.80390195098,0.589396040136203
0.163046929559353,12.9651693704974,2058.55427713857,0.333348008047181
0.172933323668348,36.235961115318,2062.90645322661,0.546650475304071
0.176831959114257,7.85640396138943,2053.45172586293,0.311815743026232
0.169262954573056,16.2294041616006,2058.85442721361,0.407011072742043
0.149121227608232,46.8185117519142,2069.95997999,0.32147101123001
0.141302714036851,5.89104782059798,2057.2036018009,0.159013598927066
0.194564177929737,6.66739199053658,2050.45022511256,0.317639898760003
0.122894753464289,1.69358579278262,2050.15007503752,0.0482532266893996
0.186847413219143,8.96887940476934,2052.85142571286,0.385270803673339
0.195776139963424,16.7998856852757,2055.10255127564,0.64211840168014
0.100025394011976,62.6179974805149,2092.47123561781,0.08680824525719
0.192332587428821,7.99329205722658,2051.65082541271,0.36875680001859
0.150103081254447,53.6021605942022,2070.56028014007,0.335298231352139
0.193398972304248,6.33068001474387,2050.30015007504,0.300150526077162
0.198326812038072,27.015182265558,2057.2036018009,0.831877168291519
0.140992669175592,3.0557743442915,2052.25112556278,0.100859332980056
0.178157885387838,11.4555185704036,2055.40270135068,0.403668992243043
0.169560933301642,8.58980877761041,2054.95247623812,0.302213889842634
0.190384125579539,111.048162785556,2065.75787893947,0.953988354316398
0.19807443267875,7.02201277776474,2050.30015007504,0.341140226347056
0.194935494276965,34.5051938106528,2059.00450225113,0.841763007185083
0.164741029027023,4.37935702804035,2051.35067533767,0.173010674738578
0.169937550571405,12.66997313217,2057.2036018009,0.374340429486286
0.189192399520034,5.90803229623124,2050.30015007504,0.273483016812592
0.18057653285108,56.1289989622505,2063.95697848924,0.697488130824024
0.131323689996709,2.01872085226992,2050.45022511256,0.0622069174731465
0.189603581745462,350.256413647817,2072.06103051526,0.982574775836293
0.19771219890359,75.5039187012513,2062.45622811406,1.07821533891506
0.137803597741212,5.02834834499989,2056.60330165083,0.138401284192146
0.175017887658207,4.45566189315493,2050.30015007504,0.189328297077723
0.152719891160926,113.308780622132,2074.7623811906,0.376503590787829
0.175760753602947,21.5815941337228,2059.45472736368,0.505218498352707
0.185770072547532,47.6342662567927,2062.15607803902,0.756421237909265
0.0988695096454787,2.76286929599819,2060.65532766383,0.0500546573297941
0.168680331224377,31.1977684837926,2062.90645322661,0.479816477437252
0.196160075659344,8.96887940476934,2051.80090045023,0.420827258683597
0.148366060399172,5.67464221589759,2055.55277638819,0.17446055655169
0.164896064609598,9.0989179220007,2056.00300150075,0.292056115067757
0.194432804903463,7.20633469066447,2050.75037518759,0.342160779267833
0.165338467441054,25.65088039011,2062.30615307654,0.43144820158613
0.190791881435501,84.9634830921517,2064.25712856428,0.938425502252269
0.193351008110276,62.9795857825214,2062.30615307654,0.942706670994905
0.184025754835542,21.7687984609418,2058.10405202601,0.597371441283987
0.190013269899457,6.72522667244931,2050.90045022511,0.310989208098266
0.197616413282318,10.1508316565282,2052.25112556278,0.472309141802884
0.192110972846093,11.5216685859765,2053.60180090045,0.487111280028417
0.168605979200717,5.49775074742009,2052.4012006003,0.21757945848225
0.143439074488141,35.4109260457599,2069.50975487744,0.273854881793135
0.163332617177772,10.0057595601981,2056.90345172586,0.298363636340539
0.130260964294498,8.41843393067599,2062.30615307654,0.15066510850227
0.144981188494104,5.84038679556032,2056.45322661331,0.167751417551255
0.175906851945869,21.7062172818814,2059.45472736368,0.508092453349786
0.18181367341031,4.94223601165526,2050.15007503752,0.219028095480077
0.196776882194622,63.7090384303399,2061.85592796398,1.00844590211872
0.169720938343097,14.505756572389,2058.10405202601,0.393137570820856
0.138908090520951,2.23273514877728,2050.15007503752,0.0733349517196339
0.11749205290035,2.37188579111585,2054.35217608804,0.0619274149804359
0.183499021050775,16.3701822092467,2056.60330165083,0.527133274278626
0.189879359511921,85.9475612968492,2064.55727863932,0.909090226374791
0.180676990153949,10.2094477434412,2054.35217608804,0.391778148692469
0.124513250651004,2.28475538672293,2052.70135067534,0.0655046916092397
0.169476362738067,15.4987821679022,2058.55427713857,0.401353147085483
0.107705231651194,6.40400427119728,2066.50825412706,0.083766786703202
0.196673575286136,9.58286508470002,2052.10105052526,0.445316197239111
0.0724218026513005,7.81129753947542,2087.06853426713,0.0333068268045732
0.18110873514855,69.2564322420242,2065.00750375188,0.727033013241492
0.183277153973818,13.7336016436691,2055.70285142571,0.480454128284774
0.190768720137044,11.1946946742062,2053.60180090045,0.470208928899859
0.145248166716981,5.5454396587911,2056.00300150075,0.163581034784463
0.18669376260252,27.2495189410318,2059.00450225113,0.669911385133574
0.141840802090299,5.29579277470977,2056.30315157579,0.151358465501979
0.103227483594454,6.90175820040029,2068.75937968984,0.0770926981156051
0.163106466789204,7.65545473146367,2055.25262631316,0.25706341011995
0.138462815391013,2.77882351455518,2051.95097548774,0.0903911656978558
0.155850871482519,82.7903073513056,2071.91095547774,0.397175737978865
0.167132832440202,7.3318961356485,2054.35217608804,0.265052083107889
0.135304287037773,13.1910713679069,2064.55727863932,0.18994252033013
0.146432892768692,11.8923810771604,2061.10555277639,0.236723187371212
0.185053918808552,19.682194462711,2057.35367683842,0.588059989851134
0.174483609826451,11.7901106095195,2056.15307653827,0.386686172956257
0.16218258472131,12.3104114379469,2058.40420210105,0.320827503240184
0.174153333291424,14.0131778568844,2057.2036018009,0.418074578363795
0.192231251980681,7.20633469066447,2051.05052526263,0.337455662505647
0.15033561817783,7.41681684421187,2057.2036018009,0.207374469806106
0.160285373241881,5.22010717715947,2053.15157578789,0.191661436565451
0.160589342635289,5.5136013085513,2053.45172586293,0.200687892648612
0.165502577035621,7.78884153617836,2054.95247623812,0.269572141218731
0.160861185730573,56.7791056024212,2068.15907953977,0.442216483264233
0.0978952798337904,1.92784124639408,2056.90345172586,0.0395250734271197
0.19412747210635,161.920682445937,2067.10855427714,1.0565175226342
0.148513398849769,20.6100250498449,2064.55727863932,0.28140473317764
0.155473617041647,224.821561296073,2078.36418209105,0.414548866229225
0.170221360238582,25.2842870786632,2061.25562781391,0.479119077732022
0.156329801490848,18.8503244528549,2062.15607803902,0.331656505807103
0.195945576458998,6.96162583541039,2050.45022511256,0.334311556711088
0.103491523659511,8.73947554283164,2071.01050525263,0.081763009770455
0.195132451376404,8.08587329578959,2051.35067533767,0.381675458824651
0.161598144735574,5.75691805285236,2053.60180090045,0.209421013933855
0.145166498981968,2.83539228475476,2051.05052526263,0.0979354350220707
0.166828937414002,9.31091255809072,2055.85292646323,0.304257781985262
0.17735943421735,4.65229147967714,2050.30015007504,0.200545091788121
0.14951872261318,9.86276078296599,2059.30465232616,0.232289752761644
0.0921771977703598,2.61579919085284,2062.30615307654,0.0423571065091891
0.111540753190161,3.98244730043134,2060.65532766383,0.0771763283782388
0.188115644406157,55.4863358814509,2062.60630315158,0.81248803160798
0.180996472598486,263.393559440579,2072.51125562781,0.783118108034519
0.177519417065577,17.8983585267682,2058.10405202601,0.489032946736465
0.119929148138106,4.66570449781614,2059.90495247624,0.0976335205687279
0.18928569803738,65.0059692846113,2063.20660330165,0.861198505140423
0.186592436969334,151.110563018577,2068.15907953977,0.890121023233135
0.159503332664675,35.2076192684563,2065.45772886443,0.404178016684905
0.189158197241744,10.8145512259435,2053.60180090045,0.451508196647585
0.182785166822645,8.34603823722249,2053.00150075038,0.34930223345815
0.133367389396904,38.1632551869613,2073.11155577789,0.212694082171284
0.154942161152946,98.4007139681323,2073.26163081541,0.392661544141593
0.195401573076861,8.15601225127809,2051.35067533767,0.385985124537376
0.182829695933585,24.5667432445612,2059.00450225113,0.605603672231301
0.178045925011909,11.9610537599916,2055.70285142571,0.411229636344374
0.179957258234549,5.80685504843578,2051.20060030015,0.252457457452621
0.166867954258875,31.8328643748612,2063.35667833917,0.464678356014098
0.169534873267605,4.0518365057735,2050.30015007504,0.166338156822558
0.135011251846093,31.8328643748612,2071.16058029014,0.219983991810448
0.189729794608986,13.5763553199153,2054.8024012006,0.521626894076623
0.11873223673393,45.3590725519368,2079.86493246623,0.146356663429012
0.160484423576804,3.92553157195246,2051.20060030015,0.150993169051449
0.185883834485323,12.6335493553273,2054.95247623812,0.473182897183836
0.191520255402736,11.1625120439526,2053.45172586293,0.474721172432526
0.13923685324513,17.1913042784243,2065.45772886443,0.221777566885234
0.178267445541514,21.3959997006003,2059.00450225113,0.52780750504776
0.184808130122455,7.50272113554967,2052.10105052526,0.328146147322485
0.133737246011217,95.8838439353261,2079.86493246623,0.227491038046416
0.17840193452194,7.97031285410644,2053.30165082541,0.321410266053138
0.190569996287831,119.335372285126,2066.20810405203,0.946785426154973
0.177062912057265,19.9101608535235,2058.70435217609,0.508337497035887
0.180031150523607,17.2905756504487,2057.50375187594,0.505145840090063
0.169950392882329,5.74036800209287,2052.4012006003,0.229272773267391
0.149242329136545,3.59036651349369,2052.25112556278,0.125730840044142
0.151747897018944,5.04284557241036,2054.20210105053,0.168769766372501
0.194201877272566,9.74983462452457,2052.4012006003,0.443242142830851
0.1822551861922,6.1865405227709,2051.35067533767,0.271897830146311
0.199407292755791,19.4568382303861,2055.40270135068,0.729892291480721
0.169928651504592,6.20437693319619,2052.85142571286,0.243911221540035
0.194756011345327,7.99329205722658,2051.35067533767,0.376610700241705
0.121428175340415,2.10780755947618,2052.55127563782,0.0588877729531725
0.18836816209885,5.87411217212038,2050.30015007504,0.270801681957189
0.19859776376347,10.8145512259435,2052.55127563782,0.498312321044996
0.187117025317594,66.9046593948815,2063.65682841421,0.835583840336894
0.191172594837598,71.4847748067636,2063.35667833917,0.913906492739514
0.194386466581647,14.1347317845805,2054.35217608804,0.573082462109993
0.165488377671835,3.81412874828321,2050.45022511256,0.152524511658212
0.131614684937631,3.35066711121492,2054.65232616308,0.0969900450979119
0.170356648537923,8.96887940476934,2055.10255127564,0.31408512153261
0.150688992242156,3.97099851752979,2052.70135067534,0.139168210027998
0.143295033762258,16.2761951447872,2064.10705352676,0.239120290814593
0.164769853066901,4.45566189315493,2051.50075037519,0.175905058663001
0.149054361366502,4.24284253669373,2053.45172586293,0.143894424878798
0.191227289199876,10.7215497316231,2053.30165082541,0.459601675990964
0.132781812899631,3.99392909131044,2055.85292646323,0.110885010251285
0.19686441560115,8.06262793911584,2051.20060030015,0.385761767329415
0.167710300395307,5.16033824803901,2052.10105052526,0.205053230065437
0.154538368662435,7.69966123740149,2056.60330165083,0.227974251241549
0.181185241690228,62.4379825789225,2064.4072036018,0.720288894373029
0.151908938879525,31.1977684837926,2066.50825412706,0.328816308780289
0.186690888298586,10.5076446271293,2053.75187593797,0.430031557607484
0.19364942728024,63.1611621799113,2062.30615307654,0.944159553230097
0.079422956065149,5.20510035615579,2076.71335667834,0.0385750183895154
0.197900737732128,142.245409398223,2065.75787893947,1.14071197186603
0.16812621143952,7.3318961356485,2054.20210105053,0.267815081701543
0.115815853690751,4.39198314906283,2060.50525262631,0.0871618483536951
0.194794937113577,14.6315832552147,2054.50225112556,0.585808039241207
0.186316907235399,6.8227347852315,2051.50075037519,0.305991616807704
0.171634227535554,4.17018228211692,2050.30015007504,0.173611919245808
0.199032048258961,9.91971340151178,2051.95097548774,0.469118449333477
0.156066846424616,18.3681753422353,2062.0060030015,0.328353390409735
0.15919197250232,7.92455244054436,2056.00300150075,0.249311056652106
0.163611866704249,4.08698318318596,2051.05052526263,0.160867633286584
0.194354908311303,130.851647428524,2065.90795397699,1.05593446896094
0.185004292199422,305.050044563849,2072.3611805903,0.873074931289274
0.154067269563813,112.011423259938,2074.31215607804,0.38857638107817
0.192627046221002,63.8927179121216,2062.45622811406,0.936968898697836
0.189308692101623,22.4692148500539,2057.50375187594,0.663874326753506
0.196440902359385,49.7363795461226,2060.65532766383,0.952602968532502
0.125174176468234,1.79396288338358,2050.30015007504,0.0522453159192439
0.181376426457001,6.55321042588835,2051.80090045023,0.284120127642308
0.175187613392129,6.02830266228601,2052.10105052526,0.250269404070508
0.18380099520569,12.5249050903856,2055.10255127564,0.461300981532718
0.161937450892238,6.74461616851603,2054.65232616308,0.233408995681216
0.195169047723205,12.0648070327153,2053.45172586293,0.52065212735312
0.191242971610925,45.7525288743821,2060.95547773887,0.851099387205439
0.189916010913102,7.14436264200497,2051.20060030015,0.329431754998824
0.193654996613077,26.5525372336299,2057.80390195098,0.758069999684599
0.197784614561358,119.335372285126,2064.85742871436,1.12584700884833
0.155723844522743,11.5882005855279,2059.15457728864,0.279009902052085
0.140933695115494,28.5340777947752,2068.60930465233,0.252697143273391
0.17638756048728,5.65832869261085,2051.50075037519,0.239690284180213
0.182890805923371,179.086671941064,2069.95997999,0.807773514220155
0.149070524540396,80.2095456951702,2073.56178089045,0.335745652319392
0.194191292620192,18.7961333346796,2055.85292646323,0.666860526588812
0.18681380293534,55.009172100585,2062.75637818909,0.793014674458664
0.19439932952166,55.6463084955692,2061.55577788894,0.933871585822518
0.0972142548749186,3.21830282695794,2062.90645322661,0.0519912075157639
0.171103310394404,12.4529951356256,2056.90345172586,0.379250780292731
0.087630156648598,1.05318733137807,2051.65082541271,0.0202954871269631
0.129207741157548,10.1216499350543,2064.10705352676,0.15476630364097
0.182337086298503,14.4640552653053,2056.15307653827,0.484741561201265
0.149377813567266,25.5036095217804,2065.75787893947,0.300317391657853
0.194255384372549,7.18561784115829,2050.90045022511,0.340472868233456
0.198751280061436,172.507984971374,2066.50825412706,1.19592192069617
0.147019698884365,4.44285270778494,2054.05202601301,0.145619160073233
0.173775699250625,6.90175820040029,2053.00150075038,0.275121241250649
0.16191684463727,18.3153703115779,2060.95547773887,0.365766026677866
0.191276511644603,56.4531164723065,2062.15607803902,0.874272861509957
0.18928293587688,30.0517292460135,2059.00450225113,0.737332547881143
0.0960670343285979,1.37652687910296,2053.30165082541,0.0294275110608034
0.186487048134918,19.0138370407198,2057.05352676338,0.587612530949443
0.13781628338782,153.301493754303,2081.81590795398,0.256785690703673
0.191120191943987,13.0400368809022,2054.35217608804,0.521187738580835
0.180213408876307,9.72180569368846,2054.20210105053,0.376401648196472
0.184600607978568,15.3654978668113,2056.15307653827,0.518392954555725
0.172207485864199,249.372875024693,2074.31215607804,0.632811028266284
0.163159795615342,11.7224193723862,2057.95397698849,0.318919734894478
0.166705774883943,10.8145512259435,2056.75337668834,0.329906230029041
0.16221091880844,4.31676880609627,2051.65082541271,0.166931114159837
0.187699360675236,27.5651328577691,2058.85442721361,0.690271243121504
0.171471058096251,6.72522667244931,2053.15157578789,0.263508096335103
0.117479155025453,108.207799318237,2087.81890945473,0.145895357787111
0.122302953239837,4.54636621906863,2059.15457728864,0.100379300718236
0.186057914471911,10.690727303607,2053.90195097549,0.432077955655699
0.1818480145383,7.54604567969013,2052.55127563782,0.319912698973303
0.138059035187189,11.756216271046,2062.90645322661,0.198217031125733
0.173603609673273,8.94309557251015,2054.65232616308,0.326658623215132
0.176409139562552,7.92455244054436,2053.45172586293,0.31386781400176
0.176252916621157,14.4640552653053,2057.05352676338,0.439837512582397
0.157623291112224,6.862132740856,2055.40270135068,0.222582880956734
0.174255096029245,73.5726974460868,2066.8084042021,0.616211723437934
0.0942667570124737,8.58980877761041,2074.91245622811,0.0635801622391301
0.195026527054339,22.1480927773524,2056.60330165083,0.72777423579324
0.180961683321368,58.269509235766,2064.10705352676,0.705187426561819
0.183687042775021,38.3836293157633,2061.25562781391,0.7001776217463
0.173857037189251,6.53437118513655,2052.70135067534,0.264223547715812
0.160350910611039,111.689411599606,2072.51125562781,0.458876038524813
0.181342552206022,23.0590127888488,2058.85442721361,0.579320570284673
0.190675727499016,55.4863358814509,2062.15607803902,0.860809748016323
0.168641792173667,67.6795736840215,2067.40870435218,0.54504334850385
0.183568916954953,12.7798757548119,2055.25262631316,0.464329918235916
0.193720329840854,53.7567009439374,2061.40570285143,0.925915040635191
0.199651069954079,7.4382002633935,2050.45022511256,0.364177304666639
0.190008161137309,11.6551167748285,2053.90195097549,0.479478084283223
0.199407391194824,91.8313032315627,2063.20660330165,1.14338222025615
0.104671281432112,1.37652687910296,2051.35067533767,0.0327152347984264
0.149255429220376,3.27437776251048,2051.50075037519,0.116037170272821
0.128562953804587,3.24621921773864,2054.95247623812,0.0909715718968223
0.171213168220576,5.08658851868221,2051.50075037519,0.208947912932977
0.170348709412182,8.370100693918,2054.65232616308,0.301057098878702
0.187035142599211,11.9955386652786,2054.50225112556,0.467788444420152
0.0820903998004066,2.41321295951054,2065.15757878939,0.0326435765065266
0.17026126560265,26.3241943658462,2061.55577788894,0.479967941706651
0.113502682893475,1.91677282105974,2053.15157578789,0.0493749444032389
0.172397777920204,4.41734470314007,2050.45022511256,0.184680013409472
0.136243995353312,21.8315600677534,2068.00900450225,0.215652266375654
0.189428639810793,43.3170791620244,2060.95547773887,0.81081324518861
0.184719466290803,6.02830266228601,2050.90045022511,0.270957790498463
0.184671589224722,12.7798757548119,2055.10255127564,0.471732657968024
0.180909065028923,7.52435222533039,2052.70135067534,0.315643235999709
0.162867788877634,14.5895202202118,2059.30465232616,0.348161683355818
0.148555658424142,7.4382002633935,2057.50375187594,0.202391518555948
0.187253300907544,6.36723659478765,2050.90045022511,0.289999505476718
0.0650125655681473,1.06232295058138,2059.30465232616,0.0139694420707884
0.190897360634457,11.858192730432,2053.90195097549,0.489767179727984
0.192995537943703,11.1946946742062,2053.30165082541,0.484054938894797
0.0924678459648209,1.27725193454067,2053.15157578789,0.0261744156434808
0.164434973662455,3.84721348715026,2050.60030015007,0.152721333285602
0.19080525897236,82.7903073513056,2064.10705352676,0.937415723283348
0.181935027217587,16.7998856852757,2057.05352676338,0.515670281169502
0.136370137026567,51.7819671225966,2074.31215607804,0.238285075190771
0.175104085616349,12.3814980416064,2056.30315157579,0.401227056629476
0.163517260036889,99.5404271062777,2071.01050525263,0.491413226110248
0.190027402129834,61.9010369802681,2062.75637818909,0.877530501723572
0.14666831717034,27.3280820090234,2066.8084042021,0.287932017720628
0.172608821133646,6.40400427119728,2052.70135067534,0.257022109682493
0.147637193900877,5.90803229623124,2056.00300150075,0.176735902948308
0.180911474605687,333.526835341291,2073.71185592796,0.804632203790579
0.182652492062438,18.3153703115779,2057.35367683842,0.545174430914706
0.127259163947217,4.91386086905364,2058.70435217609,0.113710973832159
0.198648286318184,16.464712003024,2054.65232616308,0.661131196647286
0.183852658813778,128.241032730368,2067.85892946473,0.820652163248782
0.125399151660346,1.80952418124502,2050.45022511256,0.0529356442553757
0.109974370129995,11.9266679922861,2071.46073036518,0.102330037186397
0.175214479109337,26.4762037102107,2060.65532766383,0.535326661131181
0.123608670130356,2.54889290196729,2053.75187593797,0.0711332383921456
0.199700805386215,45.2286737958236,2059.6048024012,1.00610154885395
0.118487747411291,2.03037797761035,2052.70135067534,0.0551967648214455
0.116757244661864,1.76324060258228,2051.65082541271,0.0475163867246579
0.166889511242828,17.0926028588123,2059.6048024012,0.395160142705617
0.196591887010769,100.403866506169,2064.10705352676,1.09075573400922
0.119870836677812,11.0029813692926,2067.40870435218,0.128075654293596
0.194665776141518,44.9689998212073,2060.35517758879,0.905365718598923
0.0814818538575344,31.8328643748612,2098.17408704352,0.0490418538773599
0.175955518825331,13.3823268507784,2056.60330165083,0.423109155758784
0.179152336553925,36.3404329881246,2061.85592796398,0.618877973658355
0.169416648461278,15.7234968241093,2058.55427713857,0.406858921055813
0.174114040991875,29.3674992776149,2061.40570285143,0.539865372157263
0.188847100918199,5.65832869261085,2050.15007503752,0.261012064818504
0.191850931383945,8.63941072106801,2052.10105052526,0.392750132593407
0.198806065004183,61.3687089327262,2061.25562781391,1.06057764015479
0.156486948602157,3.68461060628057,2051.35067533767,0.137694990899736
0.16194595832832,15.4542261000141,2059.75487743872,0.351776423479123
0.18028867651106,17.4405585739443,2057.50375187594,0.509480826635362
0.172975024500671,7.41681684421187,2053.60180090045,0.286871556856614
0.0733665222444951,5.94214829246472,2082.41620810405,0.0331599231207561
0.134801359283238,11.756216271046,2063.80690345173,0.182413897649209
0.193683616344949,11.3570049730287,2053.30165082541,0.491554863699689
0.184623903718278,147.670016389381,2068.45922961481,0.845058718751871
0.182824481053635,32.1089908705141,2060.50525262631,0.651776688786878
0.143804315505122,25.0668507346102,2066.95847923962,0.264792617543901
0.185979853826868,148.522738492161,2068.15907953977,0.881146125804002
0.158223296273357,3.9368492691367,2051.65082541271,0.148470891744482
0.15056044978645,5.41917883794353,2054.95247623812,0.174146161927369
0.179661410573185,6.47817779606607,2051.95097548774,0.276752397738481
0.161967972299189,9.86276078296599,2057.05352676338,0.289239056109471
0.170661104131104,79.5197706455576,2068.00900450225,0.572653362834825
0.182925865471924,22.3402110602687,2058.40420210105,0.592343389165501
0.186266697235177,5.41917883794353,2050.15007503752,0.246932683145682
0.119899991045798,2.66137624774655,2054.95247623812,0.0698190615517292
0.193264099305871,9.20430492459876,2052.25112556278,0.418592982761098
0.193434505720013,13.1910713679069,2054.20210105053,0.538291334934509
0.191962760324793,54.2230004661768,2061.70585292646,0.898092785470496
0.178724635377845,369.949151440208,2074.91245622811,0.752302416246414
0.178172259333539,30.0517292460135,2060.95547773887,0.580681100393504
0.101267732703107,8.99473757437633,2072.21110555278,0.077571362182271
0.172745822921978,36.9736199650277,2063.05652826413,0.546574366418357
0.195470456275953,18.6882180181159,2055.70285142571,0.674773072579904
0.158492076566978,18.7420980057214,2061.70585292646,0.345432795910436
0.151971246279952,4.73335188912938,2053.75187593797,0.161645796838509
0.156882630522335,10.0925521055113,2057.95397698849,0.271115925227999
0.191231563666042,12.3814980416064,2054.05202601301,0.505600100412936
0.194206771404517,9.2308418493486,2052.10105052526,0.424802722180618
0.199732973485724,23.8695626167564,2056.45322661331,0.803624244827263
0.192862416181704,10.2388825947119,2052.85142571286,0.45269835933609
0.161446160920201,31.5591124739724,2064.4072036018,0.411436665361637
0.145761978323478,2.69220128298041,2050.60030015007,0.09347375817626
0.187194211929853,7.2688443008963,2051.65082541271,0.326959390244607
0.181935212215205,13.8926692519835,2056.00300150075,0.471092066559843
0.0834258142001892,13.6547521301788,2086.31815907954,0.0496455160887473
0.0641129414049601,1.30325307163827,2063.80690345173,0.0156842595983111
0.198258265827836,18.5809222819382,2055.25262631316,0.705091906112522
0.144811082967444,22.0209326641103,2065.90795397699,0.26177723887213
0.181979833342915,55.1677690041581,2063.65682841421,0.711148087715641
0.174507582411509,6.8227347852315,2052.85142571286,0.274854394561956
0.176394441320928,6.42246765119551,2052.25112556278,0.267521482664281
0.174340812161039,7.92455244054436,2053.75187593797,0.306210450362559
0.165320502642782,66.7123211508998,2068.15907953977,0.496537816233617
0.131049355804796,2.07171057200942,2050.75037518759,0.0637800678717483
0.115367789387717,2.75492656923522,2056.30315157579,0.0667566199789384
0.112131774651975,7.97031285410644,2067.10855427714,0.0982333000296928
0.165328055760028,37.9441463047634,2064.70735367684,0.464518405275635
0.190497664612164,14.0131778568844,2054.8024012006,0.54057421742671
0.139367912118123,77.26307576868,2076.26313156578,0.26285556964518
0.158533604356301,16.5597876601153,2060.95547773887,0.331803226302733
0.195217581271165,91.8313032315627,2063.95697848924,1.0339529213689
0.190051468501212,38.4942931291769,2060.20510255128,0.801440705299321
0.0840502926653234,1.26991877487462,2055.40270135068,0.022963506187812
0.167962770890893,14.716073490575,2058.40420210105,0.386286263453421
0.17427940608089,11.4885459675579,2056.00300150075,0.380911140872826
0.17851177820664,8.44270511134198,2053.60180090045,0.335160140479615
0.182843136632789,73.1502903055345,2065.00750375188,0.758131981314027
0.0930904599574426,2.86823283751515,2063.05652826413,0.0451088977114898
0.126394962824657,6.84240540686637,2061.55577788894,0.130002931783946
0.180186784422193,59.7990347074476,2064.4072036018,0.694421781666205
0.199600710639459,8.370100693918,2051.05052526263,0.407010582256237
0.168527142463754,8.6145740489714,2055.10255127564,0.298673636899696
0.0834694526308372,2.91820823764409,2067.10855427714,0.0363936732561254
0.166224096630716,4.99947880072813,2052.10105052526,0.196434911998102
0.197658165686305,12.0301229939707,2053.15157578789,0.534116441357771
0.159768222084044,3.6424227310724,2050.90045022511,0.139832325383189
0.182745539870287,12.0995910689866,2055.10255127564,0.443502768225479
0.188008025712486,37.4018619842125,2060.50525262631,0.750022498320347
0.122792938219552,1.75817161928149,2050.60030015007,0.0501759021854781
0.109100442998622,6.94161247758823,2066.8084042021,0.0883020672138257
0.169664490083152,7.31081832073186,2053.90195097549,0.27371664874188
0.180459171391084,17.4908414355252,2057.50375187594,0.511060934781448
0.183656469275025,5.19013667692469,2050.15007503752,0.232914584423258
0.194948486170792,209.208894717806,2068.15907953977,1.11668307847453
0.19223891910934,95.8838439353261,2064.70735367684,0.97093222452372
0.186744245152111,37.9441463047634,2060.65532766383,0.747376743188894
0.162065264323161,4.81582467568853,2052.4012006003,0.183130757684642
0.156357021778566,5.60966897361054,2054.20210105053,0.192878833849962
0.144323022964948,28.4520477169552,2067.70885442721,0.273291611186153
0.189802238256273,70.6662919109886,2063.50675337669,0.889171305850673
0.170290064905056,12.8536732852339,2057.2036018009,0.379721160119178
0.128453568772361,5.5136013085513,2059.30465232616,0.123485005729756
0.191233080753928,13.2672433518329,2054.50225112556,0.525359878070081
0.104423056511893,3.30278056177977,2060.95547773887,0.060843582852327
0.175555527713157,12.9651693704974,2056.45322661331,0.415189534678023
0.182003706817313,21.8315600677534,2058.40420210105,0.578376846523442
0.107345901484803,1.71814085427452,2053.30165082541,0.0415041563616811
0.19113566494689,188.069590808229,2068.45922961481,0.99514414063727
0.0889536846981524,16.464712003024,2084.96748374187,0.059394470809295
0.169271432526038,4.21848286189654,2050.60030015007,0.173052225988643
0.160629099918629,9.04667778353943,2056.60330165083,0.274140493362947
0.137204164637653,13.8926692519835,2064.4072036018,0.201838259741371
0.165668018389913,6.57210398204128,2053.90195097549,0.241268587424187
0.186029611101585,183.787546033967,2069.35967983992,0.883528358833475
0.185875130069836,98.4007139681323,2066.05802901451,0.83645292671212
0.142666810140783,5.31106107095859,2056.15307653827,0.153460843104587
0.162615151559286,18.7420980057214,2060.95547773887,0.373802665495835
0.190708365898897,15.7234968241093,2055.40270135068,0.576191184416163
0.187023527378245,228.081217397262,2070.26013006503,0.921960720368252
0.133822399936142,3.68461060628057,2054.95247623812,0.107098457397144
0.188696157119144,35.1064040208769,2060.05502751376,0.748422016408345
0.133699432166414,2.65372529430481,2052.4012006003,0.0824496191440449
0.18521492625215,39.5047358569031,2061.25562781391,0.717481637513298
0.164553434636692,4.17018228211692,2051.05052526263,0.165102464331536
0.140593231709939,5.32637338722108,2056.60330165083,0.148474676921582
0.155142212452608,23.8695626167564,2063.95697848924,0.340151792355836
0.151920232731387,16.8483214233231,2062.30615307654,0.294191203964639
0.179400688634101,8.86618796583124,2053.75187593797,0.350614428010832
0.188348177362823,5.75691805285236,2050.30015007504,0.265070516340112
0.141386165802669,6.45955425993623,2057.80390195098,0.167547347454318
0.189270435978521,65.9484816627422,2063.20660330165,0.873820760464672
0.191056398755353,44.3263187784442,2060.80540270135,0.843519359628302
0.144495822480508,14.8865204479472,2063.20660330165,0.239901804468672
0.176958948734954,8.10918567113405,2053.60180090045,0.319730847859452
0.181906492089735,7.28980110054726,2052.25112556278,0.312331747916472
0.143508292019072,7.56780167843215,2058.55427713857,0.187320009227951
0.128937172840437,3.6740180475533,2055.85292646323,0.099679266880206
0.194638731222811,9.52784643268317,2052.25112556278,0.436117895348165
0.147043265591206,19.6256118755653,2064.55727863932,0.270072959628084

