0.181293718572367,18.4742425689144,2057.35367683842,0.548814843905037
0.194169800331086,68.8588063220333,2062.30615307654,1.02603981427103
0.16227715072095,10.8769999686707,2057.2036018009,0.315210914301364
0.185544905167843,7.58962040187813,2051.80090045023,0.336602025811521
0.175658644313781,33.2376574471234,2061.55577788894,0.597442985633206
0.168303192088706,11.0347040567755,2056.30315157579,0.350832715256986
0.181712980403925,7.2688443008963,2051.95097548774,0.314054288604685
0.196743467013531,22.2759871780403,2056.15307653827,0.770582034648149
0.15029282695202,4.66570449781614,2053.45172586293,0.159485097993237
0.109970606086077,14.8010516157109,2072.96148074037,0.110749493166254
0.154091946803619,76.5986393670066,2071.46073036518,0.40163391481003
0.187311021800335,12.2045460501459,2054.20210105053,0.486897309424253
0.146644706483964,11.6216105181022,2060.50525262631,0.244773026463512
0.192924745582493,17.0434648578319,2055.25262631316,0.637882025784986
0.118431165174048,20.1407676346358,2072.51125562781,0.144080666921179
0.194167222744553,39.277925054923,2059.45472736368,0.902055387581903
0.193425500729204,92.6278716978486,2063.95697848924,1.0558079921939
0.152542602661423,4.63891702142887,2053.15157578789,0.162273673301836
0.196611844390459,53.4480645187486,2060.65532766383,1.02388245647771
0.166885363628192,20.0828667363378,2060.20510255128,0.434278838672233
0.116030528488488,6.25819530279368,2063.05652826413,0.105014957362594
0.182159868543723,15.7234968241093,2056.30315157579,0.519846766402897
0.187894046427868,25.2115995346114,2058.10405202601,0.692867140760174
0.124588216998995,12.8907317012169,2066.8084042021,0.155252366790965
0.18964119770891,8.29812065000463,2051.80090045023,0.376184935887009
0.141644082835867,11.5548867001919,2061.55577788894,0.220495486255031
0.167085057443658,9.04667778353943,2055.25262631316,0.309225216588821
0.152441902726608,7.83381828565906,2056.75337668834,0.227832080364499
0.154245798613259,17.2408685151293,2061.70585292646,0.320048290153223
0.166494693135309,22.9266227583863,2061.10555277639,0.445995853814259
0.147134080623634,7.37423424898408,2057.2036018009,0.203726933653758
0.188465328106211,62.6179974805149,2062.75637818909,0.895078726299684
0.176223566790661,35.1064040208769,2061.85592796398,0.603964689348631
0.158665215270461,13.932723196473,2059.45472736368,0.326475905222059
0.16827995281156,13.8527304550101,2057.65382691346,0.390936955439644
0.146808752881374,13.5763553199153,2061.55577788894,0.258512360411642
0.187876791783756,13.0776326016306,2054.50225112556,0.511566773867787
0.152686821616882,6.88191695070772,2055.85292646323,0.21250073350188
0.181477054151302,11.7901106095195,2054.8024012006,0.440641471335718
0.175799444905238,28.6988481348414,2060.65532766383,0.579661913982888
0.171793322266206,50.3124445249891,2064.70735367684,0.590627067946597
0.114866673960816,3.51873529007318,2058.10405202601,0.0789289996070569
0.171004852218779,33.3334849128322,2062.45622811406,0.539381752283255
0.144949550062023,15.2772790540943,2062.90645322661,0.253960352849454
0.171874879735677,12.66997313217,2056.60330165083,0.396883242595073
0.194800994666792,7.10334430368878,2050.45022511256,0.338576775308103
0.185397174210601,22.8607130534172,2057.95397698849,0.639315990412056
0.104714034814883,1.64079288241399,2052.70135067534,0.0388173200099232
0.106980357828018,2.35148837301477,2056.15307653827,0.0534399786372766
0.0616552290442153,1.08394875824941,2060.20510255128,0.0133643348357279
0.196356292732333,10.8769999686707,2052.55127563782,0.495869573231931
0.176039259800832,10.9398093223365,2055.10255127564,0.391133173658383
0.155115079583316,34.8045007827355,2066.05802901451,0.380013799862347
0.092886885382665,10.6599934842429,2077.31365682841,0.0664513597760775
0.189186578604268,6.1687553886527,2050.30015007504,0.285793355578975
0.177619929314251,13.932723196473,2056.30315157579,0.454839632537772
0.194631769024695,83.0290000254614,2063.20660330165,1.06514411595321
0.195968342640891,47.4973267490208,2060.20510255128,0.974990505939867
0.148271837966371,17.2408685151293,2062.90645322661,0.284268426477209
0.150531430063353,4.70617602490094,2053.60180090045,0.160307765683611
0.132255459185659,2.94352153037066,2053.00150075038,0.0894586658829311
0.167511786751431,26.705865146348,2061.85592796398,0.472480249651114
0.199185188667859,39.3911672117236,2058.70435217609,0.997756815289395
0.156930893970624,7.06256146630704,2055.25262631316,0.230870095696327
0.170624976416204,6.74461616851603,2053.00150075038,0.264614625312719
0.177279557368925,87.1937028632918,2066.8084042021,0.710274109820457
0.173324729765018,36.6556592993152,2062.60630315158,0.57526625212274
0.163984578442679,80.2095456951702,2069.2096048024,0.517434958957236
0.171154391003312,14.5475781084805,2057.50375187594,0.419591215376799
0.186910234262097,10.0057595601981,2053.15157578789,0.424097842411256
0.178247047586732,57.2716222440805,2064.25712856428,0.689398866183642
0.183363149820791,17.6425615162172,2056.75337668834,0.559602084885668
0.169140135980799,4.50726900243269,2050.75037518759,0.184394927964948
0.157114873434589,32.4808889723873,2065.15757878939,0.393727082462656
0.175033289997808,4.66570449781614,2050.15007503752,0.198589228258879
0.185526964514062,15.2333597657718,2055.70285142571,0.536402599814357
0.14631834227197,6.92165665438525,2057.05352676338,0.192490585928627
0.181387379768519,57.6023378446047,2063.65682841421,0.745090700967543
0.196653338981411,22.0844211988575,2056.15307653827,0.764013812830822
0.151646614064088,5.19013667692469,2054.05202601301,0.174808127922755
0.198292019055066,10.5683211343905,2052.10105052526,0.495450795103782
0.198861091652706,34.1101179217553,2057.95397698849,0.95500317778647
0.198120248030033,14.505756572389,2053.75187593797,0.621619206523226
0.178717274217661,14.3396692667093,2056.30315157579,0.469696251334294
0.194004265020951,18.2627170853981,2055.40270135068,0.676250015283472
0.148280948547329,14.298445429222,2061.70585292646,0.267633245330717
0.164794984077475,39.7328563803063,2064.70735367684,0.487819696249283
0.115084029565977,2.22631645743836,2053.75187593797,0.0575571094975825
0.141152300549481,18.0017127911777,2064.85742871436,0.2458388352826
0.166210355201255,7.67752616736229,2054.35217608804,0.276120290608427
0.170043495889384,49.0255647982507,2064.85742871436,0.570012825160894
0.0903461064524979,21.9576266468948,2086.7683841921,0.0662961015964044
0.154070380794267,39.8474101492761,2067.25862931466,0.374246049827089
0.196834500335079,35.4109260457599,2058.55427713857,0.918218525500158
0.165133175833796,60.840958726914,2067.25862931466,0.518416647503936
0.193549208996432,31.1080807989498,2058.25412706353,0.839499020100122
0.164413365473193,8.49145760309168,2055.25262631316,0.286683476906201
0.199809233818631,45.0986499114755,2059.30465232616,1.04735402095497
0.110603067591947,12.7431360287119,2071.31065532766,0.110260779480572
0.160410723902733,75.0704237295268,2069.65982991496,0.472094171007503
0.0917072309003122,7.81129753947542,2074.46223111556,0.0610963790124729
0.177160320258807,52.2311372931222,2063.80690345173,0.67748531207213
0.182419249113096,8.78994173863968,2053.00150075038,0.36670006248643
0.16838204214207,8.44270511134198,2054.65232616308,0.30128436376492
0.171660838765314,93.162752342285,2068.30915457729,0.63331989043803
0.158649733562862,5.40359972355987,2053.30165082541,0.195360353462328
0.182057946052086,7.24794774808137,2051.95097548774,0.313775960931366
0.189920690203611,27.2495189410318,2058.10405202601,0.74902872043665
0.171551205187998,10.0635379267258,2055.25262631316,0.349900889737053
0.165401690437529,10.6293480187976,2056.60330165083,0.326784232806034
0.132821677092373,24.2156440378081,2069.35967983992,0.211008620857724
0.194789686156547,6.862132740856,2050.15007503752,0.327918878404773
0.107969486061504,11.2593385593765,2071.16058029014,0.10081270248949
0.171393992397223,4.63891702142887,2050.60030015007,0.192665593797559
0.192440857695858,7.4382002633935,2050.90045022511,0.348923093195192
0.197000207724938,47.0888657531278,2059.90495247624,1.00752909206669
0.182388607221756,12.8167214051892,2055.10255127564,0.46959808463636
0.167850783097492,7.12382395041967,2053.75187593797,0.266403640528372
0.164905581698564,31.5591124739724,2063.35667833917,0.46439485221384
0.177855915838174,16.8483214233231,2057.35367683842,0.497968118263102
0.128264985846859,10.5379392096157,2064.10705352676,0.161357290365525
0.180422538965302,85.9475612968492,2066.05802901451,0.767162607307193
0.150370391751377,27.7243080148432,2065.60780390195,0.330485404829524
0.198413651551066,49.879774465365,2060.05502751376,1.0401176052675
0.116638816874756,2.61579919085284,2054.95247623812,0.0667754227826641
0.158889465318488,54.3793307588897,2068.00900450225,0.44100743372517
0.167920026538786,17.4405585739443,2059.15457728864,0.423212251480959
0.122282540774212,3.52888015319671,2056.45322661331,0.0892276302727529
0.142065327510965,9.04667778353943,2059.75487743872,0.202759027836132
0.123198238219988,16.464712003024,2069.2096048024,0.157757014309711
0.114223474714948,4.40464567244553,2060.35517758879,0.0877468338753108
0.191403663547928,29.1149486853426,2058.25412706353,0.785781940481274
0.190067066114825,30.2252632807581,2058.70435217609,0.770826339927832
0.18550743202476,13.7336016436691,2055.10255127564,0.507976018557429
0.153113894327834,4.54636621906863,2052.85142571286,0.161095662546867
0.15813875006866,28.6163443734521,2064.10705352676,0.39448300950739
0.155535538816435,16.8483214233231,2061.25562781391,0.327899285472873
0.170996900235211,5.04284557241036,2051.20060030015,0.207580925998581
0.189054855639966,28.0454211126682,2058.40420210105,0.74302043394355
0.171165450765158,36.6556592993152,2063.05652826413,0.545828313323451
0.156460144937408,20.6694457978884,2062.45622811406,0.350366428240315
0.19407256055604,9.5553161597167,2052.10105052526,0.439093189819648
0.166980441146647,4.30435891208667,2050.60030015007,0.173813237842089
0.162955786000115,7.81129753947542,2054.95247623812,0.267325241584865
0.15663123394954,32.4808889723873,2065.30765382691,0.387206538066157
0.151975246832792,25.0668507346102,2064.55727863932,0.337078089761973
0.170634423071208,64.0769269600819,2066.35817908954,0.594294519284912
0.138254524293437,8.58980877761041,2060.20510255128,0.184424653335221
0.175851646131384,9.36467852310833,2054.20210105053,0.355309185059971
0.185524551781636,8.54049161663095,2052.4012006003,0.371697724968906
0.144147659347157,8.63941072106801,2059.00450225113,0.206515051405509
0.184559391186202,35.9243440670047,2060.50525262631,0.726366287432371
0.194441833414765,10.0635379267258,2052.25112556278,0.461017087765473
0.189940341714041,28.6163443734521,2058.40420210105,0.757796014311314
0.150540458299622,12.8907317012169,2060.50525262631,0.271729106221635
0.168873083550051,11.5216685859765,2056.45322661331,0.362386862156632
0.196574114891393,86.1953566475303,2063.05652826413,1.12021828773942
0.0854409837376307,1.39247031798524,2055.55277638819,0.0255690091617076
0.168605178913417,5.08658851868221,2051.50075037519,0.20567528801376
0.192759972480886,61.9010369802681,2062.0060030015,0.974436014358433
0.198264843358866,9.20430492459876,2051.35067533767,0.442109499576825
0.126827951033438,2.27163778979815,2051.65082541271,0.0672629840277711
0.198474039554948,18.9591758547749,2055.10255127564,0.730689223826791
0.165907201572406,14.716073490575,2058.40420210105,0.385621809452214
0.149829810104,9.52784643268317,2058.55427713857,0.239450423686526
0.157936310977305,12.0301229939707,2058.55427713857,0.30680050959088
0.19733036894446,7.58962040187813,2050.45022511256,0.367519267408228
0.0933029676348903,1.25899790157518,2051.95097548774,0.0261115318814791
0.128562464240772,14.8010516157109,2066.8084042021,0.174702692604346
0.16916660594236,12.345903576098,2056.90345172586,0.374104571653012
0.160555758518475,10.5683211343905,2057.35367683842,0.301342063782973
0.173947980412504,10.7524610237587,2055.25262631316,0.377107155739713
0.161355535467333,7.24794774808137,2054.8024012006,0.247820323620511
0.170189668743469,24.0073976636039,2060.65532766383,0.489899816401172
0.15766012260993,4.15819379664401,2051.65082541271,0.156129036877841
0.147250261242616,77.26307576868,2073.41170585293,0.339581578457156
0.197267418125078,14.8437245167243,2054.05202601301,0.621505167154847
0.177401059700269,15.3213249660846,2056.90345172586,0.473439739689564
0.0862593324676215,6.84240540686637,2075.66283141571,0.0514353475472449
0.171128281408515,92.6278716978486,2068.45922961481,0.618713471077209
0.141397793090629,20.6100250498449,2065.75787893947,0.254187215988781
0.188955824943944,6.04568285725226,2050.15007503752,0.279582868555483
0.19388490956928,59.7990347074476,2061.70585292646,0.982162004048475
0.113013593592617,14.3396692667093,2071.6108054027,0.118241383454256
0.111925064379803,88.7129450016296,2088.4192096048,0.130957978484734
0.160715438073693,8.81528401319323,2056.15307653827,0.276172877716962
0.194744468585869,14.505756572389,2054.20210105053,0.595194170031157
0.15835423215099,9.74983462452457,2057.2036018009,0.2796349306154
0.186353383533492,40.1930568870561,2060.80540270135,0.776051259082198
0.163614221901733,8.49145760309168,2055.40270135068,0.283117241047756
0.191884735478121,14.5895202202118,2054.50225112556,0.579107800087125
0.1802911728768,30.3124057150643,2060.20510255128,0.643376045208972
0.19164563018202,36.3404329881246,2059.45472736368,0.836682810940751
0.185123947933673,10.7524610237587,2053.75187593797,0.436999338224104
0.188039176589274,10.4172824260824,2053.30165082541,0.440041141509706
0.127646028990693,5.46618619625777,2059.00450225113,0.124443376310493
0.190307773967197,34.5051938106528,2059.30465232616,0.813742598052825
0.175991445303804,8.29812065000463,2053.45172586293,0.328143634745643
0.19601058789743,26.4000896312366,2057.05352676338,0.826175739328342
0.193541925093665,15.2333597657718,2054.65232616308,0.600540572237425
0.196298308927055,57.4367420159962,2061.10555277639,1.02621386219713
0.191150471110901,16.5121814020749,2055.25262631316,0.614609743897328
0.1804532952889,66.7123211508998,2064.55727863932,0.755597163930779
0.192423092683069,14.5895202202118,2054.50225112556,0.580052236575066
0.181997220223852,17.2408685151293,2056.90345172586,0.536965082580062
0.145061277858696,6.0805937181354,2056.30315157579,0.176132463890474
0.137905298072457,26.705865146348,2068.60930465233,0.242818300786912
0.077559799877194,13.9728926204603,2090.22011005503,0.0435151092333786
0.192513402257363,46.5497099496079,2060.50525262631,0.922462549685361
0.128362158784527,3.81412874828321,2055.85292646323,0.102897703684594
0.19041921645437,34.1101179217553,2059.30465232616,0.804397453530611
0.199601798958965,24.8512842698056,2056.30315157579,0.850138826058793
0.182238858587209,37.1871245324062,2061.10555277639,0.696340579488671
0.123270185249104,5.79016143825715,2060.50525262631,0.117795651692355
0.189277531832248,80.4407977772957,2063.95697848924,0.94367767091254
0.187850845046343,18.5809222819382,2056.45322661331,0.61212642724282
0.166614397862882,5.82359678794962,2052.55127563782,0.22685673605025
0.169484503312607,8.86618796583124,2054.8024012006,0.315098148957547
0.165846572665722,14.053579239644,2058.25412706353,0.373318022515133
0.184403695498916,67.2910010723591,2063.95697848924,0.815492823113424
0.174895965625685,8.27426512232383,2053.60180090045,0.322676696488602
0.198335771208842,7.76645008964431,2050.45022511256,0.377594494980604
0.180226754615942,86.1953566475303,2066.05802901451,0.770780630395292
0.179565651098831,16.3231210310229,2056.90345172586,0.505760230511588
0.149980160176379,13.4209094274668,2060.80540270135,0.274838383296871
0.171064116418465,5.01389279437678,2051.05052526263,0.207404861405017
0.193849882650458,7.90177085082341,2051.05052526263,0.372847347494244
0.185540243748715,46.4158883361278,2061.70585292646,0.788869942145004
0.175503908304564,29.4521686931553,2060.95547773887,0.572574700460507
0.146588452978416,5.35713058780925,2055.10255127564,0.167087627573221
0.199453334739141,37.9441463047634,2058.55427713857,0.980699781063386
0.0975373170016923,7.16496054867685,2070.86043021511,0.0701713407473127
0.19963196515308,9.6938573407282,2051.50075037519,0.467349289567697
0.180880751821231,44.7108167276501,2062.30615307654,0.709154987995837
0.160511450018885,30.3124057150643,2063.95697848924,0.421282204831002
0.180328022721586,7.76645008964431,2052.55127563782,0.326764624212042
0.170197507931279,11.4225861207707,2056.15307653827,0.369791407678563
0.193126490975997,72.5212224721817,2062.75637818909,1.01102368990767
0.0986131539825368,14.6737675621227,2077.91395697849,0.080809933482115
0.176196883863882,9.89119610131619,2054.50225112556,0.369425203420336
0.184257990688315,9.63820144251651,2053.30165082541,0.39963882939522
0.131305736796583,2.6460963359074,2052.25112556278,0.0809766196756913
0.161312584584619,6.38559396992509,2053.90195097549,0.228774185862284
0.198628411788799,53.7567009439374,2060.35517758879,1.07132566455657
0.14628787246788,3.48847535295163,2052.10105052526,0.11996349347538
0.198208715554172,12.9278969602916,2053.15157578789,0.576034046535752
0.189566451875755,22.8607130534172,2057.2036018009,0.697253501167364
0.161833764221112,9.50045567592029,2056.45322661331,0.292377565422906
0.155407513984874,12.2397329678754,2059.15457728864,0.294500082597566
0.188134787726918,35.6154068202425,2059.90495247624,0.776155031222942
0.199377388068909,25.2842870786632,2056.45322661331,0.85085026141537
0.160489939471984,8.58980877761041,2056.00300150075,0.271740580968772
0.170941680535439,6.51558610363938,2052.70135067534,0.259192733697274
0.117419622830019,1.87853138201008,2051.65082541271,0.0509561387386873
0.198593313041969,16.3701822092467,2054.35217608804,0.672070511720002
0.191621187190342,55.967638704318,2061.70585292646,0.928037229722129
0.0982783134764261,5.5454396587911,2067.85892946473,0.0669010705885599
0.199878554823245,22.4046201063247,2055.70285142571,0.818107913411508
0.183098230405218,7.41681684421187,2051.95097548774,0.323104401425871
0.154851056910906,6.42246765119551,2054.95247623812,0.210830347074077
0.189436407558103,29.4521686931553,2058.70435217609,0.750996689081381
0.177004783557222,15.2772790540943,2056.90345172586,0.471723125769025
0.125802697428149,4.32921447906216,2057.50375187594,0.106643656926687
0.186539630034965,7.10334430368878,2051.35067533767,0.319704444800475
0.164564435597307,8.370100693918,2055.25262631316,0.282777017565096
0.191705415757703,42.6980067851428,2060.20510255128,0.885659396123311
0.185819778961361,30.3124057150643,2059.30465232616,0.717457879406206
0.187658445463218,17.7444386780296,2056.15307653827,0.602253289026846
0.190493330633639,13.8926692519835,2054.50225112556,0.548868967706457
0.171723763260323,19.2895159816518,2059.15457728864,0.468635242632704
0.199286005332834,85.2084412476855,2062.60630315158,1.17652311826837
0.166289969933201,4.3416960341386,2050.75037518759,0.174537660326981
0.132451161318238,23.8009421380058,2069.35967983992,0.208124765666173
0.186072041772589,50.6029742786953,2062.15607803902,0.802324905737937
0.14003244719289,3.94819959636536,2053.90195097549,0.124210815610218
0.158080756076415,33.8167824081596,2065.15757878939,0.40738342134766
0.194008727049131,80.6727165821289,2063.20660330165,1.03867960096524
0.109793120593811,3.26496454563336,2058.70435217609,0.0691302871457313
0.197908752983319,34.307087165692,2058.25412706353,0.924511202766809
0.167997134419847,4.74699861247518,2051.20060030015,0.192283488644824
0.14421025513853,15.9974592566334,2063.35667833917,0.253879640950718
0.13951217454864,10.3873347090322,2061.25562781391,0.203884816421459
0.11810482385163,6.33068001474387,2062.60630315158,0.109896607924259
0.194816095797715,7.90177085082341,2050.90045022511,0.375537366529911
0.158106238787399,26.0978151697375,2063.50675337669,0.388274712756112
0.161047767490129,18.7961333346796,2060.80540270135,0.381417025682906
0.13459497416695,4.71974439753259,2056.30315157579,0.129678168609659
0.105352259655486,2.63090415150101,2057.65382691346,0.0563366535392594
0.155489381012764,12.4171951294921,2059.30465232616,0.295008759949673
0.1867102682261,23.1921673069706,2057.80390195098,0.660311497595243
0.153754335219486,42.9445668859717,2067.70885442721,0.380900496158727
0.1726089215264,17.6934267723322,2058.40420210105,0.466623827906825
0.161790167281555,7.63344674676951,2055.10255127564,0.256981765484722
0.143699899310983,8.76467231833321,2059.15457728864,0.207100433742715
0.182576434780308,6.06311316104581,2050.90045022511,0.268938681478296
0.186088725754809,13.2672433518329,2054.8024012006,0.503196161975561
0.193766888155313,28.6988481348414,2057.80390195098,0.819489259530101
0.186071196477631,11.4225861207707,2054.05202601301,0.456908918952056
0.173831299254632,49.5933968601569,2064.25712856428,0.614053578345834
0.180928897120681,38.0535430450317,2061.40570285143,0.68603155864064
0.193093403903236,11.858192730432,2053.30165082541,0.512799666465667
0.166321904000538,6.862132740856,2053.75187593797,0.254339949391519
0.128531232589687,3.37001557459736,2054.8024012006,0.0946920123827882
0.160112781250015,43.1925507507629,2066.35817908954,0.436533471492285
0.116586137137593,1.65026765861521,2050.45022511256,0.0443386723804996
0.19867840523927,33.9142795486171,2057.95397698849,0.949677590710862
0.179359904894147,5.02834834499989,2050.15007503752,0.21938080762844
0.110267584631852,6.1865405227709,2064.70735367684,0.0919909689510632
0.127975063811204,5.3417298504113,2058.70435217609,0.124178254050216
0.158610458871945,3.82512526006857,2050.90045022511,0.145644880079608
0.189621668633577,6.96162583541039,2050.90045022511,0.321588850987203
0.197734868236839,9.2308418493486,2051.50075037519,0.440485312528755
0.128837706750321,5.89104782059798,2059.30465232616,0.132183989146829
0.156639750184632,3.54925770971272,2050.75037518759,0.1333735264295
0.191354247247288,22.1480927773524,2056.90345172586,0.701140503935316
0.152816726541235,13.3823268507784,2060.20510255128,0.290829733504056
0.189978254216759,27.2495189410318,2058.10405202601,0.749128519324748
0.191985263533382,14.716073490575,2054.65232616308,0.577106204213136
0.177698240580452,9.25745528268664,2053.90195097549,0.360904341379648
0.192460126227825,62.6179974805149,2062.15607803902,0.96406714279971
0.142068847433227,5.19013667692469,2055.70285142571,0.153235721528412
0.179738426234105,9.5553161597167,2053.75187593797,0.379085884629452
0.190399456601705,8.68929909148323,2051.95097548774,0.393538619999698
0.190273749295166,78.8359274288079,2063.65682841421,0.964912141335405
0.192123160821043,6.61005466738882,2050.30015007504,0.310632063895075
0.146117047009887,12.0648070327153,2060.95547773887,0.243640435572268
0.19830836008712,80.2095456951702,2062.45622811406,1.14188150670662
0.0956994497052264,7.41681684421187,2072.06103051526,0.067207046804234
0.11055891913833,12.0648070327153,2070.86043021511,0.108721447415031
0.187598301415066,15.2772790540943,2055.40270135068,0.554890183748866
0.161705425373119,16.751589190816,2060.05502751376,0.3691778046031
0.139094586719067,3.37973166401872,2053.00150075038,0.108315335950596
0.166356027427837,12.4888983567305,2057.35367683842,0.36106959057588
0.193949500810138,10.5987906532703,2052.55127563782,0.478128102477412
0.170983815184228,85.7004783109429,2068.00900450225,0.615104600597397
0.194204811513571,9.418754960271,2051.95097548774,0.435619555181559
0.193711045425245,29.4521686931553,2057.95397698849,0.825281629484182
0.155303676715938,17.2905756504487,2061.40570285143,0.331052857928537
0.160978310286464,18.9046718094031,2060.95547773887,0.377566510834124
0.181201094048333,21.273157622404,2058.10405202601,0.582818795813149
0.0896481964329456,2.62334079957365,2062.45622811406,0.0415523089202759
0.173515857571084,15.4987821679022,2057.50375187594,0.448447631202608
0.171232208614948,10.5987906532703,2055.55277638819,0.360346975398997
0.15102785382209,17.4908414355252,2062.45622811406,0.300910363055238
0.132654874435665,13.7731969804542,2065.15757878939,0.188488841339383
0.19750162733467,39.277925054923,2059.00450225113,0.955701620753393
0.114519826490642,46.6839173840833,2081.36568284142,0.139072732491715
0.164718029319508,15.1023580078497,2058.85442721361,0.377697873559982
0.147203615937752,9.12515100556096,2058.70435217609,0.225366500613602
0.117340511027259,8.08587329578959,2065.00750375188,0.116849959408345
0.123167507555902,2.23917234584048,2052.25112556278,0.0637267607603848
0.171939277955532,16.6554123326141,2058.25412706353,0.445503435183757
0.116316155184776,13.0776326016306,2069.50975487744,0.127798611435525
0.189376175642824,69.2564322420242,2063.20660330165,0.917185672046302
0.17430473362223,21.151020824465,2059.15457728864,0.513780057726272
0.162956974717611,11.6551167748285,2057.50375187594,0.329824905616612
0.139056365643826,13.4209094274668,2063.35667833917,0.215899828347239
0.159033660001192,8.49145760309168,2056.15307653827,0.264079090068265
0.19797975292477,25.5771389596111,2056.75337668834,0.830646141276115
0.173219402538373,39.6186319317599,2063.05652826413,0.584485560895938
0.0967539171146395,2.82724106811333,2060.95547773887,0.0498670941543781
0.138214125662158,9.52784643268317,2060.95547773887,0.191994663487514
0.170275643554799,8.22675961020021,2054.20210105053,0.304521949191451
0.177908924084691,24.5667432445612,2059.45472736368,0.57500995676422
0.174414638128767,23.3260907272937,2059.75487743872,0.52803951778061
0.0402580393158118,2.00136053357019,2094.72236118059,0.00917257646917592
0.183560363894574,11.1946946742062,2054.20210105053,0.439578227144201
0.163822519996526,38.0535430450317,2064.70735367684,0.470106425089298
0.168317958042221,7.08292353206951,2053.60180090045,0.2671054688313
0.15502286397557,23.8695626167564,2063.65682841421,0.352977418761552
0.0905628697252976,2.21353437928443,2060.05502751376,0.0386816406472979
0.190072999853109,17.7444386780296,2055.85292646323,0.623564546147423
0.119268995708552,16.1362253542068,2070.41020510255,0.141434532806609
0.135381403799529,12.8907317012169,2063.95697848924,0.196898870857828
0.190236034665355,27.015182265558,2058.10405202601,0.742675441870493
0.181153927521807,8.29812065000463,2052.85142571286,0.345982051839587
0.114950353358318,5.60966897361054,2062.45622811406,0.0981070410765632
0.0761214908888532,5.67464221589759,2079.11455727864,0.0374188179368289
0.189813951362742,27.4068715821386,2058.25412706353,0.73983111453079
0.184593491553945,37.7262954049369,2060.80540270135,0.731587185043544
0.185695291784007,16.5121814020749,2056.00300150075,0.565235289509273
0.198322935023808,16.751589190816,2054.50225112556,0.67967035858114
0.180442536701958,7.12382395041967,2052.10105052526,0.304794782322016
0.19779828734649,34.0120577830084,2058.10405202601,0.93476283236405
0.146122776447765,20.6694457978884,2064.70735367684,0.280958405012715
0.127875406405892,4.61228334151361,2057.50375187594,0.114775159562565
0.190142477626291,43.9451273819645,2060.65532766383,0.857484566166414
0.179539584344976,11.6216105181022,2054.95247623812,0.426157372470159
0.0688720506560531,1.32214875407135,2060.65532766383,0.0180216809210392
0.178565361592318,37.1871245324062,2061.70585292646,0.647946201410617
0.0602817062841118,2.72338334507132,2078.96448224112,0.0197817037939579
0.18919809641898,32.3875125587801,2059.15457728864,0.779412889033618
0.099237203281275,74.8546104572422,2094.12206103052,0.0907270088482845
0.185433676781017,39.277925054923,2060.80540270135,0.760245725110448
0.16225233618271,10.0925521055113,2056.75337668834,0.303613402425159
0.148560414711446,4.65229147967714,2053.75187593797,0.155512620504536
0.192244312368016,77.4858328855303,2063.20660330165,1.00849015653079
0.168335527679497,5.05738459676651,2051.50075037519,0.204020627135614
0.16153837564832,8.15601225127809,2055.55277638819,0.266803016526417
0.187806442074567,17.2408685151293,2056.00300150075,0.593876175386946
0.187369113298519,47.2246276273033,2061.55577788894,0.815034162656261
0.153051621655711,29.9653362072615,2065.60780390195,0.351426064524332
0.129710950237565,4.55947384416678,2057.05352676338,0.117387940112047
0.196922275621846,14.9294397640879,2054.05202601301,0.624797075104603
0.177832316703493,6.76406156642458,2052.10105052526,0.285184783225098
0.199678998687262,29.3674992776149,2057.2036018009,0.904909575574629
0.195461832369207,35.3091263296414,2058.70435217609,0.897784570732164
0.186907071502878,6.33068001474387,2050.60030015007,0.288529352461053
0.131666526837069,20.6100250498449,2068.45922961481,0.200491113694524
0.178352515782188,15.7234968241093,2056.90345172586,0.486102933476086
0.173687177572805,7.54604567969013,2053.30165082541,0.297127766096408
0.184764787430113,11.1625120439526,2054.05202601301,0.444727027694693
0.146757029149411,5.28056837192541,2054.95247623812,0.166046508327532
0.0942183998596202,4.39198314906283,2066.8084042021,0.0567592588144225
0.172252280967571,7.54604567969013,2053.45172586293,0.29259970499454
0.182708293985589,7.76645008964431,2052.25112556278,0.334933321119395
0.156947374577922,17.2408685151293,2061.10555277639,0.340541299802627
0.181579842822341,42.2091252249533,2061.85592796398,0.712631005199271
0.1947060246986,10.6599934842429,2052.55127563782,0.482826404830845
0.180710174951211,29.7076444189603,2060.05502751376,0.642943756888208
0.16209852156621,3.86942926293753,2050.60030015007,0.151299855101218
0.19778371447183,30.9294781934387,2057.65382691346,0.900844789110283
0.171039939780531,11.6551167748285,2056.15307653827,0.378098817759961
0.134191024872464,36.13178957939,2071.91095547774,0.23034335814586
0.181139549390263,7.00182581890258,2051.80090045023,0.303299694058403
0.149691154693371,31.1977684837926,2066.65832916458,0.327855069644024
0.183785396377369,21.9576266468948,2057.95397698849,0.613178184096345
0.171329041162525,7.24794774808137,2053.30165082541,0.281990662823535
0.127079369396968,34.9048456133114,2074.012006003,0.190690854128572
0.0666274955720595,3.08228092099346,2076.4132066033,0.0246622442663943
0.174929059416149,7.78884153617836,2053.30165082541,0.308339038349003
0.198012957987541,41.2480907306527,2059.15457728864,0.982180906224366
0.194554959817562,38.9401481423545,2059.30465232616,0.912293479668765
0.193459638344689,11.3570049730287,2053.00150075038,0.499706470023099
0.177692559699217,48.4642342722534,2063.35667833917,0.669441321723908
0.127281536138173,45.7525288743821,2076.11305652826,0.19488513151026
0.123059498963408,2.97761447568876,2054.8024012006,0.0803482912449113
0.196992312387041,28.2886943462597,2057.35367683842,0.854247049051169
0.182892380247863,17.8469041306121,2056.90345172586,0.557079234189405
0.157885709233471,23.4607874898523,2062.90645322661,0.37564036230334
0.173915489755441,5.52949756842363,2051.35067533767,0.231397548906394
0.199149421139613,40.4251521276738,2058.85442721361,1.00304993401191
0.137065081560028,5.99369202303595,2057.65382691346,0.154514309211407
0.192570991113154,10.3873347090322,2052.70135067534,0.461923675444936
0.183879451113171,34.4059979034348,2060.35517758879,0.711192555654154
0.170498705055458,21.5815941337228,2059.90495247624,0.481618358909765
0.161706865664135,24.7798415269477,2062.45622811406,0.413767940221206
0.114718479168434,3.75961856902805,2058.85442721361,0.0812827195460217
0.182144876605411,82.3149786192126,2065.45772886443,0.79781848374447
0.183969640251757,16.464712003024,2056.30315157579,0.546758281641072
0.166033402137423,19.5129342263596,2060.20510255128,0.422246156164627
0.184492300564502,17.0434648578319,2056.45322661331,0.557471863874147
0.121268180377643,6.34893199363231,2061.85592796398,0.116970030454671
0.177974620394752,4.85759838400825,2050.15007503752,0.210659897126461
0.175593251952029,26.2485172849919,2060.20510255128,0.561808235495032
0.19090222352372,17.3904202660819,2055.55277638819,0.629151419153648
0.197401644105713,8.99473757437633,2051.35067533767,0.429551589239498
0.111325589116857,2.90981894079874,2057.2036018009,0.0661251925924099
0.16125357335417,21.6438160118766,2061.70585292646,0.39634159374525
0.195393605020827,14.3810119566121,2054.05202601301,0.597491060742336
0.143861628926998,2.80292774815717,2050.75037518759,0.0958253293812144
0.195719205569679,58.9444080505326,2061.25562781391,1.03133139245971
0.172643440030474,11.1304219326752,2055.70285142571,0.375980190737592
0.16084784520889,18.2102152272867,2060.65532766383,0.375962570889932
0.197148392341123,22.6641186288517,2056.15307653827,0.784283714774195
0.176766968431992,58.269509235766,2064.55727863932,0.676820600736826
0.123808571615688,9.28414544519475,2064.4072036018,0.139505691673303
0.195694374476843,18.5809222819382,2055.40270135068,0.690955451469438
0.163894499990476,49.7363795461226,2066.35817908954,0.487804958104212
0.149073704883283,5.31106107095859,2054.65232616308,0.171613244999108
0.191147776413483,13.5373258656811,2054.20210105053,0.547434899488164
0.149206370180224,10.783461436218,2059.45472736368,0.250515673519956
0.127307624355201,11.4885459675579,2065.15757878939,0.160237390643631
0.17134545853704,10.5076446271293,2055.55277638819,0.357495234084723
0.168546204042317,44.4541159554714,2064.70735367684,0.533179117915762
0.162125531029843,3.65292419736599,2050.15007503752,0.14282451282159
0.198199029870232,12.7431360287119,2053.15157578789,0.567448596966436
0.170022629823936,7.00182581890258,2053.30165082541,0.270630570686969
0.197612030984181,7.37423424898408,2050.30015007504,0.357908757876761
0.186193898825033,16.9456122371505,2056.15307653827,0.57322343516653
0.187011454310457,44.9689998212073,2061.25562781391,0.812213422214113
0.195387881738238,70.8700298451568,2062.30615307654,1.0500340582485
0.156051220092223,12.5249050903856,2059.15457728864,0.30142566752299
0.165687358201029,93.7007216607734,2069.80990495248,0.540918661089004
0.170478215279361,23.7325189301555,2060.50525262631,0.49285693583157
0.186794117441515,5.87411217212038,2050.15007503752,0.267972945074188
0.14190011154882,10.783461436218,2061.10555277639,0.214690899595571
0.19281574611303,12.8907317012169,2053.75187593797,0.541064017322703
0.17283270428556,8.78994173863968,2054.20210105053,0.329320197229277
0.199715471135326,26.9375187251589,2056.75337668834,0.87530077139214
0.142648971598503,9.17784428848941,2059.75487743872,0.205724271517962
0.103821055842169,30.8405617924466,2082.71635817909,0.0999602342041558
0.193078032019232,6.53437118513655,2050.15007503752,0.308961427338294
0.185122737648043,6.98169689372975,2051.35067533767,0.311847622238019
0.190408937233249,13.932723196473,2054.50225112556,0.550277107182598
0.161255440395046,11.858192730432,2057.95397698849,0.321446370122056
0.109780423475571,2.29794873135268,2055.25262631316,0.0548094236799717
0.192820263729908,8.370100693918,2051.50075037519,0.389033015343652
0.192107435569122,25.5036095217804,2057.50375187594,0.753726757436328
0.163542731662497,12.5972302899552,2057.95397698849,0.343196246668225
0.137331635019999,9.28414544519475,2060.95547773887,0.187091600423317
0.173025113960852,6.80312071291408,2052.70135067534,0.273643710448032
0.146006434645394,69.8571804408421,2073.11155577789,0.325846555686282
0.199410409305484,7.39549489831676,2050.15007503752,0.362343522833952
0.159554521036688,8.54049161663095,2056.15307653827,0.266202082220205
0.187397302144051,44.5822815844455,2061.10555277639,0.821581150366907
0.128137562025762,3.21830282695794,2054.50225112556,0.0912337911469571
0.177378188063856,72.7303083552848,2065.75787893947,0.698802115158952
0.15814154581052,10.5379392096157,2057.65382691346,0.291032253587348
0.190782328199393,16.8483214233231,2055.40270135068,0.618336362862334
0.18973100402461,17.0926028588123,2055.70285142571,0.609142985064753
0.122093541729581,3.71657187129828,2056.90345172586,0.0921028416259397
0.135836197709406,11.0984240743995,2062.60630315158,0.192952395620623
0.196714608004719,16.7034315396448,2054.65232616308,0.666118567800859
0.0868008103992328,3.40904833026788,2066.8084042021,0.0435660427768534
0.0791307011436675,1.36076598863131,2057.2036018009,0.0224897407356421
0.146558022213702,14.716073490575,2062.15607803902,0.263586533381258
0.15549158983868,14.4224738415937,2060.20510255128,0.31342135367904
0.116578425733605,5.01389279437678,2060.95547773887,0.0971646524631432
0.139854501344746,25.2842870786632,2067.70885442721,0.25159597626262
0.0912852258425598,15.2333597657718,2082.11605802901,0.0662501013758224
0.0965518692912232,3.99392909131044,2064.85742871436,0.0580615759520162
0.167480013082595,22.6641186288517,2060.80540270135,0.456096618063198
0.172727080120156,9.02067029565308,2054.50225112556,0.331327941983301
0.168745322699979,17.9499612710559,2059.15457728864,0.435726362053058
0.185646231676354,6.94161247758823,2051.35067533767,0.311295198146436
0.131752007345748,13.4984086137474,2065.15757878939,0.185344022096034
0.171175747329899,15.4987821679022,2057.95397698849,0.426817012218182
0.16949874190809,23.1254942116391,2060.50525262631,0.481268929632155
0.190385103416654,17.8469041306121,2055.85292646323,0.627888378156002
0.172048643271569,9.52784643268317,2054.8024012006,0.342387690468301
0.188251105403727,11.1625120439526,2053.60180090045,0.46400163045395
0.140895787237241,68.4634633145046,2074.46223111556,0.288043767090855
0.155258704918205,10.4172824260824,2058.10405202601,0.275379683780417
0.169236499852321,17.2905756504487,2058.85442721361,0.433333479195104
0.19187293110507,23.0590127888488,2057.05352676338,0.718167751238891
0.191907735553193,36.6556592993152,2059.45472736368,0.844247984563517
0.129797386240882,7.4382002633935,2060.95547773887,0.148640839712191
0.159320306604831,5.10125365829453,2052.85142571286,0.188248497165942
0.180243654768723,15.7234968241093,2056.60330165083,0.502772611845738
0.142894639951032,12.8167214051892,2062.0060030015,0.234337877652855
0.190749915724402,12.1344753910871,2053.75187593797,0.505739561356438
0.159967136411751,86.6930926644114,2070.71035517759,0.469412132368018
0.17153607963383,15.4987821679022,2057.80390195098,0.434232254471042
0.197970067123163,17.3404260963733,2054.65232616308,0.69374564565973
0.157554267964528,7.58962040187813,2055.70285142571,0.241601982980722
0.173072848010795,16.4173790695188,2057.95397698849,0.453776317934659
0.170631610044126,12.66997313217,2056.75337668834,0.390411254896895
0.187235940285826,33.8167824081596,2059.75487743872,0.75360720692159
0.197915280128266,10.2094477434412,2051.95097548774,0.480317565045211
0.182859322120568,87.9500435849786,2065.75787893947,0.80728242466384
0.120687749175535,4.45566189315493,2058.85442721361,0.0994789762517674
0.198671174155722,10.9713498785374,2052.25112556278,0.511853673401488
0.19125680935066,7.45964533309522,2051.05052526263,0.347403110697161
0.198008600259348,33.4295886586368,2058.10405202601,0.919257867645512
0.195793020500401,15.7688292262238,2054.50225112556,0.633948697489129
0.183477584739848,23.6642924260888,2058.40420210105,0.626300761054146
0.145456552525601,38.3836293157633,2069.05952976488,0.308110179186349
0.12499977371529,4.91386086905364,2058.70435217609,0.112830923322936
0.198366947519722,25.65088039011,2056.60330165083,0.847217688240885
0.154572312124332,3.73803325566538,2051.35067533767,0.137908405765513
0.129595434271617,10.3574730860055,2063.65682841421,0.164820884723218
0.197443280973419,21.5195511317025,2055.85292646323,0.769010728757966
0.197854712545655,51.6331037591724,2060.20510255128,1.0532734071212
0.177518033519461,75.0704237295268,2065.90795397699,0.703795314997578
0.18201286480735,40.1930568870561,2061.55577788894,0.707143816991979
0.189814224531966,16.751589190816,2055.55277638819,0.604337020856816
0.148694634918554,4.55947384416678,2053.60180090045,0.153486821931434
0.19914464251267,12.9651693704974,2053.00150075038,0.586001430774542
0.181120528124977,71.0743551760129,2064.85742871436,0.764194247530511
0.0792692991727416,2.35826794741131,2065.30765382691,0.0311871893914167
0.16605832384895,19.5691919526579,2060.20510255128,0.423143613840945
0.132167557289463,8.06262793911584,2061.10555277639,0.159618555829443
0.0715308197688528,1.65026765861521,2063.35667833917,0.0218386710608714
0.136742053882692,5.70741049859425,2057.35367683842,0.149654460883989
0.179373194776437,6.66739199053658,2051.80090045023,0.285950864968197
0.199914664755195,62.4379825789225,2060.95547773887,1.12721637652317
0.189903660868495,10.9713498785374,2053.30165082541,0.46723904700668
0.161484095818206,5.72386552959968,2053.15157578789,0.21201652964655
0.199951853560441,27.6446058720117,2056.75337668834,0.899760138981031
0.153971666065033,22.4046201063247,2063.50675337669,0.338713498571599
0.133426079622664,3.95958264771409,2055.25262631316,0.113227022386877
0.163895177946587,3.77045792255574,2050.15007503752,0.149013673864071
0.13491631684214,3.18145405986858,2053.15157578789,0.0985531080391761
0.126865551253813,3.13598584352336,2054.50225112556,0.0878989066824931
0.118658352947855,8.15601225127809,2064.70735367684,0.120555382769417
0.10000221549792,3.27437776251048,2061.55577788894,0.0572593938878046
0.163242832105363,16.0898367576997,2059.45472736368,0.377945511314126
0.192038991015441,20.0828667363378,2056.30315157579,0.677619338644915
0.195823472966463,38.1632551869613,2059.00450225113,0.930605338470654
0.19760991653824,51.1890764754063,2060.20510255128,1.0448042846649
0.167614962368791,17.4908414355252,2059.15457728864,0.424565170122718
0.13850875336152,8.25047817477399,2059.75487743872,0.183907824712853
0.147271996749447,4.81582467568853,2054.20210105053,0.157068964412364
0.160287568589819,9.39167782086193,2056.60330165083,0.284012419805634
0.158884574364166,8.51593931825384,2056.15307653827,0.264618425196631
0.161944556216469,4.36676720472819,2051.35067533767,0.169324236736909
0.171146394008002,59.7990347074476,2065.90795397699,0.590962165963486
0.179041576994489,32.7626366009394,2060.95547773887,0.631766528189404
0.164407495930054,5.97646129188652,2053.15157578789,0.224657832387643
0.194442371687379,90.2586580501261,2063.65682841421,1.07509205143021
0.146338039588192,6.92165665438525,2056.90345172586,0.194513992007198
0.184728017450529,9.77794436555052,2053.30165082541,0.407188567648179
0.19935148518349,11.4885459675579,2052.4012006003,0.534626483271578
0.144126380593804,29.7932945067072,2067.70885442721,0.286708722383959
0.196620520248487,9.25745528268664,2051.65082541271,0.436698669846678
0.154199927372205,18.053613516069,2062.0060030015,0.324244703212519
0.186636226506341,10.783461436218,2053.60180090045,0.44459266417652
0.177413829320034,51.1890764754063,2063.65682841421,0.677923920347256
0.173288825659398,19.738940183072,2059.00450225113,0.487990035922732
0.188320119081609,24.0073976636039,2057.65382691346,0.696552033568488
0.151050923060071,11.0984240743995,2059.30465232616,0.262057051894693
0.19756447130291,48.0474581976622,2059.90495247624,1.02718096257645
0.179786999869702,7.50272113554967,2052.4012006003,0.316335603695705
0.192473798754593,65.3813469555632,2062.30615307654,0.983428404114166
0.175540586617819,6.64822449937834,2052.25112556278,0.275094731834181
0.111466700741084,2.84356700216288,2056.90345172586,0.0655077660931546
0.191018924011646,65.5698478688224,2062.60630315158,0.947075354115594
0.0767822536348302,1.31455782572457,2057.50375187594,0.0209486592621604
0.1365920574904,22.2119479273284,2067.55877938969,0.230228333219004
0.189527420756514,7.87905475386486,2051.50075037519,0.360109145095282
0.1468866128228,2.83539228475476,2050.45022511256,0.0993311152310017
0.187060782675143,34.4059979034348,2059.90495247624,0.751305138896203
0.188139816287586,7.94739971184986,2051.80090045023,0.357300281673728
0.0904529904822405,2.77083492243083,2062.90645322661,0.0432331716290503
0.176713393328112,12.7431360287119,2055.85292646323,0.431526902072056
0.113012833119387,1.70827639380871,2051.50075037519,0.0443618006167056
0.150081952679362,4.24284253669373,2052.85142571286,0.147662276351657
0.193438587645992,12.2750213329814,2053.45172586293,0.526834934359088
0.199990162684811,36.4452060637106,2058.25412706353,0.981042617033587
0.168892758528812,9.74983462452457,2055.40270135068,0.332235059493487
0.186098967824227,11.8923810771604,2054.20210105053,0.470803615150043
0.1446203181283,3.34103457688672,2051.95097548774,0.113797822222216
0.188421173383125,6.90175820040029,2050.90045022511,0.316522252536606
0.194929145424723,19.5691919526579,2055.70285142571,0.706046618919521
0.18010674563165,10.7524610237587,2054.50225112556,0.407518075136065
0.178728445827618,42.6980067851428,2062.45622811406,0.669098258070867
0.146032528404621,27.485888313414,2066.65832916458,0.296397239413939
0.13673960736707,20.6694457978884,2067.10855427714,0.22523062030119
0.195836954856997,7.20633469066447,2050.30015007504,0.346525222652915
0.194666692395293,7.63344674676951,2050.75037518759,0.363457067010464
0.161700834200358,7.12382395041967,2054.65232616308,0.246400606027336
0.16560816235514,7.65545473146367,2054.50225112556,0.272104007512435
0.163752625025178,19.1236326478425,2060.50525262631,0.400594374955136
0.189753074593852,35.0054797479944,2059.45472736368,0.809259017789218
0.18377133389247,26.8600784527522,2059.00450225113,0.661597022147459
0.105746500148911,2.68446171339143,2057.80390195098,0.0572242288707979
0.163334893592514,20.1407676346358,2060.80540270135,0.40810765257893
0.151801883399443,15.8142923261533,2061.55577788894,0.299390973605256
0.129164155899147,82.7903073513056,2080.01500750375,0.212296810596547
0.163861807945982,47.6342662567927,2066.05802901451,0.487520974071072
0.183336529132901,34.4059979034348,2060.50525262631,0.697568565862224
0.153925029271481,8.63941072106801,2057.2036018009,0.24436090412823
0.142592777978803,60.3177469949361,2073.11155577789,0.295695104670601
0.196326874572128,13.9728926204603,2053.75187593797,0.594638595661002
0.175140323071714,7.14436264200497,2052.70135067534,0.290853856738347
0.188744904262043,64.2616671010127,2062.90645322661,0.895597283327555
0.19828512063404,25.5036095217804,2056.60330165083,0.842106156964782
0.154731557950006,9.47314366240347,2057.65382691346,0.259122278791091
0.184556540534076,11.4885459675579,2054.20210105053,0.452292676350583
0.159012482347019,5.05738459676651,2052.70135067534,0.187223784775601
0.193028733743097,25.9479782891666,2057.50375187594,0.76708954321129
0.188050656333196,9.04667778353943,2052.4012006003,0.398611480905695
0.179193176500531,35.1064040208769,2061.25562781391,0.649634715909631
0.178487508654823,36.9736199650277,2061.70585292646,0.644509945765637
0.164490409497619,5.43480286846039,2052.4012006003,0.209741058232567
0.155214836192673,7.22711126890421,2055.70285142571,0.227855530148343
0.15689717520581,12.5972302899552,2059.15457728864,0.303745854348834
0.150077316968384,4.99947880072813,2054.05202601301,0.166791126185836
0.173872390192621,85.7004783109429,2067.40870435218,0.656027243604505
0.177817022834243,10.1508316565282,2054.35217608804,0.384875249905493
0.194336086535493,21.151020824465,2056.15307653827,0.728306957945553
0.161603266739551,33.1421054672574,2064.25712856428,0.440416674652401
0.19252743681514,11.5548867001919,2053.30165082541,0.498038223970053
0.197647230881508,42.6980067851428,2059.30465232616,0.996398962447704
0.12447244386895,5.75691805285236,2060.20510255128,0.11987212269112
0.13619025984942,3.66345594042931,2054.05202601301,0.111624163671591
0.159478216667411,17.4908414355252,2060.65532766383,0.361714286047831
0.189428549112289,31.7413509094294,2059.00450225113,0.778819717406536
0.18407845046786,18.4211326150377,2056.90345172586,0.576013671664965
0.1829621855745,41.9667875574435,2061.55577788894,0.735977949943966
0.111826045010584,11.4225861207707,2069.95997999,0.110533815178053
0.186203767355871,16.7998856852757,2056.15307653827,0.568438639177804
0.196112192608747,13.0400368809022,2053.45172586293,0.56527758711754
0.194300432608842,33.0468281812645,2058.55427713857,0.858061510862412
0.125770143706788,6.01097243209366,2060.20510255128,0.125667107612426
0.186501115396847,6.47817779606607,2050.75037518759,0.29488370642405
0.198898852858566,43.9451273819645,2059.30465232616,1.02330284699522
0.178056258224382,11.858192730432,2055.25262631316,0.423027651934388
0.189205382885966,18.4211326150377,2056.15307653827,0.627463254813325
0.160219155440664,43.1925507507629,2066.20810405203,0.445285309051771
0.138345474291974,64.0769269600819,2074.91245622811,0.264687921445863
0.134129798805118,63.3432620800787,2076.26313156578,0.236173061437834
0.140054538065913,16.8483214233231,2064.70735367684,0.234697626646335
0.137112405317805,2.74700667630971,2051.65082541271,0.0886415205869509
0.115795964485269,12.2045460501459,2069.05952976488,0.124863835321004
0.164263099654228,6.38559396992509,2053.45172586293,0.237401920223233
0.157711896085182,6.57210398204128,2054.65232616308,0.222482113492872
0.194506226995313,24.0766133741283,2056.90345172586,0.765166504718955
0.150709772801228,3.08228092099346,2050.45022511256,0.11123595712639
0.178285964689078,32.5745345994639,2060.95547773887,0.629238718190474
0.173383228725337,10.7215497316231,2055.40270135068,0.371778086604114
0.138719460127847,21.2120013170279,2066.65832916458,0.240106292166303
0.149067308789342,61.7230832045355,2071.46073036518,0.345707342440959
0.18440534467142,8.66431899975565,2052.70135067534,0.37045617468009
0.150068246839804,5.19013667692469,2054.35217608804,0.170981480385783
0.197792258313894,7.4811522310616,2050.30015007504,0.362859214358913
0.176389366113705,33.1421054672574,2061.40570285143,0.606520383480674
0.190234752269608,6.96162583541039,2050.75037518759,0.323192236675038
0.173192212353761,29.9653362072615,2061.40570285143,0.552758853087294
0.193543188103248,23.9383809351586,2056.90345172586,0.758881691973659
0.158797644779339,13.8129064745256,2059.30465232616,0.328924408467422
0.192164219088441,15.1023580078497,2054.65232616308,0.593336091266909
0.192164925288045,10.9713498785374,2053.00150075038,0.479717543673192
0.188935818021155,23.5284272689873,2057.50375187594,0.694767633895134
0.0935861938666929,2.51246502599404,2060.65532766383,0.0438967336979485
0.186529649354283,25.5036095217804,2058.25412706353,0.688468008333673
0.159466333638737,26.8600784527522,2063.50675337669,0.397121240708634
0.157530161176077,4.54636621906863,2052.25112556278,0.168514501200541
0.178266123758766,60.840958726914,2064.55727863932,0.700157212707543
0.174288837702389,4.97077500682395,2050.60030015007,0.210127959998947
0.140744965731545,5.29579277470977,2056.00300150075,0.152826245694641
0.195352666938991,41.011270705513,2059.45472736368,0.939218359631769
0.191127912310181,9.52784643268317,2052.4012006003,0.426418619754383
0.187464506186222,7.58962040187813,2051.50075037519,0.342658209012925
0.195798561292625,73.5726974460868,2062.45622811406,1.06126396416251
0.178101791364755,40.8933710575319,2062.30615307654,0.656109112137545
0.136659899357828,19.852922906113,2066.8084042021,0.223806370575222
0.184181985324081,27.5651328577691,2059.15457728864,0.66666978154992
0.139144429962933,2.81911328467833,2051.50075037519,0.0926324316559201
0.0758492392315376,3.51873529007318,2072.66133066533,0.0331374193135995
0.197111813457481,18.1578643020893,2055.10255127564,0.696996467170947
0.182791967001393,8.66431899975565,2052.85142571286,0.364797285360046
0.183700924884089,18.3681753422353,2056.90345172586,0.574270828151175
0.157002400295782,19.6256118755653,2062.0060030015,0.350529175832968
0.191831391039388,88.7129450016296,2064.10705352676,0.997041083553778
0.197108637801191,16.8483214233231,2054.65232616308,0.672058814540598
0.138824918337994,15.7688292262238,2064.55727863932,0.224448601959148
0.0632516751759664,2.55624161321588,2075.66283141571,0.0211139864365091
0.182273798183635,8.78994173863968,2053.00150075038,0.366173144901405
0.194451049251921,8.71435120329488,2051.50075037519,0.40836520347765
0.154824442085912,11.5216685859765,2058.85442721361,0.284521173771095
0.130605352048618,5.45047194460812,2058.25412706353,0.131698428510552
0.186945552275076,6.34893199363231,2050.60030015007,0.289463328536105
0.132986327531198,7.10334430368878,2059.90495247624,0.154609237550345
0.194368020166155,8.71435120329488,2051.50075037519,0.408126460543723
0.197611258419358,42.3308183228056,2059.30465232616,0.986950288297739
0.15622894436605,7.39549489831676,2055.70285142571,0.234054216136478
0.164907243487882,4.82970917626452,2051.65082541271,0.190522924776302
0.193408299344321,52.3817248465878,2061.10555277639,0.946223565053752
0.142254232277614,6.72522667244931,2057.50375187594,0.178715076329551
0.191573018908996,15.4097981223956,2054.95247623812,0.588710852760116
0.176285969798832,30.8405617924466,2061.10555277639,0.587033361985636
0.182513252811443,64.4469398661078,2064.10705352676,0.771529299433939
0.199016038619666,54.3793307588897,2060.35517758879,1.08247061086383
0.15671380227751,15.4542261000141,2060.50525262631,0.325566788465248
0.126207310313214,3.1450272019994,2054.65232616308,0.0873265344453462
0.189825737442628,25.5771389596111,2057.80390195098,0.729583702835853
0.155257458684764,21.8315600677534,2063.05652826413,0.346536210669886
0.199630393315998,7.56780167843215,2050.30015007504,0.37146166298031
0.138384117984294,5.57746185992785,2056.90345172586,0.151314211931862
0.133635837767517,54.5361117673544,2075.21260630315,0.233840884138895
0.178236488909105,9.91971340151178,2054.20210105053,0.380391362156041
0.161730227042179,11.9266679922861,2057.80390195098,0.328091034052081
0.15950342056595,3.88058521159597,2050.90045022511,0.14882075745577
0.0765558722316063,1.32214875407135,2057.65382691346,0.0209675537149135
0.168364830631785,70.4631396848539,2067.40870435218,0.569240380491657
0.180290197394681,7.94739971184986,2052.70135067534,0.332688634461966
0.177587502341387,35.8210683711633,2061.70585292646,0.626105823947845
0.175131426540846,10.5076446271293,2054.95247623812,0.378767017098478
0.158467828946907,12.5972302899552,2058.85442721361,0.313138516093481
0.166328000563356,4.02857346483847,2050.30015007504,0.16196188553829
0.159581342285726,3.81412874828321,2050.75037518759,0.146394365947557
0.14936551751165,11.5548867001919,2059.90495247624,0.257910815223605
0.170671721661012,44.0718255463572,2064.10705352676,0.568295503685991
0.0899755270843932,1.04413027541975,2050.15007503752,0.0205915011128022
0.171836567148923,34.8045007827355,2062.60630315158,0.549475182769737
0.142473608305235,2.60078095318014,2050.30015007504,0.087938165954671
0.198073655527479,31.5591124739724,2057.80390195098,0.901570906705356
0.182941723985785,24.5667432445612,2058.70435217609,0.627547156334008
0.19930096980868,11.1946946742062,2052.25112556278,0.524054310733411
0.129009634406328,4.12243473196511,2056.45322661331,0.108898868145198
0.19873316982544,18.9591758547749,2055.10255127564,0.731546494071761
0.179346817880748,7.24794774808137,2052.25112556278,0.306908614078402
0.163546137129609,3.83615347588896,2050.30015007504,0.151555072725117
0.154631561967465,21.7062172818814,2063.05652826413,0.345305395359174
0.140253951680532,36.0279175169288,2070.11005502751,0.26714269493963
0.159712099783684,4.98510624458552,2052.55127563782,0.186171297435776
0.190259487943511,21.0295852575175,2056.75337668834,0.67476625293326
0.19408343021411,90.5188827206817,2063.80690345173,1.05362720470828
0.17450862723652,25.9479782891666,2060.35517758879,0.546037834241197
0.150764982927167,11.2269700901773,2059.45472736368,0.261446424480066
0.158933257895392,11.756216271046,2058.25412706353,0.309019520626457
0.159683146330477,48.0474581976622,2067.10855427714,0.439074841439263
0.153291041919178,5.75691805285236,2054.50225112556,0.192173805987674
0.171153436184147,4.97077500682395,2051.05052526263,0.205804628966163
0.17270975062984,13.2291025360534,2056.75337668834,0.409655007610508
0.167894164700554,24.2156440378081,2061.10555277639,0.469775943674047
0.188774665933558,46.0167273459691,2061.10555277639,0.84438357691401
0.16136877325465,10.2388825947119,2056.90345172586,0.303694295186684
0.166965496072971,12.4171951294921,2057.2036018009,0.364368712329146
0.182621281859631,36.4452060637106,2060.95547773887,0.696005336431787
0.108742630204246,2.84356700216288,2057.65382691346,0.0622870242508913
0.173294548584306,10.6293480187976,2055.40270135068,0.368322100966878
0.175542375478055,7.18561784115829,2052.70135067534,0.29281933233743
0.128323248947269,21.273157622404,2069.65982991496,0.186558934697495
0.156224941684795,19.4568382303861,2062.0060030015,0.347499286038921
0.143077704748409,10.5683211343905,2060.65532766383,0.219238953962085
0.156030854072982,4.95648496866088,2053.00150075038,0.178164447879746
0.138811872736971,6.38559396992509,2057.80390195098,0.164127927939344
0.171136010350413,79.7490340377456,2067.55877938969,0.612870795453391
0.179682186972351,5.95928009583079,2051.05052526263,0.25976163699857
0.0847405070726583,3.16318819550752,2066.8084042021,0.0401950003442219
0.199797227674418,11.0347040567755,2052.10105052526,0.521984994599421
0.156668474631968,9.83440721077889,2057.50375187594,0.274161844533441
0.194961395133589,37.0802185815206,2059.00450225113,0.904955777786207
0.152521066545632,20.8487379146156,2063.20660330165,0.328459192094801
0.190881189148545,39.7328563803063,2060.05502751376,0.843690070612887
0.185840429044887,6.45955425993623,2050.90045022511,0.291711961374208
0.170980783557514,11.8241026687353,2056.30315157579,0.379152124939644
0.173285826920888,28.6163443734521,2061.10555277639,0.54855879532682
0.181880263643923,6.22226476776323,2051.05052526263,0.274614615953859
0.184491521297522,85.2084412476855,2065.15757878939,0.85082674908763
0.117146441034564,4.11058351166975,2059.00450225113,0.0892719850181531
0.197253911966646,20.3154738602905,2055.55277638819,0.748520391352763
0.149676152003543,23.7325189301555,2064.85742871436,0.311179129204869
0.199929985756203,16.6554123326141,2054.20210105053,0.696539801672161
0.176433522878066,51.7819671225966,2063.95697848924,0.659233470639808
0.195512103356078,16.3231210310229,2054.65232616308,0.648529324594386
0.19217230760047,7.65545473146367,2051.05052526263,0.358096231968879
0.131814391407943,5.01389279437678,2057.35367683842,0.128478686206209
0.188508435343856,13.9728926204603,2054.8024012006,0.534809045074986
0.196707190234359,13.8129064745256,2053.75187593797,0.589364142178162
0.191644328203798,25.3571841881197,2057.50375187594,0.749454128120986
0.171910789693403,51.1890764754063,2064.85742871436,0.587723700344981
0.117320142111858,5.64206206761865,2061.85592796398,0.103141857180734
0.148191378307833,4.07523387938939,2052.85142571286,0.139956356995731
0.127582437128038,3.53905426496764,2055.40270135068,0.0969422241016927
0.184577127976954,9.77794436555052,2053.30165082541,0.406844901212587
0.197146283494157,11.1625120439526,2052.55127563782,0.510238397057644
0.185406855187283,5.90803229623124,2050.45022511256,0.2673240794877
0.161722451476659,6.68661474347447,2054.20210105053,0.236445377710469
0.189703454962686,8.25047817477399,2051.80090045023,0.374490512185175
0.171957721877899,8.22675961020021,2054.05202601301,0.309289613800772
0.189021430867457,74.6394176073048,2063.65682841421,0.920918890802407
0.197749941438746,39.9622941881329,2059.00450225113,0.971772987097494
0.195613921757165,53.4480645187486,2060.80540270135,1.00335872321959
0.190265978915398,8.56511470172144,2051.95097548774,0.387220748675148
0.17967850035838,47.4973267490208,2062.90645322661,0.694218204610467
0.176403060390738,13.0025492407616,2056.00300150075,0.434047636369526
0.194056752113579,40.308937459768,2059.6048024012,0.906154894886795
0.159842567427833,13.4209094274668,2059.00450225113,0.32874757340046
0.181330819783742,6.34893199363231,2051.35067533767,0.277763306872161
0.131719677012754,3.1450272019994,2053.60180090045,0.093824091968815
0.143201931910925,4.39198314906283,2054.20210105053,0.1397642582551
0.169703060815698,4.3542135747773,2050.45022511256,0.179098906705434
0.109021152234254,3.1450272019994,2058.55427713857,0.0666819883479545
0.197817653590037,8.370100693918,2050.90045022511,0.403897273033979
0.179596978296845,9.12515100556096,2053.60180090045,0.364887879345577
0.190069241254693,45.4898472606078,2060.80540270135,0.868764655171143
0.162561264269735,10.5683211343905,2056.90345172586,0.3144496334406
0.152568898725901,18.7420980057214,2062.60630315158,0.316101444157474
0.154077595992942,13.3438551917019,2060.05502751376,0.293927216117958
0.131540632203653,3.62151028088471,2054.8024012006,0.104235152622992
0.156392816340405,3.39924796097488,2050.45022511256,0.12761956527266
0.196260422345195,7.2688443008963,2050.30015007504,0.350249731890656
0.183703313755804,18.053613516069,2056.90345172586,0.564211633761236
0.186386687374818,10.327697309498,2053.45172586293,0.429452962937482
0.163066849249549,32.4808889723873,2063.80690345173,0.45444021735069
0.171035655381821,49.4508252223751,2064.70735367684,0.583677579421757
0.171518230000866,80.9053040318974,2067.55877938969,0.619368028842421
0.15471359347265,8.03944940844679,2056.45322661331,0.240871680405875
0.184702591356666,29.6222405590191,2059.45472736368,0.688765061673412
0.189945201993366,7.28980110054726,2051.05052526263,0.33627196247761
0.185364252780446,9.61049343596866,2053.15157578789,0.403641860069171
0.158143400142709,23.0590127888488,2062.75637818909,0.375616782217011
0.188700790958392,8.06262793911584,2051.80090045023,0.363696207589451
0.139281954488484,12.7065019223768,2062.75637818909,0.216785183450301
0.1988781371748,81.842378919186,2062.45622811406,1.16115717751654
0.18237889551309,10.3574730860055,2053.90195097549,0.412341005823889
0.176466768020005,76.8194808477565,2066.20810405203,0.693169724112283
0.158848742456432,17.1913042784243,2060.65532766383,0.35590046835454
0.189558418303811,23.8009421380058,2057.50375187594,0.702934083075698
0.198013117362235,22.2119479273284,2056.00300150075,0.782349692150036
0.198552422224188,19.852922906113,2055.25262631316,0.753841870652642
0.199951041969923,12.1344753910871,2052.70135067534,0.558554911339297
0.0922835715024916,4.80198009042612,2068.60930465233,0.0556357883272409
0.157288712807896,14.8010516157109,2060.05502751376,0.326438068499188
0.150032980463529,15.2333597657718,2061.70585292646,0.284599564091827
0.19590021112091,13.3438551917019,2053.60180090045,0.572500336846134
0.193528522082578,37.8350640594363,2059.30465232616,0.887554318221681
0.143913547745698,3.41887695499837,2052.25112556278,0.11529801510233
0.184226713145186,7.3318961356485,2051.80090045023,0.322838586117998
0.168677456991159,22.5339958268413,2060.50525262631,0.469199281386377
0.193912905589025,16.9944681193122,2055.10255127564,0.646207556598423
0.197188189362412,32.3875125587801,2057.95397698849,0.907730749813096
0.170115111675487,8.22675961020021,2054.20210105053,0.304184291480982
0.0977707793038939,6.20437693319619,2069.2096048024,0.0683275128995997
0.12525903196485,9.6938573407282,2064.25712856428,0.147366550961875
0.148963112812,6.15102138343189,2055.70285142571,0.188228371653372
0.142585598430746,45.4898472606078,2071.16058029014,0.28758134912286
0.080384746729584,35.3091263296414,2099.82491245623,0.0497010967704481
0.199282743717517,18.9046718094031,2054.95247623812,0.739530543161009
0.123857961191054,3.86942926293753,2056.90345172586,0.0969573116909283
0.112767962955842,18.9591758547749,2074.16208104052,0.122601687002967
0.159289984458399,53.6021605942022,2067.85892946473,0.442333921659808
0.186474403748201,17.5412692675873,2056.30315157579,0.584750097520273
0.129716787883521,9.17784428848941,2062.75637818909,0.15820166713787
0.135562589933116,10.1216499350543,2062.0060030015,0.185955343559116
0.174532439697126,21.151020824465,2059.15457728864,0.513733904935345
0.193721101289745,35.6154068202425,2059.00450225113,0.870527838974816
0.175594242285923,38.4942931291769,2062.45622811406,0.610920780059654
0.189251963732353,24.0073976636039,2057.50375187594,0.709025320865311
0.187804932455701,22.598963573615,2057.50375187594,0.666520192742611
0.15765278284227,13.6547521301788,2059.45472736368,0.319901595403799
0.152392119286051,11.5548867001919,2059.30465232616,0.273046439578549
0.189366790569871,7.81129753947542,2051.50075037519,0.356246991015219
0.11006911950867,1.8199732981517,2052.70135067534,0.045563481739951
0.183138575599309,54.0671195934932,2062.90645322661,0.77613332351506
0.183190709924699,19.0138370407198,2057.2036018009,0.575412911225409
0.199998663414799,12.2750213329814,2052.70135067534,0.564525777830539
0.160111548884876,4.3416960341386,2051.65082541271,0.165849920296534
0.110831910972796,2.0538945595859,2053.75187593797,0.0510501812809769
0.189049576128559,21.0902156392867,2056.90345172586,0.664633564680977
0.165414532776264,17.7955976561148,2059.75487743872,0.404884506385406
0.103964650913916,14.5895202202118,2075.36268134067,0.0937433646655764
0.105426143453208,9.52784643268317,2070.56028014007,0.0912901412917126
0.18339402327419,13.0400368809022,2055.10255127564,0.478733009658624
0.18809430278261,54.0671195934932,2062.15607803902,0.849989806974878
0.1849784631638,6.01097243209366,2050.60030015007,0.271495436614736
0.151218099024575,11.5216685859765,2059.6048024012,0.264981429976677
0.149277144235915,13.4209094274668,2060.95547773887,0.270973904833356
0.177087616759641,13.5373258656811,2056.15307653827,0.447178300534077
0.147146452874843,89.482464022409,2074.46223111556,0.340554588795789
0.198155651166548,58.9444080505326,2060.95547773887,1.0713842238672
0.143384614758579,28.5340777947752,2067.55877938969,0.281262650760104
0.173166586154887,40.8933710575319,2063.20660330165,0.59102837499215
0.128933657281592,38.9401481423545,2074.31215607804,0.199989284577705
0.17890768290507,5.92506573979369,2051.20060030015,0.256123580343974
0.195321724755516,19.4009034997931,2055.55277638819,0.71082704569719
0.104241483176493,1.59422875299434,2052.4012006003,0.0376032239351835
0.183675725258607,5.43480286846039,2050.15007503752,0.243465697984982
0.180145375133703,17.9499612710559,2057.35367683842,0.532944772220456
0.191669652795816,16.8968968064112,2055.40270135068,0.621744990673678
0.131098584116924,17.1913042784243,2067.25862931466,0.191028948390468
0.166531230125962,78.8359274288079,2068.45922961481,0.553605767608179
0.197100683918682,81.842378919186,2062.75637818909,1.11572415852416
0.0724803326828307,4.0401882420282,2076.71335667834,0.031235542997826
0.193747520271108,44.7108167276501,2060.20510255128,0.922446060065305
0.15379629401778,12.5249050903856,2059.6048024012,0.288583900650681
0.146870856008442,5.35713058780925,2055.10255127564,0.167296768420753
0.160358729760521,92.3615840827968,2071.01050525263,0.475721600502382
0.141377251609897,2.71555413295041,2050.90045022511,0.0911593202947488
0.187842354787347,20.6100250498449,2056.90345172586,0.648714795478264
0.144187082127196,52.2311372931222,2071.6108054027,0.305353601023826
0.185139112710131,20.6694457978884,2057.35367683842,0.617404489489288
0.148703527997113,4.0518365057735,2052.70135067534,0.140206825700978
0.0981950070584781,28.6163443734521,2084.96748374187,0.0847025818965291
0.18193813064738,11.7224193723862,2054.65232616308,0.442823944603631
0.199243444836521,57.2716222440805,2060.65532766383,1.08554851691542
0.190879889007045,19.4568382303861,2056.15307653827,0.665610621840176
0.180987034368644,12.4529951356256,2055.10255127564,0.45391506485566
0.161715554119413,82.7903073513056,2069.95997999,0.490348274136721
0.175499807875369,15.9974592566334,2057.35367683842,0.471534966605139
0.198172401431249,15.3654978668113,2054.05202601301,0.644335743959349
0.137551306340378,33.5259694810802,2070.41020510255,0.246656579599315
0.195818572150515,29.1149486853426,2057.65382691346,0.847226555773604
0.196303426564465,22.5339958268413,2056.30315157579,0.766392422125666
0.155478763070564,9.20430492459876,2057.35367683842,0.258487968071188
0.171694401443759,4.50726900243269,2050.30015007504,0.187964032244513
0.197424960763252,11.7224193723862,2052.70135067534,0.533547905624455
0.18886005385155,6.96162583541039,2050.90045022511,0.320727051079009
0.15786089498682,7.87905475386486,2055.85292646323,0.248614287217124
0.199953093669311,17.6425615162172,2054.50225112556,0.720033194092303
0.130505028771117,5.59354223610883,2058.55427713857,0.132502359505039
0.153140930666291,7.83381828565906,2056.60330165083,0.230741435396711
0.122012813930353,16.1827476936424,2069.50975487744,0.151838192003308
0.165950214742831,19.9101608535235,2060.35517758879,0.42341701057303
0.135666772171573,17.2408685151293,2066.05802901451,0.212109764280544
0.195896387188997,7.83381828565906,2050.75037518759,0.375578061790411
0.162226401720431,38.3836293157633,2065.15757878939,0.450054965646823
0.191884816181166,39.277925054923,2059.75487743872,0.86816340189294
0.198070961916588,9.91971340151178,2051.80090045023,0.46924232927061
0.161484587899482,8.44270511134198,2055.70285142571,0.273535774517703
0.195027563055668,17.0434648578319,2054.95247623812,0.658680228519463
0.166944923343396,6.94161247758823,2053.60180090045,0.260202153300063
0.193276765056936,8.15601225127809,2051.35067533767,0.381803975559657
0.162022113176248,9.94831291991456,2056.60330165083,0.302733489322324
0.194811536347312,48.3249087633854,2060.35517758879,0.972881124171812
0.185791799732377,19.2340622708831,2056.90345172586,0.603246597031146
0.189868590920991,11.9610537599916,2053.75187593797,0.495795366771245
0.188780926337443,24.3554775355552,2057.65382691346,0.706339330139284
0.179137135337624,9.83440721077889,2054.05202601301,0.382073547256898
0.191612516018223,68.4634633145046,2062.75637818909,0.962291414252741
0.15523403972942,6.51558610363938,2054.95247623812,0.214556531505895
0.130033828717924,8.22675961020021,2061.70585292646,0.15483925318263
0.184405544446159,51.0419175604762,2062.45622811406,0.779283531778213
0.137432119255381,18.9046718094031,2066.20810405203,0.226639994422988
0.170973564961758,4.31676880609627,2050.15007503752,0.179194539627282
0.182617957075926,17.3404260963733,2056.75337668834,0.5490040431238

