0.15386281835997,3.20905081491668,2061.10555277639,0.0635980964209646
0.19782924223462,4.8997344482741,2056.45322661331,0.164363751606449
0.154904669405612,2.35826794741131,2058.85442721361,0.058306702343704
0.149771587103711,9.97699489356779,2069.65982991496,0.0708461447460516
0.195111773337404,9.418754960271,2060.20510255128,0.193686375138585
0.146425842495302,10.3873347090322,2070.86043021511,0.0652303883757784
0.19428098926267,1.82522046182733,2051.65082541271,0.0852681019265016
0.171791130742479,7.94739971184986,2063.20660330165,0.115573681116194
0.129376316500759,2.65372529430481,2065.60780390195,0.0351679435600174
0.169920499123555,3.45847564108692,2058.70435217609,0.0881895732541729
0.148337139942331,5.01389279437678,2065.30765382691,0.0627574947045805
0.0836948449140859,1.00288309926358,2072.96148074037,0.00277679633565722
0.162182351815689,1.85168407581574,2056.15307653827,0.0582702932050103
0.0898133136665341,1.00867425853989,2070.11005502751,0.00538565155822207
0.158153624910478,3.46844676966084,2060.80540270135,0.0706304344327852
0.192614429070857,3.82512526006857,2055.85292646323,0.135226364204002
0.170372238618993,9.94831291991456,2064.85742871436,0.115388699897201
0.164268547780749,1.92229906736858,2056.00300150075,0.061661215250306
0.1103038023955,1.00288309926358,2062.60630315158,0.00902005368634249
0.171680726115133,1.41673238639154,2053.00150075038,0.0559455085555767
0.142267318671598,2.96905439714284,2063.05652826413,0.048891738601658
0.196765159710924,5.87411217212038,2057.50375187594,0.174203738768624
0.195072469801696,2.03037797761035,2052.10105052526,0.0938148598878097
0.156750786173212,1.06232295058138,2053.30165082541,0.0380278979382465
0.179006466159425,6.49685502569923,2060.80540270135,0.12783366001931
0.184931892307029,2.16937226517279,2053.75187593797,0.0881177604899466
0.188344215762183,1.66458250694606,2051.80090045023,0.0749659682991169
0.144563517620962,6.02830266228601,2067.55877938969,0.0588597507829652
0.179289625029229,1.63607591315362,2052.85142571286,0.0676311112666443
0.195652470159268,1.87313095952011,2051.65082541271,0.0879166968913622
0.185840366009595,1.35685404373703,2051.05052526263,0.0612243450004699
0.133531608869883,4.63891702142887,2068.60930465233,0.0437305479061486
0.194136307191801,1.68871705388817,2051.35067533767,0.0792381163436267
0.132745670278897,2.07768351923393,2062.75637818909,0.0357232968804087
0.125693350438,2.15691712397049,2064.85742871436,0.0310522195902234
0.169153025069611,4.46850800867783,2060.35517758879,0.0945853219180271
0.180090420278683,1.11560866287013,2050.60030015007,0.0488889457934619
0.115684021044688,1.00288309926358,2061.10555277639,0.00518497266087614
0.163237877473088,4.99947880072813,2062.15607803902,0.0862421061176212
0.163327765705533,3.36032741709575,2059.6048024012,0.0776451984252127
0.185332950431363,1.37652687910296,2051.20060030015,0.0618000054326055
0.173519097469439,5.6910027726913,2060.95547773887,0.111205474709533
0.17921229564593,2.69996316651677,2055.70285142571,0.0932113611883469
0.102498746698281,1.00867425853989,2065.15757878939,0.00160114218229986
0.112725269684265,1.65979714701382,2066.50825412706,0.0214557836617643
0.192801668789567,3.62151028088471,2055.55277638819,0.131836905770863
0.157527206073046,1.5896456468007,2055.85292646323,0.050155492849874
0.17556622104192,8.39423252506469,2062.75637818909,0.127760001352579
0.199078199831697,15.8598865007128,2062.15607803902,0.236367198391086
0.166409289287316,2.50524216415549,2057.2036018009,0.073471364827126
0.174224180483832,1.35295334494457,2052.4012006003,0.0553871626559226
0.187658160035134,2.6460963359074,2054.50225112556,0.103483651262936
0.0929151955136764,1.00867425853989,2068.75937968984,0.0100577992448195
0.0809472955891557,1.00577451078852,2074.46223111556,0.00335409141844467
0.193730072712508,8.56511470172144,2059.90495247624,0.184641516675741
0.197347434338536,2.92662172166501,2053.75187593797,0.12514335153865
0.184969096774178,3.25557838997471,2056.00300150075,0.111432730578657
0.185810471300857,9.44591016576076,2061.70585292646,0.160363252128775
0.1856540818711,5.72386552959968,2059.00450225113,0.140775600569662
0.17100603532694,1.07462716439149,2051.50075037519,0.0440341908692986
0.159229319092153,1.73804099143649,2056.15307653827,0.0541403601257172
0.199488218983178,4.30435891208667,2055.55277638819,0.159214161715434
0.189283273166567,4.88564863828298,2057.50375187594,0.144330819728051
0.147830931133027,5.11596107896008,2065.60780390195,0.0619279222267465
0.13442805691493,2.08367368705817,2062.30615307654,0.0372490710370338
0.18625896257012,1.95017021036364,2053.00150075038,0.0829118231672505
0.113524094225187,1.00288309926358,2061.70585292646,0.00314740101601969
0.176539250052503,6.7058929175172,2061.40570285143,0.122569217579645
0.163044929643187,1.00288309926358,2052.10105052526,0.0290907507894561
0.173323094597182,3.01210229799636,2057.2036018009,0.0897152148952479
0.114802864096991,1.00867425853989,2061.40570285143,0.00744728483991126
0.194595125334849,3.61109912366059,2055.25262631316,0.13583203374368
0.179624099872538,3.37001557459736,2056.90345172586,0.104595624340802
0.185265139641869,2.95200799512719,2055.40270135068,0.106538777991299
0.121810097812005,1.00867425853989,2059.6048024012,0.0136760726137509
0.182348619959045,11.7901106095195,2063.50675337669,0.155204034059515
0.183801398144928,1.31077872056062,2051.05052526263,0.0584254251494978
0.118145870426782,1.00867425853989,2060.50525262631,0.00923040388770045
0.141698991858973,4.48139116082693,2066.20810405203,0.0524785663110542
0.100664142098632,1.00577451078852,2065.75787893947,0.008659876500304
0.147186027597322,1.41265954868704,2056.90345172586,0.0398071015426544
0.101519957318695,1.00577451078852,2065.45772886443,0.0104636102533399
0.156723416945472,5.75691805285236,2064.4072036018,0.0769580260070949
0.160616999145625,12.4888983567305,2068.30915457729,0.0954054994218477
0.195702146871203,1.76324060258228,2051.35067533767,0.0836309258204046
0.163454330419201,1.6984685687346,2055.40270135068,0.0565733680741913
0.158526126202805,2.10780755947618,2057.50375187594,0.0590544297546619
0.198171010566609,3.61109912366059,2054.8024012006,0.142773636290938
0.148390572454092,3.03823005207779,2061.85592796398,0.0559767521197324
0.143218816284781,6.38559396992509,2068.30915457729,0.0574924243514812
0.188012333207047,1.54898606893921,2051.50075037519,0.0702258611622823
0.197240260093063,6.61005466738882,2057.95397698849,0.185108652711798
0.1911394979167,4.0518365057735,2056.30315157579,0.136492452972161
0.145738644681701,1.65026765861521,2058.25412706353,0.0420661092311307
0.190686073965802,3.73803325566538,2056.00300150075,0.129511810141041
0.19542848207571,6.1865405227709,2057.95397698849,0.17333725555861
0.193508485708368,6.57210398204128,2058.55427713857,0.170642398675092
0.175948353733781,7.2688443008963,2062.0060030015,0.122664111085558
0.172245608737294,1.2267955530143,2052.10105052526,0.0500692976690169
0.157760421269418,1.24817094410403,2054.20210105053,0.0432436184217294
0.161241904617794,2.21991621862324,2057.35367683842,0.0634553733192909
0.197175975173982,1.42902148939294,2050.15007503752,0.0692076276229107
0.189579675256768,7.52435222533039,2059.75487743872,0.167018621349371
0.187936471249815,2.67674439360146,2054.50225112556,0.104626825170346
0.185675883171548,5.04284557241036,2058.25412706353,0.136052514620068
0.181094619486729,1.23033252636976,2051.05052526263,0.0539881930161865
0.180085019512853,1.55345194953386,2052.55127563782,0.0652463692580972
0.174701099059854,1.29950646550457,2052.10105052526,0.053853368477854
0.136427149417278,4.36676720472819,2067.40870435218,0.0461039288073064
0.147984613649007,1.00577451078852,2054.35217608804,0.0321556038815233
0.142282375469158,6.04568285725226,2068.15907953977,0.0558930823138458
0.190327167859821,2.25210247070889,2053.30165082541,0.096118627772184
0.167555490283171,1.035151107089,2051.65082541271,0.041449338553925
0.103218212464911,1.00288309926358,2064.85742871436,0.0144154938573585
0.163398054125838,3.53905426496764,2059.90495247624,0.0792424222001948
0.128356183895407,2.46943812909056,2065.30765382691,0.0338231500695259
0.193835783009085,12.5610156350281,2061.85592796398,0.201564328041176
0.155978370444488,5.04284557241036,2063.65682841421,0.0742921770606245
0.186510551892024,2.08968112513086,2053.30165082541,0.087513924843943
0.184082123778987,9.20430492459876,2061.85592796398,0.153800408324922
0.120811499210217,1.40859841962076,2062.60630315158,0.0245462428262488
0.153009334874554,12.8167214051892,2070.41020510255,0.0790418410070653
0.192944823580109,3.43861929685961,2055.25262631316,0.12862963211593
0.187573856601707,4.14623977579979,2056.90345172586,0.130389610258735
0.197775971805634,4.57261925984919,2056.00300150075,0.161155791037681
0.184838674285203,3.66345594042931,2056.60330165083,0.118318174581319
0.169784776295598,10.0346071582177,2065.00750375188,0.114333879072197
0.188172534183943,8.03944940844679,2060.35517758879,0.16463270479462
0.166561356817595,12.4888983567305,2066.95847923962,0.109746210527641
0.193440189548453,2.96051892720402,2054.35217608804,0.1194537272639
0.149152579036835,1.06232295058138,2054.50225112556,0.0346061391634507
0.180855885918959,4.09876636139165,2057.80390195098,0.115989108271116
0.199567149010513,5.37257572706184,2056.60330165083,0.177737376820799
0.160013086664465,15.4987821679022,2069.80990495248,0.095790923246049
0.180290992445248,2.2008256876077,2054.50225112556,0.0834936262002838
0.108230878765822,1.78880557933512,2068.75937968984,0.0195660806026733
0.196595127754581,1.71814085427452,2051.05052526263,0.0822800572255853
0.0990496552168103,1.00577451078852,2066.35817908954,0.00232538688331711
0.194901943518951,10.9083594392703,2060.95547773887,0.200759598382916
0.155068462647685,3.92553157195246,2062.15607803902,0.069171077445041
0.137853884636515,1.87313095952011,2060.80540270135,0.0382414619896633
0.0801764431517611,1.40051115285914,2079.11455727864,0.00887499590225683
0.190645069291111,1.51808232505612,2051.05052526263,0.0703102559870736
0.169688088611217,3.49853297367273,2058.70435217609,0.0891645721792419
0.157631921054913,1.00288309926358,2052.85142571286,0.0311444686299868
0.161162530078763,2.09570588324384,2057.05352676338,0.0612996045651455
0.168182215896474,1.669381663546,2054.50225112556,0.0600713914477954
0.163698908808807,3.04698957090351,2059.00450225113,0.0749659537018047
0.153243409979796,3.45847564108692,2061.70585292646,0.064314570723072
0.190502248731703,8.56511470172144,2060.35517758879,0.17439054257035
0.170594440168548,4.24284253669373,2059.75487743872,0.0963528642181369
0.179119827393341,1.41673238639154,2052.10105052526,0.0601613463156362
0.199648137625624,3.66345594042931,2054.65232616308,0.147287910792575
0.180297398618898,3.90299369276608,2057.65382691346,0.112162382065111
0.199892115556069,3.90299369276608,2054.95247623812,0.152915297310961
0.188360948292132,6.27623830106248,2059.00450225113,0.154170806052541
0.176997072014228,1.94456383978917,2054.20210105053,0.0741295417130493
0.110903930301171,1.2517695448338,2064.4072036018,0.0190235970099207
0.187720401658747,11.3570049730287,2062.30615307654,0.174869130858983
0.193160910779177,4.85759838400825,2057.05352676338,0.15148508718604
0.139333560724115,1.00577451078852,2055.85292646323,0.0084343246860353
0.168387960542324,4.55947384416678,2060.50525262631,0.0949983845566772
0.113183834499789,11.0347040567755,2083.31665832916,0.0274151981230206
0.173960031681748,4.41734470314007,2059.45472736368,0.103503980883209
0.153002040953438,14.8010516157109,2071.46073036518,0.0787408049221214
0.199504410671948,2.23917234584048,2052.25112556278,0.104909261174239
0.172849653696024,1.2517695448338,2052.10105052526,0.0512840825164484
0.192874271472674,5.2653877364201,2057.50375187594,0.155703999942841
0.178187279537849,4.69264665877481,2059.00450225113,0.115871641991328
0.166875091765613,3.95958264771409,2060.05502751376,0.0870604638399111
0.181925699145365,5.75691805285236,2059.6048024012,0.131768893306646
0.161752577317738,7.3530347199978,2064.85742871436,0.0901804619309858
0.149538619403219,2.69220128298041,2060.80540270135,0.0551437374154939
0.190380880756712,4.07523387938939,2056.45322661331,0.134906331369591
0.193246466951937,2.22631645743836,2052.85142571286,0.0986756773215502
0.199787957928603,5.65832869261085,2056.90345172586,0.180771164474014
0.184101304780512,7.90177085082341,2060.95547773887,0.150214324815986
0.100783902674525,1.79913505645155,2071.6108054027,0.0163283424381701
0.182193037347181,1.47076025583445,2051.95097548774,0.0637913906919702
0.161656354580127,13.0025492407616,2068.30915457729,0.0982545523316064
0.185641283926483,1.21624552488348,2050.45022511256,0.0550872071826713
0.191761181528504,5.3417298504113,2057.65382691346,0.155192006428421
0.160018338360725,3.78132852701561,2060.95547773887,0.0756144379922646
0.198651067307622,5.99369202303595,2057.35367683842,0.181192604487981
0.172376405102486,11.1625120439526,2065.15757878939,0.12217830091276
0.183087466330005,2.04210241714683,2053.60180090045,0.0830223319730068
0.189713591160048,4.58580257506987,2057.2036018009,0.140164146519465
0.127689279359482,12.169460288151,2078.06403201601,0.0407763071751926
0.133947289220716,2.54156531687388,2063.95697848924,0.0390024824955609
0.159703397934576,1.00288309926358,2052.55127563782,0.013463460265109
0.153220698289985,1.4920846013006,2056.15307653827,0.045310603929629
0.162992731719407,1.00288309926358,2052.10105052526,0.0125398551988035
0.159212606099308,4.58580257506987,2062.30615307654,0.0785803468624484
0.139554450852861,8.68929909148323,2071.6108054027,0.0538412030256118
0.115597463311382,3.18145405986858,2071.31065532766,0.0263834180820677
0.137496408360887,1.47925317679908,2059.00450225113,0.0347702461596289
0.131939586890905,1.65502554408647,2061.10555277639,0.03277260465666
0.197042602741928,5.82359678794962,2057.35367683842,0.175899286319333
0.19825695087257,3.88058521159597,2055.10255127564,0.149326638294463
0.197078176534653,3.55949057200184,2054.8024012006,0.140230696125085
0.161560463562527,4.41734470314007,2061.70585292646,0.0807926923121681
0.173755810809231,1.80952418124502,2054.20210105053,0.0680693887177573
0.149482151796115,1.15482354244809,2054.95247623812,0.0368785221049042
0.0730149859668656,1.00577451078852,2079.26463231616,0.00294324797691867
0.181816069419751,3.19062650772569,2056.30315157579,0.105282068097906
0.167742801241305,1.93339940407185,2055.55277638819,0.0648938736852006
0.194495329792366,10.0346071582177,2060.50525262631,0.197608383158027
0.198193906697978,4.26734287669584,2055.70285142571,0.154941303099037
0.189335348621512,3.31230280598519,2055.40270135068,0.120953478052649
0.136890535919215,3.75961856902805,2066.20810405203,0.0452253036050178
0.131094417920772,1.00867425853989,2057.50375187594,0.0188202763229351
0.191338570109018,1.45811221351425,2050.75037518759,0.0681302474970925
0.184897396496968,1.63607591315362,2052.25112556278,0.0713518962448911
0.178308103247179,3.08228092099346,2056.60330165083,0.0981199536945234
0.109907501929512,1.00577451078852,2062.75637818909,0.0116845714840963
0.114734569317213,3.21830282695794,2071.76088044022,0.0257461880525524
0.196105872931522,2.08367368705817,2052.25112556278,0.0961054069343974
0.19982742337907,5.65832869261085,2056.90345172586,0.180655375540809
0.183516728455997,8.03944940844679,2061.10555277639,0.149986815992757
0.183639466567662,4.63891702142887,2058.10405202601,0.127303138561082
0.181691742043554,8.29812065000463,2061.70585292646,0.142989674937107
0.18567044286806,3.56975293664868,2056.45322661331,0.117154655493364
0.195403581634336,1.89482624889294,2051.80090045023,0.0884491279682051
0.155297504005209,1.20578622343754,2054.35217608804,0.0408818679963517
0.176604684771458,1.90576794350953,2054.05202601301,0.0731969074139258
0.182651393932513,1.74807732789242,2052.85142571286,0.0735753815185223
0.143935836846564,3.50861959151272,2063.95697848924,0.0522775414213566
0.175495105080292,1.28462743961633,2051.95097548774,0.0536805789748213
0.186764333106488,4.92802801770652,2057.95397698849,0.137898862517778
0.187734747672686,1.65979714701382,2051.95097548774,0.0740880407829042
0.0914466250406414,1.00577451078852,2069.35967983992,0.00143232462252248
0.197738952267969,1.94456383978917,2051.65082541271,0.0922998805425592
0.199700616622036,14.257340102472,2061.55577788894,0.233953469876747
0.176317736162426,2.85176528809274,2056.45322661331,0.0914922163675431
0.195103327890129,2.0538945595859,2052.25112556278,0.0942629801959399
0.165259764483267,3.58004488871148,2059.6048024012,0.0827419512689149
0.130407913309926,1.00288309926358,2057.50375187594,0.0253197210450944
0.139902311900441,10.9713498785374,2073.11155577789,0.0558642881484043
0.0887254060871639,1.00577451078852,2070.56028014007,0.00264412051226873
0.159786807701864,10.5379392096157,2067.55877938969,0.0903357069084322
0.190619398196402,3.23688695135292,2055.25262631316,0.120296269929245
0.1673699431015,1.67902152597229,2054.65232616308,0.0596270814835553
0.1983895445723,7.45964533309522,2058.40420210105,0.197089360355974
0.186985838989772,4.87160332233193,2057.95397698849,0.136181926323558
0.182292167735339,8.41843393067599,2061.70585292646,0.144768613377716
0.187282400000754,5.48194575365476,2058.55427713857,0.142673521307561
0.159511960541187,1.26626799854054,2054.05202601301,0.0446786556233002
0.196442694457663,10.0057595601981,2060.20510255128,0.205049431489807
0.185084655521678,1.28833114804146,2050.75037518759,0.0580834959135648
0.112118307894693,7.3530347199978,2080.16508254127,0.0261030532538121
0.193438651356958,4.43008034640065,2056.45322661331,0.147579718316058
0.16922347509404,5.3417298504113,2061.40570285143,0.0995482222622786
0.143115792148766,1.15815301335288,2056.15307653827,0.0335372659126714
0.102424087207818,1.91126246166401,2071.6108054027,0.017148008141579
0.187745813157784,12.8907317012169,2063.05652826413,0.176447653283126
0.129474611714227,3.31230280598519,2067.25862931466,0.0371611108791758
0.19372222833,7.50272113554967,2059.15457728864,0.179705678258738
0.171089715228005,1.54898606893921,2053.60180090045,0.0592846714976491
0.125117521597307,1.60805750536954,2062.60630315158,0.0280776894667013
0.149465300732801,1.04112859832463,2054.35217608804,0.0341885794605232
0.190302541145202,8.1325652583707,2060.05502751376,0.172810067996995
0.156443900614935,5.6910027726913,2064.4072036018,0.0761730571401397
0.195538027954675,13.2672433518329,2061.85592796398,0.211336528929762
0.184412699843141,3.36032741709575,2056.30315157579,0.111653321335418
0.193046296559509,8.1325652583707,2059.75487743872,0.179361817941251
0.102852597499058,1.00577451078852,2065.00750375188,0.00171567944255106
0.126739444622536,1.00288309926358,2058.40420210105,0.00965910981083793
0.169867594596673,1.48779514022745,2053.60180090045,0.0566869699620122
0.150623266693135,1.01158236655188,2053.90195097549,0.0340641116995069
0.18773143344214,9.91971340151178,2061.55577788894,0.170856764071175
0.123060960747311,1.00867425853989,2059.30465232616,0.0105046488071817
0.161499311365005,7.74412301428478,2065.15757878939,0.0913071800469388
0.158995088739161,9.47314366240347,2066.95847923962,0.0889294400135753
0.182896865225591,5.29579277470977,2059.00450225113,0.130508270875993
0.132211219396549,2.45526020256225,2064.10705352676,0.0373129299296157
0.184869303201543,2.31788173275986,2054.05202601301,0.0924133496911155
0.199559875284661,1.4920846013006,2050.15007503752,0.073202257782614
0.187696601987945,2.13836836392825,2053.30165082541,0.0900631406334708
0.121808809825346,1.9841495077581,2065.30765382691,0.0276929931560331
0.163452587047138,1.84105289600553,2055.85292646323,0.0595274851802268
0.0932979919499897,1.00867425853989,2068.60930465233,0.00669880295087564
0.158944624526408,1.8570226648111,2056.60330165083,0.0558938715961895
0.193747009728074,5.37257572706184,2057.35367683842,0.161877123433857
0.185323101080157,4.30435891208667,2057.50375187594,0.126593382797789
0.187183728005984,2.07171057200942,2053.15157578789,0.0877983992517683
0.127115444090318,1.54009278652809,2061.70585292646,0.0289342238163357
0.188280897283151,2.46943812909056,2054.05202601301,0.099722605753716
0.193627788665868,1.42081696649143,2050.45022511256,0.0673524336574651
0.162483861236531,8.84069935203988,2065.75787893947,0.0953690701346124
0.177561019987785,3.50861959151272,2057.50375187594,0.102089384685684
0.165745315144067,3.27437776251048,2059.00450225113,0.0806415665868799
0.183771817763969,1.28093437865255,2050.90045022511,0.0572096775989598
0.199168445474253,3.46844676966084,2054.50225112556,0.141052829891628
0.0740408989205278,1.57144459943409,2084.81740870435,0.00750525021063661
0.182362752514958,7.67752616736229,2061.10555277639,0.143710114275413
0.159720338699906,1.00288309926358,2052.55127563782,0.001688322646592
0.155599385416739,1.42902148939294,2055.40270135068,0.0459991869358716
0.199089979439117,4.49431145638251,2055.85292646323,0.161098783607629
0.111876853763718,1.00288309926358,2062.15607803902,0.0111213176277061
0.184132548367631,5.75691805285236,2059.30465232616,0.136552039418886
0.197009541349145,2.46943812909056,2053.00150075038,0.110423383840763
0.119108576921508,1.00288309926358,2060.20510255128,0.00229839096803766
0.167185108180533,3.90299369276608,2059.90495247624,0.0873094606139018
0.126921783714809,1.00867425853989,2058.40420210105,0.011678156536884
0.168671904256721,2.0538945595859,2055.70285142571,0.0684768666119462
0.1719217476419,3.78132852701561,2058.85442721361,0.094945249037507
0.193376518445337,2.15071639511557,2052.70135067534,0.0960078051152057
0.190077991384867,1.30701047960937,2050.30015007504,0.0608202532325718
0.162801810247363,2.01872085226992,2056.45322661331,0.0623413645756933
0.141939238168921,3.98244730043134,2065.30765382691,0.0515267174721771
0.191756462912193,1.73804099143649,2051.65082541271,0.08004042996066
0.119266427187508,1.00577451078852,2060.20510255128,0.00541498363788757
0.125558250162356,1.92229906736858,2063.95697848924,0.0299877577178628
0.146145086488102,7.58962040187813,2068.75937968984,0.0629110400044269
0.185328730132407,7.4811522310616,2060.50525262631,0.151032898621471
0.155517110889392,1.27358007675926,2054.65232616308,0.0426414911033714
0.108172774019845,1.54009278652809,2067.40870435218,0.0187676412685119
0.191867952869895,5.49775074742009,2057.80390195098,0.156785479378734
0.125107812413693,1.28833114804146,2060.80540270135,0.025780960219377
0.116228600913065,1.66458250694606,2065.45772886443,0.0232424544642073
0.166657074461129,2.66137624774655,2057.65382691346,0.075003202348222
0.196347054960446,12.2045460501459,2061.25562781391,0.213050123919386
0.173286238648471,3.95958264771409,2058.85442721361,0.0994127257224724
0.197229915436001,14.053579239644,2061.85592796398,0.22204294901608
0.188752995206192,11.3897483457029,2062.15607803902,0.178624920377593
0.160827304253211,3.32185250376586,2060.05502751376,0.073211317698934
0.173326505136907,2.39935784176774,2056.00300150075,0.0793535924969452
0.191320927863258,5.28056837192541,2057.65382691346,0.153365875135591
0.179840999965854,1.55793070570556,2052.55127563782,0.0654374640909455
0.118566865217333,2.14453349218355,2066.95847923962,0.0261577050438478
0.198683185025708,3.84721348715026,2055.10255127564,0.148292419205668
0.187259076900074,5.05738459676651,2058.10405202601,0.138956328819887
0.178180374525833,2.29794873135268,2054.95247623812,0.0838099860447975
0.178267372689404,2.00713065465068,2054.20210105053,0.0768954509937513
0.140210979161218,1.00577451078852,2055.70285142571,0.00387787515787079
0.105876182242162,3.48847535295163,2076.11305652826,0.0204304694385656
0.097312753923422,1.00288309926358,2066.95847923962,0.00719430308161853
0.198607534299687,2.85998721049474,2053.60180090045,0.12409727553771
0.1563415458392,2.63090415150101,2059.30465232616,0.0624953500625455
0.183744854407042,5.17521601544173,2058.70435217609,0.132283468985
0.181827540702092,3.56975293664868,2056.90345172586,0.111314234625393
0.163695545199691,3.18145405986858,2059.15457728864,0.0770669306817483
0.186739150064393,3.81412874828321,2056.60330165083,0.123518608638118
0.0945957100519013,1.00288309926358,2068.00900450225,0.00329446245080638
0.159124183255471,2.51246502599404,2058.55427713857,0.0642622577237867
0.193202835463508,2.29794873135268,2053.00150075038,0.100866362239748
0.142872905618117,2.0657547958787,2060.35517758879,0.0440348998821726
0.134240276067861,3.01210229799636,2065.15757878939,0.0409801541029842
0.188206604893481,5.19013667692469,2058.10405202601,0.142523117176038
0.178807577476028,2.25859550568368,2054.8024012006,0.0834963406306255
0.17653666699449,1.69358579278262,2053.45172586293,0.067069418239259
0.183521241501693,5.59354223610883,2059.15457728864,0.135331868826256
0.177702551444782,5.87411217212038,2060.35517758879,0.12293048322181
0.197297203031872,1.80952418124502,2051.35067533767,0.0864260864824397
0.191776053699392,5.57746185992785,2057.95397698849,0.156268292915095
0.195758695052255,3.40904833026788,2054.8024012006,0.133668289367829
0.159193246928275,3.02078648791353,2059.75487743872,0.0687187547449579
0.17032867344656,2.35826794741131,2056.30315157579,0.0754332880603381
0.171010462389178,5.37257572706184,2061.10555277639,0.10351581253023
0.169513671093719,6.51558610363938,2062.45622811406,0.105960926018431
0.0545297090125266,1.00288309926358,2095.92296148074,0.00361106953982144
0.188733365491903,3.92553157195246,2056.45322661331,0.129688390468221
0.153270095807142,4.09876636139165,2062.90645322661,0.0667158367181149
0.187928901143474,7.63344674676951,2060.20510255128,0.159728937898921
0.0816848809970461,1.00288309926358,2074.012006003,0.00160289624716736
0.127591016003797,1.21624552488348,2059.75487743872,0.0263688883906638
0.148660177513325,2.87650223749675,2061.55577788894,0.0546624767320664
0.187954433314925,1.69358579278262,2051.95097548774,0.0757582360053256
0.177950758074893,1.04112859832463,2050.45022511256,0.0450544469689421
0.193656745315912,8.89175006582625,2060.05502751376,0.187671478154633
0.179463199890494,6.98169689372975,2061.10555277639,0.131755146190346
0.183886844717619,3.49853297367273,2056.60330165083,0.112609515842918
0.189703719347855,2.46943812909056,2053.90195097549,0.101333512926248
0.156669989008145,7.31081832073186,2065.90795397699,0.0805281665833732
0.0698666805772612,1.00577451078852,2081.51575787894,0.00324468149293501
0.176085388642929,13.2291025360534,2065.30765382691,0.137810475854254
0.191593994043649,8.39423252506469,2060.05502751376,0.17782332240445
0.185332790418046,1.35295334494457,2051.05052526263,0.0608701543792345
0.159867872553414,6.15102138343189,2064.10705352676,0.0840773334393175
0.126873259509415,1.00577451078852,2058.40420210105,0.0236842619971002
0.166828975376833,3.19982540066046,2058.70435217609,0.0813928079204024
0.138069370840882,1.50936647207927,2059.15457728864,0.0352057637751699
0.188111555604424,1.5896456468007,2051.65082541271,0.071755263867726
0.167195705871288,1.61269369477906,2054.50225112556,0.0576886895324874
0.144248390122282,1.00288309926358,2054.95247623812,0.018468156938796
0.199523593171758,1.88394737445416,2051.35067533767,0.0910223830258935
0.057307432900685,1.00577451078852,2092.77138569285,0.00364307100959183
0.19980915850794,1.6741946565908,2050.60030015007,0.0820656684180969
0.164761144724218,1.17833239331668,2052.85142571286,0.0449084272650521
0.168737754194764,8.17952684419346,2063.95697848924,0.108886417998807
0.157068127444231,1.59422875299434,2056.00300150075,0.0496841191728731
0.136085431005454,1.00288309926358,2056.45322661331,0.0159690057173558
0.0920100637204393,1.12205075712963,2070.26013006503,0.0117177343803588
0.193911951670609,14.4640552653053,2062.60630315158,0.20574789570221
0.199783734189884,7.4382002633935,2058.25412706353,0.200377082081652
0.126072266217469,1.00288309926358,2058.55427713857,0.0100577512020125
0.172490274755535,1.32596064017055,2052.55127563782,0.0534425885608861
0.194795980859424,2.7391095515787,2053.75187593797,0.11592727789012
0.174891789376083,7.58962040187813,2062.30615307654,0.12337878118431
0.176068270044927,5.70741049859425,2060.50525262631,0.117416834388488
0.128068492700732,1.31834782642385,2060.20510255128,0.0277306702815835
0.199221214569822,4.27964604980107,2055.55277638819,0.158168421641818
0.134719748170557,1.00577451078852,2056.75337668834,0.00466560589619591
0.194010167161845,14.2163529457634,2062.45622811406,0.207031026034948
0.070370046255286,1.00288309926358,2081.06553276638,0.00525233617868505
0.15291690330594,1.03217524340486,2053.75187593797,0.0354214331270606
0.0906653257402636,1.00288309926358,2069.65982991496,0.0101114972093143
0.185933133057962,15.4542261000141,2064.25712856428,0.176667122511921
0.195352156441251,10.3574730860055,2060.65532766383,0.199039905063196
0.142511062817207,1.71814085427452,2059.15457728864,0.0404627895611573
0.175643345623024,1.04714060664789,2050.75037518759,0.0446594433030737
0.127475769813949,1.30325307163827,2060.35517758879,0.0270844546790537
0.174631178748521,7.4811522310616,2062.30615307654,0.121770054093898
0.190335895811377,4.88564863828298,2057.35367683842,0.146920442143512
0.191875688634346,8.20310923201435,2059.90495247624,0.177464283205469
0.176882627818554,1.26991877487462,2051.65082541271,0.0537988151621341
0.144247079769833,1.00288309926358,2054.95247623812,0.00257037412332727
0.135762825044129,6.11570617216135,2070.11005502751,0.0474996791006037
0.126967247259733,1.00867425853989,2058.40420210105,0.00765860409977898
0.199232395347946,2.78683513858361,2053.30165082541,0.123742601917987
0.175976512661693,11.0029813692926,2064.25712856428,0.134350799854264
0.153562234179371,1.95579274466099,2057.95397698849,0.0521157073576423
0.0774794870589983,1.00288309926358,2076.4132066033,0.00147851798986038
0.150640197505893,4.08698318318596,2063.50675337669,0.0626131645150934
0.136129925235665,1.27725193454067,2058.25412706353,0.031518638726469
0.179431178477811,3.36032741709575,2056.90345172586,0.104255881474636
0.0788102093665876,1.00577451078852,2075.66283141571,0.00742349158971895
0.148315722045275,6.53437118513655,2067.10855427714,0.0655600453465194
0.179856741430255,2.35148837301477,2054.95247623812,0.0863475161529867
0.197082856096601,4.84363370723389,2056.45322661331,0.162447042281074
0.187881666486899,1.78366310156055,2052.25112556278,0.0789574720377811
0.156543077704263,1.1988633739507,2054.20210105053,0.0412833258017879
0.0618176808589337,1.92784124639408,2099.07453726863,0.00515020870900978
0.196671930911344,12.0301229939707,2061.10555277639,0.214654141848546
0.189907579541304,1.90028922105573,2052.4012006003,0.0845295134845585
0.17872999022566,2.66904925964653,2055.70285142571,0.0921100636966266
0.15512728114839,3.00344307348301,2060.50525262631,0.0632664156910417
0.142915889011589,3.98244730043134,2065.00750375188,0.053057458090624
0.199161956776013,4.73335188912938,2056.00300150075,0.167067265181979
0.182020685631345,4.74699861247518,2058.55427713857,0.123438572236097
0.19285073119028,6.47817779606607,2058.55427713857,0.168237890137658
0.152349379926404,2.1944987299355,2058.85442721361,0.0540566858170203
0.19716842728364,2.63090415150101,2053.30165082541,0.115688462196468
0.0937445137969478,11.5882005855279,2094.87243621811,0.0156765186913586
0.188986652153827,3.59036651349369,2056.00300150075,0.124109331316519
0.158429095749115,1.40859841962076,2054.95247623812,0.0471871564445302
0.0815825843987737,1.00867425853989,2074.16208104052,0.00731172124965635
0.163573984935039,6.0805937181354,2063.20660330165,0.0917804218379358
0.191350171418936,4.92802801770652,2057.35367683842,0.148404639624715
0.19673285252291,4.760684680679,2056.45322661331,0.159416825067868
0.155017224278169,2.3787241732935,2059.00450225113,0.0580010985158001
0.180266251665763,3.23688695135292,2056.60330165083,0.103499343574844
0.173083644294627,8.81528401319323,2063.65682841421,0.119563298280238
0.172548510282679,2.42017049201696,2056.15307653827,0.0788891851551366
0.198189482705937,2.84356700216288,2053.60180090045,0.123135213705599
0.151269289294342,5.28056837192541,2065.00750375188,0.067458159730329
0.191945367189497,2.70774742833384,2054.05202601301,0.111043581346176
0.149912470194495,3.45847564108692,2062.45622811406,0.0596363226675838
0.199051530035596,1.54009278652809,2050.30015007504,0.0751814763764926
0.195008249885594,3.45847564108692,2054.95247623812,0.13366172818903
0.194496256321261,1.7683242002651,2051.50075037519,0.0830422805124262
0.15358946180763,4.27964604980107,2063.05652826413,0.0683582638966556
0.107632130666118,2.16313573014221,2070.71035517759,0.0201665127346179
0.142325224859281,2.51970871206025,2062.0060030015,0.0460631408494564
0.175540019499349,1.58051892322707,2053.15157578789,0.0632166019978028
0.116292822650884,1.00288309926358,2060.95547773887,0.0019198080000673
0.110887394471523,1.00288309926358,2062.45622811406,0.0173163766179042
0.126292328165402,1.73304445225245,2062.90645322661,0.0295308503072364
0.187142795165585,10.2980071327174,2061.85592796398,0.170059489358083
0.176844233076608,3.84721348715026,2058.10405202601,0.105130577043699
0.179223402957449,10.9713498785374,2063.65682841421,0.143715458061155
0.16422585985816,4.36676720472819,2061.10555277639,0.0853100626321782
0.15271847657126,1.00577451078852,2053.60180090045,0.0117954406068356
0.190309484797254,5.84038679556032,2058.40420210105,0.154809706773232
0.168115442734958,7.83381828565906,2063.80690345173,0.106830842984722
0.187153590329707,1.51371812544339,2051.50075037519,0.0683106954872424
0.15976552733491,1.00288309926358,2052.55127563782,0.0173228513312725
0.160727017629199,1.00288309926358,2052.4012006003,0.0287249826045865
0.18161092981189,3.43861929685961,2056.75337668834,0.108779435130928
0.167397071287653,2.12609122719942,2056.15307653827,0.0681136782796499
0.128018576086259,1.00288309926358,2058.10405202601,0.016523922186478
0.188554429923302,2.02454102487246,2052.85142571286,0.0876359701422211
0.195434498618829,5.65832869261085,2057.50375187594,0.167673493341465
0.188582417634123,2.04799000112185,2053.00150075038,0.0881274181756971
0.197059252050808,7.50272113554967,2058.70435217609,0.190259986593733
0.18844184920627,2.56361151152847,2054.20210105053,0.102678394646872
0.16075705634926,3.37973166401872,2060.20510255128,0.0733098305996621
0.199161674964269,12.8167214051892,2061.10555277639,0.226521726149098
0.198659357579154,6.42246765119551,2057.65382691346,0.187063587750752
0.184123169277604,6.11570617216135,2059.6048024012,0.139546281173691
0.145974203231256,1.28093437865255,2056.30315157579,0.0373451273597158
0.186666741213261,1.29204553462562,2050.60030015007,0.0588663284796204
0.191310989963888,3.59036651349369,2055.70285142571,0.12831720681242
0.130550882179608,11.0984240743995,2076.26313156578,0.0439799535835045
0.195186239850046,7.76645008964431,2059.15457728864,0.185622513584475
0.186696540283091,3.83615347588896,2056.60330165083,0.124355845105197
0.192078495780192,1.86237664548846,2052.10105052526,0.0846842999890448
0.19532136477296,7.83381828565906,2059.15457728864,0.187224087017293
0.104330451551337,1.26626799854054,2066.8084042021,0.01627073067398
0.131754184231931,1.00577451078852,2057.35367683842,0.0239344445745859
0.174539748119693,1.75817161928149,2053.90195097549,0.0674050856439571
0.18586551311205,4.58580257506987,2057.65382691346,0.132560545888608
0.174540545842275,13.4984086137474,2065.75787893947,0.132765056930638
0.163279177910337,1.97275779657863,2056.30315157579,0.0616616969103324
0.156116615885565,10.4473164853735,2068.30915457729,0.0834833483511662
0.188680845539616,2.9350594625955,2054.95247623812,0.111124792458544
0.199191449816905,2.3787241732935,2052.55127563782,0.109774301736157
0.150601430124661,3.19062650772569,2061.70585292646,0.0595739855987914
0.157871008240502,1.3686237465133,2054.8024012006,0.0460260999942817
0.164589319583586,4.11058351166975,2060.65532766383,0.0845854195503703
0.190338120608592,1.26991877487462,2050.15007503752,0.0591489390284741
0.150360468056204,1.035151107089,2054.05202601301,0.0346461531092221
0.164309831987247,4.82970917626452,2061.70585292646,0.0877596278593427
0.16435400505257,2.11388457789867,2056.60330165083,0.064744098046728
0.194380533146441,3.48847535295163,2055.10255127564,0.132897765376267
0.0808458687095434,1.00288309926358,2074.46223111556,0.00843358961773026
0.195121797515986,14.4224738415937,2062.30615307654,0.21398430985328
0.124144097266849,1.00577451078852,2059.00450225113,0.00870906980753347
0.188591015082716,2.44116367657533,2053.90195097549,0.0996357766672966
0.186958681587573,4.31676880609627,2057.2036018009,0.131317431947759
0.198970577726871,4.760684680679,2056.15307653827,0.165524112248315
0.189896604349263,6.06311316104581,2058.55427713857,0.157705453599092
0.194952632592665,5.89104782059798,2057.80390195098,0.168234326989704
0.198765972759632,5.6910027726913,2057.05352676338,0.17849726087397
0.196923247682495,1.48779514022745,2050.30015007504,0.0719125529300015
0.187106470301008,4.02857346483847,2056.90345172586,0.12667463192778
0.194053755950483,3.54925770971272,2055.25262631316,0.133313146861124
0.189816630544852,3.46844676966084,2055.70285142571,0.123627666236064
0.167329451581928,1.74807732789242,2054.95247623812,0.0609380514724108
0.196814295233517,7.54604567969013,2058.70435217609,0.191674525929016
0.167145434141667,2.90981894079874,2058.10405202601,0.0785602976460515
0.185361886892194,2.28475538672293,2054.05202601301,0.0911693776398418
0.170697382071353,1.94456383978917,2055.10255127564,0.0680748513850861
0.191059330438955,8.73947554283164,2060.35517758879,0.177678967187013
0.127092895044748,1.71320152422168,2062.60630315158,0.02993401311535
0.191079603218763,6.25819530279368,2058.55427713857,0.16258798864171
0.131180773064226,5.3417298504113,2070.41020510255,0.0419679330834173
0.140349643196387,1.98987000774274,2060.65532766383,0.0411981361594259
0.171243718332121,1.21975208146059,2052.10105052526,0.049473985549354
0.199951495526675,1.86774606222357,2051.20060030015,0.0907621062694994
0.0856157469061176,1.00867425853989,2072.06103051526,0.00251150174052515
0.181738251678763,14.257340102472,2064.70735367684,0.156238360855105
0.184458167577103,11.2593385593765,2062.90645322661,0.160617249361356
0.1538386067946,4.80198009042612,2063.80690345173,0.0700964935633778
0.151768692683479,4.11058351166975,2063.20660330165,0.0648684032446789
0.195512184993168,6.36723659478765,2058.10405202601,0.175054956069769
0.194412691521024,9.02067029565308,2060.05502751376,0.189899802954527
0.181176056077776,8.54049161663095,2061.85592796398,0.14436798154451
0.146199022205043,1.00577451078852,2054.65232616308,0.016091812860033
0.150798541426832,1.7230944249062,2057.50375187594,0.0471465096295736
0.18307801091902,1.33361741419236,2051.20060030015,0.0590400369637643
0.186697329245505,8.71435120329488,2061.10555277639,0.161032076858518
0.10523133632065,1.00867425853989,2064.25712856428,0.00773973417874664
0.166922223703939,3.70588742997801,2059.6048024012,0.0856754583717781
0.184657325528864,2.48369792620856,2054.50225112556,0.0959077866761957
0.0514971094655551,1.01158236655188,2099.97498749375,0.00108035299463464
0.170339193286521,4.52026390637434,2060.20510255128,0.097244390337955
0.185109192990511,3.30278056177977,2056.00300150075,0.112908362710853
0.195848505940883,12.5972302899552,2061.55577788894,0.21016632206915
0.152625991563341,1.00288309926358,2053.60180090045,0.00350271759056846
0.160130072785621,1.1817296425721,2053.45172586293,0.0429184658139146
0.112575899038256,1.00867425853989,2062.0060030015,0.00693949657134589
0.1694621587044,1.64079288241399,2054.20210105053,0.0604139480179267
0.173414296805454,1.32214875407135,2052.4012006003,0.0537416047556654
0.190976003985152,1.71814085427452,2051.80090045023,0.0784025338109629
0.199549946859028,10.4172824260824,2059.90495247624,0.221587051351374
0.13300384840477,1.00288309926358,2057.05352676338,0.0197494668216095
0.176294882446255,1.3804955427344,2052.25112556278,0.0573748139316487
0.195742071304612,5.10125365829453,2056.90345172586,0.162356297090683
0.190126665086773,2.81911328467833,2054.50225112556,0.111221200327376
0.136102947045964,1.00288309926358,2056.45322661331,0.0164943771447502
0.0840246882558127,1.00288309926358,2072.81140570285,0.00849947269000751
0.121352024523936,1.18855355314224,2061.10555277639,0.0231100806476306
0.198210259248305,3.59036651349369,2054.8024012006,0.141924037203971
0.0776202349029676,1.00867425853989,2076.4132066033,0.00182424002075132
0.185282652188877,4.43008034640065,2057.65382691346,0.128190625837087
0.174669564209536,5.5454396587911,2060.65532766383,0.112253457883607
0.198095364971958,1.50502732889567,2050.30015007504,0.0731276765942968
0.184175674429126,3.37973166401872,2056.30315157579,0.112257284192558
0.149107114610947,3.21830282695794,2062.15607803902,0.0573917607318466
0.193250302788593,10.5683211343905,2060.95547773887,0.195122274604261
0.17130928711756,1.50936647207927,2053.45172586293,0.0583068386837374
0.190962723951641,3.23688695135292,2055.10255127564,0.12200022709459
0.188488268955732,4.55947384416678,2057.35367683842,0.136851669159774
0.191815525282749,1.41265954868704,2050.60030015007,0.0662730617857021
0.0945504909115434,3.32185250376586,2081.06553276638,0.0148997329105934
0.102153314747885,2.41321295951054,2074.012006003,0.0177831610766821
0.194864123960961,6.1687553886527,2057.95397698849,0.17282665530828
0.125558606965972,1.00867425853989,2058.70435217609,0.00478126856737757
0.175668941432499,4.58580257506987,2059.30465232616,0.109384694321601
0.126051023529601,1.00288309926358,2058.55427713857,0.00443214089441773
0.142662040190071,1.00577451078852,2055.25262631316,0.0091041296774351
0.177874482980472,4.84363370723389,2059.30465232616,0.11537179918682
0.115350812552028,11.5548867001919,2082.71635817909,0.0291822848594259
0.175214188769151,1.50070065992818,2052.85142571286,0.0607038995721208
0.181525863205226,2.88479547897935,2055.85292646323,0.0989830714741491
0.147885862004732,1.00288309926358,2054.35217608804,0.00591792558858178
0.0816945579662668,1.31455782572457,2077.46373186593,0.0091227732343332
0.162277370217853,8.41843393067599,2065.60780390195,0.0928378390180231
0.189612045275975,8.56511470172144,2060.50525262631,0.171045049118783
0.165673010993957,2.18189932872234,2056.60330165083,0.0670508450587122
0.161599962831512,5.97646129188652,2063.50675337669,0.087581377719173
0.169080935943115,3.27437776251048,2058.40420210105,0.0860094082834521
0.19231283128371,2.23273514877728,2053.00150075038,0.0977611139729221
0.1971727618408,3.82512526006857,2055.25262631316,0.144894267803226
0.15590393416355,3.27437776251048,2060.80540270135,0.0668481912121105
0.199927382022815,5.05738459676651,2056.30315157579,0.173165089360232
0.168657310934598,11.0984240743995,2065.90795397699,0.111865883580552
0.185768906459318,4.94223601165526,2058.10405202601,0.135810466558895
0.136984337830729,1.43727338940046,2059.00450225113,0.0338010280203102
0.153605972466235,3.94819959636536,2062.60630315158,0.0664083363892168
0.117082717152642,2.35148837301477,2068.15907953977,0.0259293478905175
0.159732761909242,1.46653209822205,2054.95247623812,0.0493332848140523
0.144568859684423,1.09020803204812,2055.40270135068,0.0331372151739863
0.189085135361007,4.61228334151361,2057.35367683842,0.138388566634841
0.159134256100317,1.20926262481036,2053.75187593797,0.0431115012391364
0.149468625128472,12.2750213329814,2071.16058029014,0.0713016075069254
0.19771579881903,2.95200799512719,2053.75187593797,0.126295867775409
0.198975316095846,11.9266679922861,2060.80540270135,0.221062655346216
0.165886950331919,1.16149208345279,2052.55127563782,0.0450965417858106
0.196701762444275,9.50045567592029,2059.90495247624,0.203448269749266
0.176569046338932,2.11388457789867,2054.65232616308,0.0781996031586002
0.0995411375214387,1.00867425853989,2066.20810405203,0.00383123649957388
0.185065524021907,2.17562678075294,2053.75187593797,0.0882685650425019
0.19519548023978,9.80613514975012,2060.35517758879,0.197188580878952
0.178926735944345,4.37935702804035,2058.55427713857,0.114049726842478
0.168365692831979,2.70774742833384,2057.50375187594,0.0775852987762739
0.199500451193762,3.98244730043134,2055.10255127564,0.153793122322125
0.195275591632831,2.73123512958793,2053.75187593797,0.115869403151657
0.139227904456164,1.06232295058138,2056.30315157579,0.029959055907286
0.167488272064634,3.02078648791353,2058.25412706353,0.080374218542043
0.151403624011299,1.035151107089,2053.90195097549,0.0350401771062152
0.15635213598432,8.03944940844679,2066.65832916458,0.0803292967264201
0.122412584571346,1.00867425853989,2059.45472736368,0.00552031651239413
0.174582924252237,1.97844545312916,2054.65232616308,0.0725918642517444
0.129283867676099,2.07171057200942,2063.65682841421,0.0330019765044588
0.166823226598331,1.74305193613896,2054.95247623812,0.0606804325100864
0.18358712070436,2.63848930932274,2054.95247623812,0.0982192300526083
0.169615160437473,10.2684023095805,2065.15757878939,0.114636110991293
0.164046920229307,11.5882005855279,2067.10855427714,0.101881966783661
0.171766241454359,1.17833239331668,2051.95097548774,0.0480796180497958
0.1136197667135,1.00577451078852,2061.70585292646,0.0164345805976937
0.0946265731295454,1.95579274466099,2075.36268134067,0.013908421788362
0.088149459788161,1.53125056362849,2075.81290645323,0.0112150549757414
0.191743385955804,3.58004488871148,2055.55277638819,0.129921320202662
0.122479221362456,2.73123512958793,2067.70885442721,0.0305016655334745
0.146978251965666,1.00288309926358,2054.50225112556,0.0134155697813917
0.147963278242326,2.90145376159538,2061.70585292646,0.0543635718334001
0.119876442261244,1.46653209822205,2063.20660330165,0.0244167493505858
0.197862236574723,4.09876636139165,2055.40270135068,0.153317758236824
0.177881712570999,2.10780755947618,2054.50225112556,0.0792294180992062
0.137021382558768,2.78683513858361,2063.95697848924,0.0423964968799608
0.168153143741253,9.94831291991456,2065.30765382691,0.10981570572182
0.172495239735491,1.50502732889567,2053.30165082541,0.0588208041170476
0.171530375604003,1.51808232505612,2053.45172586293,0.058715352367779
0.135509648752168,7.28980110054726,2071.46073036518,0.0482992556765695
0.123524807642994,1.00577451078852,2059.15457728864,0.00106607845674495
0.185095105220659,4.00544398533237,2057.05352676338,0.123610243570268
0.162618407180524,7.31081832073186,2064.55727863932,0.0928288852824782
0.128115262756375,3.1450272019994,2067.25862931466,0.0355651091825509
0.189889520292699,2.29134256329585,2053.45172586293,0.0966671996984191
0.188356466302485,1.24100474879353,2050.30015007504,0.0571174214044447
0.158127121844653,12.5972302899552,2069.05952976488,0.0886745546179379
0.181480321789263,1.61269369477906,2052.55127563782,0.0682265645339898
0.196083052631571,5.29579277470977,2057.05352676338,0.165493992451922
0.191797237321321,2.12609122719942,2052.85142571286,0.0934944849455398
0.16418261359779,1.035151107089,2052.10105052526,0.0402557964358036
0.153618043997049,1.00288309926358,2053.45172586293,0.00717932425771671
0.177885931721648,5.3417298504113,2059.90495247624,0.118254446877739
0.169977581205107,1.38846722913941,2053.15157578789,0.0538853177179087
0.163083561492545,1.70336542221432,2055.40270135068,0.0566680316082667
0.196092221760771,5.99369202303595,2057.65382691346,0.174419900473665
0.116315738489414,1.00577451078852,2060.95547773887,0.0158886684295039
0.190469527145796,1.30701047960937,2050.30015007504,0.0609297997232764
0.130359559949035,11.1946946742062,2076.4132066033,0.0436939676653169
0.150270530342204,2.80292774815717,2060.95547773887,0.0565164553334554
0.183129702830937,2.11388457789867,2053.90195097549,0.0843152338704691
0.198393414279473,12.4529951356256,2061.10555277639,0.220807562584004
0.181321850913936,2.33798763817471,2054.65232616308,0.0881363014120181
0.152599577468783,1.00288309926358,2053.60180090045,0.010730471582933
0.138626820066225,1.30701047960937,2057.95397698849,0.0332075964149191
0.159485950018155,1.32214875407135,2054.35217608804,0.0458899707249588
0.176852789793314,1.63607591315362,2053.15157578789,0.0659544755814196
0.187468449994359,2.31121826109334,2053.75187593797,0.0948665018794823
0.163245794230342,6.2943333190863,2063.50675337669,0.0915278238010498
0.182263445426187,14.9724828208773,2064.85742871436,0.159632756853307
0.169143651969618,1.83048275359669,2054.95247623812,0.0642803897711279
0.172006180314274,3.00344307348301,2057.50375187594,0.0866061809137334
0.176372391677996,13.0400368809022,2065.15757878939,0.138671753061423
0.189010813733157,3.60071789654471,2056.00300150075,0.124400262103741
0.198697927042649,15.4542261000141,2062.15607803902,0.230735370968153
0.190489010520944,8.68929909148323,2060.50525262631,0.173148027885394
0.175807258836615,1.2232687477884,2051.65082541271,0.0515924073486991
0.174841028028337,6.98169689372975,2061.85592796398,0.120721629030609
0.180184180717555,7.97031285410644,2061.70585292646,0.138078284983426
0.189609609134053,1.74305193613896,2051.95097548774,0.0785893138989661
0.193729624132665,7.00182581890258,2058.85442721361,0.174809426647878
0.150827584155018,1.00577451078852,2053.90195097549,0.0134669689510359
0.1537431472304,3.03823005207779,2060.80540270135,0.0620875939355204
0.188488538263331,10.1800975118018,2061.55577788894,0.174777663570581
0.19976976739993,8.71435120329488,2059.00450225113,0.211458424509185
0.152469950811874,2.71555413295041,2060.35517758879,0.0581053126861432
0.164612795421162,2.16313573014221,2056.60330165083,0.0664033833807147
0.112410438395827,1.00288309926358,2062.0060030015,0.0102696568940803
0.173833759118396,1.68386231169735,2053.75187593797,0.064969202717706
0.109453421293813,1.00577451078852,2062.90645322661,0.0154067841396563
0.190701553936712,3.25557838997471,2055.25262631316,0.12095444030046
0.146217264216134,1.45392041663176,2057.2036018009,0.0400005055488735
0.190052538139327,2.27818714703702,2053.30165082541,0.0971437927116107
0.165738483561707,5.43480286846039,2062.15607803902,0.0930504438799285
0.199204016839424,6.06311316104581,2057.35367683842,0.183321381793571
0.140922002944523,1.05622377499757,2055.85292646323,0.0307206132908625
0.199341851332505,10.2684023095805,2059.90495247624,0.218536275325355
0.158049111085941,1.23033252636976,2054.05202601301,0.0430230382569911
0.197113858665112,1.45392041663176,2050.15007503752,0.0702702033990749
0.195500713340983,7.2688443008963,2058.70435217609,0.184728061495188
0.186561421823975,5.49775074742009,2058.55427713857,0.142995056430524
0.192321247012104,3.86942926293753,2055.85292646323,0.136771873482553
0.172809304690102,4.74699861247518,2060.05502751376,0.103826489743542
0.0693733465063403,1.00288309926358,2081.81590795398,0.00234380918173351
0.161562764135976,1.83048275359669,2056.15307653827,0.0574971896665569
0.103359173099102,3.63195145450856,2077.61380690345,0.0191946434494708
0.0992007086086457,6.24020417473294,2085.11755877939,0.017810451092294
0.164075834364089,1.00288309926358,2051.95097548774,0.0248548126085202
0.186924839332491,5.90803229623124,2059.00450225113,0.145300949934259
0.166969064167878,1.69358579278262,2054.8024012006,0.0594587352605946
0.193424936392973,2.67674439360146,2053.75187593797,0.112637700013423
0.145306899440041,1.00577451078852,2054.8024012006,0.0131960706648037
0.171799531056282,1.48779514022745,2053.30165082541,0.0580039711173558
0.116550457099239,2.34472828861258,2068.30915457729,0.0255822127138554
0.18544862928513,2.53425879720196,2054.50225112556,0.0980935311425854
0.191852971284951,1.71320152422168,2051.65082541271,0.0788206731662474
0.189050628838738,6.06311316104581,2058.70435217609,0.154657206471241
0.197489364887791,6.44098426295101,2057.80390195098,0.184012250635564
0.192301622603433,3.37001557459736,2055.10255127564,0.127470253891725
0.0970953777167499,1.00867425853989,2067.10855427714,0.00208031795699701
0.106498882033596,1.00577451078852,2063.80690345173,0.00375489310989383
0.170458259009752,2.14453349218355,2055.70285142571,0.0719247506620892
0.174084862043956,2.21353437928443,2055.40270135068,0.0769092871232252
0.133072748302705,1.00288309926358,2057.05352676338,0.0113416990400383
0.197722284357022,12.7431360287119,2061.25562781391,0.221282766072705
0.119588395384983,4.46850800867783,2072.81140570285,0.0305896459439469
0.197015922473449,1.7683242002651,2051.20060030015,0.0845532103554011
0.139025345057949,1.26991877487462,2057.65382691346,0.0329696592379145
0.156063862052982,1.04714060664789,2053.30165082541,0.0372628251608961
0.135383744379733,1.00577451078852,2056.60330165083,0.0206646443670712
0.192920923149949,3.53905426496764,2055.40270135068,0.130604482184493
0.194085018433138,5.67464221589759,2057.65382691346,0.16492857541836
0.111334064510117,1.00288309926358,2062.30615307654,0.00698429517542259
0.11075827544067,2.46233896144414,2070.86043021511,0.0221597441132125
0.185641056818248,2.95200799512719,2055.40270135068,0.10660569486679
0.140494436186313,2.13836836392825,2061.10555277639,0.0425628127210513
0.15321003287575,1.42902148939294,2055.85292646323,0.0442031516304207
0.174537823091264,5.19013667692469,2060.20510255128,0.111206653576924
0.165255294302745,1.51371812544339,2054.35217608804,0.0540799683936397
0.175360948280195,4.84363370723389,2059.75487743872,0.109501409913631
0.13603790013021,1.28462743961633,2058.25412706353,0.0316908384067851
0.105543677204817,3.51873529007318,2076.26313156578,0.020419828399094
0.12354652465684,1.00577451078852,2059.15457728864,0.0144807220566539
0.158156410039231,1.09650345009091,2053.30165082541,0.0395708695345166
0.197280160100816,7.90177085082341,2058.85442721361,0.196338171088955
0.148738399465456,1.00288309926358,2054.20210105053,0.0158304117339065
0.160799765453632,1.00288309926358,2052.4012006003,0.0220169900506689
0.17572576821782,1.0808326105459,2050.90045022511,0.045984745910837
0.136117310598514,1.00288309926358,2056.45322661331,0.0224955314613398
0.181432176554311,5.20510035615579,2059.15457728864,0.126089879301586
0.156503791972923,1.16149208345279,2053.90195097549,0.0405121395872364
0.185490746316054,4.32921447906216,2057.50375187594,0.127310450140748
0.183076975150199,4.14623977579979,2057.65382691346,0.119563311025738
0.195957357427427,1.98987000774274,2051.95097548774,0.0926851166873561
0.195954124896353,2.6460963359074,2053.45172586293,0.114620014169623
0.17319544655793,5.40359972355987,2060.65532766383,0.109704118198016
0.198292407112674,2.15691712397049,2052.10105052526,0.101278321326851
0.199163718910628,6.24020417473294,2057.50375187594,0.185217391018113
0.129528583927349,1.00577451078852,2057.80390195098,0.0202758241596371
0.176692597764536,1.34518555643637,2052.10105052526,0.0562305964363978
0.175604856456848,11.3897483457029,2064.55727863932,0.133326720462001
0.194020144771138,3.03823005207779,2054.35217608804,0.122878872650063
0.190958443916146,2.60078095318014,2053.90195097549,0.10733130137799
0.139201339342584,1.00288309926358,2055.85292646323,0.0191675133610502
0.150796660825916,4.26734287669584,2063.65682841421,0.064149479042039
0.170130784114979,3.10007958542497,2057.95397698849,0.0853466175472391
0.181992535803992,2.2008256876077,2054.20210105053,0.0856571350149602
0.181092471662956,1.4920846013006,2052.10105052526,0.0639505060611153
0.19626915701537,6.49685502569923,2058.10405202601,0.178614524631666
0.184716682909037,6.92165665438525,2060.20510255128,0.145756126806332
0.193014921432907,1.99560700049668,2052.25112556278,0.0906927715333541
0.0767342945127774,1.00288309926358,2076.86343171586,0.00585977928140227
0.199998989226253,1.60805750536954,2050.45022511256,0.0788436921295226
0.185470067596615,1.74305193613896,2052.4012006003,0.0758260463106108
0.177799284736661,2.9350594625955,2056.45322661331,0.0946812761253333
0.185752141193974,3.72728711692345,2056.60330165083,0.120666861007265
0.136060849812193,1.00288309926358,2056.45322661331,0.006438835963885
0.193982587357686,3.59036651349369,2055.25262631316,0.134613122288381
0.195822186990694,1.65979714701382,2051.05052526263,0.0790503840307044
0.112061763903991,1.00867425853989,2062.15607803902,0.0166908262207103
0.193315968926992,12.0995910689866,2061.70585292646,0.199217003635103
0.120320626939228,1.00288309926358,2059.90495247624,0.0160926407611532
0.131607457995671,1.00288309926358,2057.35367683842,0.00255928688502333
0.194775558042391,12.169460288151,2061.55577788894,0.203925571557022
0.183777908748832,3.03823005207779,2055.70285142571,0.106389310035813
0.0977542657497068,1.00288309926358,2066.8084042021,0.011585029385727
0.184997848795161,2.07768351923393,2053.45172586293,0.0858678481431674
0.119718358577764,1.96143148928283,2065.75787893947,0.0264895197387383
0.146610303951599,2.39935784176774,2060.65532766383,0.0498521248647369
0.15184381458825,2.55624161321588,2060.05502751376,0.0562975879420268
0.167455421814017,3.63195145450856,2059.30465232616,0.0867526633187855
0.163849508336423,3.37001557459736,2059.6048024012,0.077885639841904
0.164986940326181,1.13504676028852,2052.55127563782,0.0437155493534943
0.156933693011137,10.2094477434412,2068.00900450225,0.0843850333208381
0.178748047023317,14.8865204479472,2065.45772886443,0.148325429340638
0.140050446673485,1.42081696649143,2058.25412706353,0.0355555457461591
0.121184655157757,1.00867425853989,2059.75487743872,0.0153123899424172
0.199111284273952,2.85176528809274,2053.45172586293,0.125233978549693
0.190586408549388,4.06351835261943,2056.45322661331,0.13465457506232
0.150701070771332,1.00288309926358,2053.90195097549,0.0251977670175016
0.0947694021717896,1.0684573459204,2068.60930465233,0.0123424119078873
0.189821173772754,4.13432012050498,2056.60330165083,0.134770372008971
0.134104560894356,13.0776326016306,2076.26313156578,0.0487780275049682
0.0963675238102938,3.60071789654471,2080.91545772886,0.0158579873585402
0.0905136246520463,1.00867425853989,2069.80990495248,0.00966223247221162
0.172712658529551,2.81100886708374,2056.90345172586,0.0858720931632339
0.13432699659037,4.39198314906283,2068.00900450225,0.0440154135108267
0.17728354483242,3.18145405986858,2056.90345172586,0.0982674789425516
0.188304747203716,1.669381663546,2051.95097548774,0.0748446670637275
0.157968400280922,1.295770630155,2054.50225112556,0.0443235936403102
0.136896437059771,3.13598584352336,2064.85742871436,0.0435596325390626
0.172851100711703,13.1531495321769,2065.90795397699,0.128187558290178
0.186860816022472,1.78880557933512,2052.4012006003,0.0783645450969901
0.16985146332645,1.20231981606127,2052.25112556278,0.0480968268968224
0.136216715835613,1.00577451078852,2056.45322661331,0.0135575547666495
0.194583581995101,9.39167782086193,2060.20510255128,0.193405471756944
0.139385435117156,1.00577451078852,2055.85292646323,0.0246545420619247
0.191992100911425,1.60805750536954,2051.20060030015,0.0749283979198217
0.189378297411965,3.81412874828321,2056.15307653827,0.130042415428555
0.163729186182867,1.23743709481674,2053.30165082541,0.0461601798399861
0.174645798637141,3.06458444505318,2057.2036018009,0.0914714123410463
0.163514366226165,1.28462743961633,2053.60180090045,0.0471930043965681
0.191645637060026,1.59882507273807,2051.35067533767,0.0740833497035945
0.155176094873322,4.13432012050498,2062.60630315158,0.0691838939763522
0.143984632253954,1.96143148928283,2059.75487743872,0.0440983851339805
0.197802616873335,7.78884153617836,2058.70435217609,0.197585909880646
0.159921806445319,2.07768351923393,2057.2036018009,0.0598209841687444
0.19798307951559,12.3814980416064,2061.10555277639,0.219843754981216
0.159761093252471,2.7391095515787,2059.00450225113,0.0671099068712227
0.188618110148967,3.18145405986858,2055.40270135068,0.115951684877064
0.177162629940519,7.12382395041967,2061.55577788894,0.127348368596585
0.195604493246983,1.56692699337341,2050.75037518759,0.0749440146833089
0.177413137780715,1.02035709353375,2050.30015007504,0.0440121785870229
0.103073121494146,2.44820179377353,2073.86193096548,0.0181157520276124
0.198359570114499,1.48779514022745,2050.15007503752,0.072489890330199
0.168142455554048,1.03813555048354,2051.50075037519,0.0418638165837562
0.184811058503406,4.32921447906216,2057.50375187594,0.127154930712821
0.176657101054747,3.11798102843626,2056.90345172586,0.0961635702646787
0.130210317639591,1.00288309926358,2057.65382691346,0.0115616905757359
0.174480823514077,2.30457394564778,2055.55277638819,0.0793677904333494
0.185705720362724,1.62668261683323,2052.10105052526,0.0715244099239929
0.194142930165998,3.60071789654471,2055.25262631316,0.135058128123761
0.194514890883201,1.92229906736858,2051.95097548774,0.0888537931035796
0.185417829640764,1.90576794350953,2053.00150075038,0.0807711447060292
0.146557940694922,1.02624915657849,2054.65232616308,0.0326492454109641
0.194922873843427,1.56242237457588,2050.75037518759,0.0744913242551685
0.194127298949222,3.09116744284691,2054.50225112556,0.123465549591363
0.189305111920158,1.92229906736858,2052.55127563782,0.0845781340531172
0.177825841455575,1.72806227717372,2053.45172586293,0.0689578286591776
0.152169287750323,8.96887940476934,2068.30915457729,0.0744905058553325
0.168864982183599,1.54009278652809,2053.90195097549,0.0575189917117276
0.106954767655818,1.00577451078852,2063.65682841421,0.0135001023421398
0.191218673504259,4.0401882420282,2056.30315157579,0.136203010800336
0.173459181441435,2.29794873135268,2055.70285142571,0.0778347791126127
0.198617301647744,4.17018228211692,2055.40270135068,0.156355400206443
0.154820096798837,1.05926897298544,2053.60180090045,0.0369914179401334
0.153835860334284,1.90576794350953,2057.65382691346,0.052074955108509
0.120652995921177,6.09812467340626,2075.06253126563,0.0323898374135511
0.188875768983222,2.51970871206025,2054.05202601301,0.102107240374071
0.122928535627326,1.00577451078852,2059.30465232616,0.0153839994753038
0.198664115412626,10.1508316565282,2059.90495247624,0.216322232259901
0.142095415096282,1.46231609576324,2058.10405202601,0.0372798086567615
0.133064714679625,1.00288309926358,2057.05352676338,0.0211652015938964
0.051560042366382,1.00867425853989,2099.82491245623,0.00206616612676468
0.191981479781087,1.54898606893921,2051.05052526263,0.0723962118787627
0.168805397125046,1.56242237457588,2054.05202601301,0.0577977392795047
0.181120825013141,2.15071639511557,2054.20210105053,0.0835463172053465
0.189086663716546,4.58580257506987,2057.2036018009,0.139807006441161
0.184979393464623,2.11388457789867,2053.60180090045,0.0866898033340578
0.106526825241583,1.00577451078852,2063.80690345173,0.010325140773401
0.126220703762446,1.00867425853989,2058.55427713857,0.0098873097830741
0.163904272347099,6.47817779606607,2063.50675337669,0.0938816081880635
0.190072011490234,6.78356302734552,2059.15457728864,0.163040463988753
0.0939328976434972,1.00577451078852,2068.30915457729,0.00908275395480084
0.189806385236341,3.48847535295163,2055.70285142571,0.124380998380473
0.190389516564147,3.23688695135292,2055.25262631316,0.120254683593506
0.118160799825526,1.00867425853989,2060.50525262631,0.00799344371287673
0.19083450020834,4.01699207793678,2056.30315157579,0.135243274634307
0.176574350701311,1.96143148928283,2054.35217608804,0.0739776169732935
0.0567837927182123,1.29204553462562,2097.87393696848,0.00417391845685682
0.199044874124044,2.76286929599819,2053.30165082541,0.122598389870259
0.185934527158323,2.46943812909056,2054.35217608804,0.0969176390620582
0.171496880927018,11.5882005855279,2065.45772886443,0.122118686908325
0.159328537418916,1.27358007675926,2054.05202601301,0.0448566035222811
0.196035502789598,8.39423252506469,2059.45472736368,0.192138670520923
0.190160174278431,4.59902389909696,2057.05352676338,0.142846422916762
0.197566255987427,8.86618796583124,2059.45472736368,0.20243691738313
0.194061486965284,2.15071639511557,2052.55127563782,0.0969800711051065
0.193760742857726,3.24621921773864,2054.8024012006,0.126427408657959
0.149606435658849,3.70588742997801,2063.05652826413,0.0598853449795331
0.197086525318275,10.1800975118018,2060.20510255128,0.208310024021369
0.165337536706964,1.88394737445416,2055.70285142571,0.062010499625051
0.0990873447279765,12.4171951294921,2092.17108554277,0.0182557222044807
0.162937087716583,1.00288309926358,2052.10105052526,0.0307242220746896
0.14346349626462,6.66739199053658,2068.60930465233,0.0577364820225837
0.197076218579242,1.70827639380871,2051.05052526263,0.0820186595161986
0.17874479320184,2.77083492243083,2056.00300150075,0.0931246084762514
0.170971754293851,1.38447564841702,2053.00150075038,0.0543772459761469
0.145050377040846,1.97275779657863,2059.6048024012,0.0449829928600922
0.17765904232073,6.02830266228601,2060.50525262631,0.123728062322933
0.181044789857741,3.15409462760941,2056.30315157579,0.103901794633641
0.085915507067327,2.27818714703702,2081.66583291646,0.0112137270476386
0.199482308601871,2.08367368705817,2051.80090045023,0.0994153530279008
0.193271725857062,6.15102138343189,2058.25412706353,0.165915721383959
0.153499439441935,2.18189932872234,2058.70435217609,0.0545446493678135
0.129484837606311,2.50524216415549,2065.00750375188,0.0352127109198973
0.196638806602237,6.40400427119728,2057.95397698849,0.179427939492411
0.194492252644995,2.70774742833384,2053.75187593797,0.114559671066481
0.101546036145466,1.00577451078852,2065.45772886443,0.010188266140579
0.160652634764057,7.52435222533039,2065.15757878939,0.0892538225577712
0.192509403912305,3.97099851752979,2056.00300150075,0.138431541496607
0.171279111098064,2.18818996107018,2055.70285142571,0.0736308702280544
0.169784278804814,4.82970917626452,2060.65532766383,0.0986360935586414
0.186525763906243,11.0984240743995,2062.45622811406,0.167890116525173
0.182347376984587,4.53329627591397,2058.25412706353,0.122205203540224
0.193331433021358,1.99560700049668,2052.25112556278,0.0908046707519291
0.107877454482958,4.48139116082693,2077.61380690345,0.0221316698898357
0.197975329838036,4.06351835261943,2055.40270135068,0.152038034877059
0.172371374646842,1.08707389011608,2051.35067533767,0.0450720631716804
0.154556638585428,1.00288309926358,2053.30165082541,0.00738910904241665
0.177995628153262,2.3787241732935,2055.25262631316,0.0848717453266291
0.195236067778606,8.78994173863968,2059.75487743872,0.192923773565823
0.116889910652069,2.70774742833384,2069.50975487744,0.0263768345160053
0.113030561615186,1.32596064017055,2064.4072036018,0.020162861018356
0.161263273422404,13.3438551917019,2068.60930465233,0.0969213942276808
0.150420116509003,1.80432214140788,2057.95397698849,0.0476620113142249
0.192080002852117,3.27437776251048,2055.10255127564,0.12373549378762
0.115680242246808,1.00288309926358,2061.10555277639,0.00351147395040323
0.117540525631314,1.00867425853989,2060.65532766383,0.004589571392947
0.134054739334111,3.1450272019994,2065.60780390195,0.040892565226864
0.194336755054949,4.43008034640065,2056.30315157579,0.150301513803047
0.186283576135575,1.75311720834914,2052.4012006003,0.0765957439111966
0.0793197400096962,1.00577451078852,2075.36268134067,0.00169838561373137
0.190699678318253,2.96051892720402,2054.65232616308,0.115685926895701
0.179756135923311,14.3810119566121,2065.00750375188,0.152536849566393
0.15503580240678,4.7881753057283,2063.50675337669,0.0720714008801955
0.181206975044718,1.8463608342542,2053.30165082541,0.0755645057532519
0.177695185766636,1.1817296425721,2051.20060030015,0.0507407421088333
0.194384467521736,5.67464221589759,2057.65382691346,0.165081138622147
0.169499905246511,9.39167782086193,2064.70735367684,0.111953775837409
0.176700899598266,5.19013667692469,2059.90495247624,0.115035966909567
0.12797775204986,6.42246765119551,2072.96148074037,0.0390890719986129
0.190325980152407,3.98244730043134,2056.30315157579,0.133982841995307
0.122180173637461,5.99369202303595,2074.46223111556,0.0332797859333274
0.189136053752285,4.3542135747773,2056.90345172586,0.137375906290042
0.170460588344445,2.09570588324384,2055.55277638819,0.0710197911123944
0.158428237768749,6.62911211113257,2064.85742871436,0.0828774480612824
0.183718610146022,1.45811221351425,2051.65082541271,0.0643486343613498
0.16135701251668,9.04667778353943,2066.20810405203,0.0924425463461935
0.18740580889841,4.66570449781614,2057.65382691346,0.135143513441641
0.165438819686405,5.80685504843578,2062.60630315158,0.0939992408390145
0.189530903799718,8.370100693918,2060.35517758879,0.170741635177692
0.183678753792066,1.4963864293158,2051.80090045023,0.0656307105588013
0.15593992717327,2.69220128298041,2059.6048024012,0.0620191413210979
0.151698289545885,3.19982540066046,2061.55577788894,0.0606089106637013
0.14673159920345,1.00867425853989,2054.50225112556,0.0323688848447476
0.190811235192531,2.66137624774655,2054.05202601301,0.108551042804575
0.160342390101027,4.77441020717598,2062.45622811406,0.0801233543511466
0.192744891849591,3.40904833026788,2055.25262631316,0.127419542250208
0.131394814385016,7.3318961356485,2072.81140570285,0.043479719732323
0.148711591509631,9.44591016576076,2069.50975487744,0.0691585867818251
0.168826775083768,11.3897483457029,2065.90795397699,0.114631691018321
0.177897795358787,6.1865405227709,2060.65532766383,0.124461545781724
0.136916019035906,1.00288309926358,2056.30315157579,0.00327344050577345
0.180971696627713,2.95200799512719,2056.00300150075,0.0998680213268001
0.192545787395677,7.83381828565906,2059.6048024012,0.176608703470342
0.133079642755355,1.21624552488348,2058.55427713857,0.0290946698943221
0.179307903522262,3.90299369276608,2057.80390195098,0.110285799074403
0.193144152180724,2.23273514877728,2052.85142571286,0.0987964491889073
0.13233822703116,1.00288309926358,2057.2036018009,0.0228300133212076
0.179191031224456,1.36076598863131,2051.80090045023,0.0582376566052675
0.192820399494598,3.84721348715026,2055.85292646323,0.136020143521846
0.189796032072889,11.2593385593765,2061.85592796398,0.183944864422461
0.187072365370459,8.03944940844679,2060.50525262631,0.161630797755561
0.139337495170811,1.00577451078852,2055.85292646323,0.0155890896509739
0.198144732883096,2.33798763817471,2052.55127563782,0.107574729432691
0.176883189620801,3.30278056177977,2057.2036018009,0.0989655369949182
0.154009361920562,2.89311263070037,2060.35517758879,0.0619542827578636
0.185101263718353,1.295770630155,2050.90045022511,0.0583053242474181
0.18111587189243,2.16313573014221,2054.20210105053,0.083993880209552
0.093502626377215,1.00288309926358,2068.45922961481,0.00123571349217153
0.169099315850477,4.0401882420282,2059.75487743872,0.091846729607549
0.182701892088828,1.71814085427452,2052.70135067534,0.0727789684073562
0.151252533856496,1.77342245446464,2057.65382691346,0.0481222873735642
