0.185471646560405,1.01158236655188,2057.65382691346,0.0230263303330267
0.19817365903422,1.00577451078852,2055.85292646323,0.0159654290009974
0.179689184604202,1.01449885892793,2058.55427713857,0.013240441161399
0.198715692197814,2.012917411563,2059.30465232616,0.0468620920696942
0.135933735131741,1.01449885892793,2067.70885442721,0.00227380968490038
0.162975814188059,1.00288309926358,2061.40570285143,0.00290168496988886
0.181380573816504,1.00867425853989,2058.25412706353,0.0191457722695425
0.199214766520529,1.00288309926358,2055.70285142571,0.0274974092721123
0.103184441775436,1.00288309926358,2079.5647823912,0.00209508196887981
0.121898770784198,1.01449885892793,2072.06103051526,0.00520662717193799
0.148403554700356,1.01449885892793,2064.55727863932,0.0052567278853744
0.158822066009942,3.02078648791353,2069.2096048024,0.0206562818150091
0.199796136007851,1.24817094410403,2056.60330165083,0.0413338358555513
0.112918927144511,1.01158236655188,2075.36268134067,0.00450759895553783
0.187445121822412,1.01158236655188,2057.35367683842,0.00819252846231918
0.19110638276576,1.71320152422168,2059.6048024012,0.0386844974166229
0.145628430723366,1.00577451078852,2065.15757878939,0.00209981548645212
0.134789255280317,1.01158236655188,2068.00900450225,0.00310957527106056
0.152952288350009,3.18145405986858,2071.01050525263,0.0180487392033995
0.167128697486727,1.91677282105974,2064.4072036018,0.0241906598195734
0.121721382005226,1.00867425853989,2072.06103051526,0.00257231810228247
0.185571772095999,2.44116367657533,2062.30615307654,0.0379327363166604
0.152494462101999,1.17494491051044,2064.55727863932,0.0157542031137962
0.185600239482762,8.58980877761041,2069.2096048024,0.0426000937818305
0.137909600543604,1.20926262481036,2068.45922961481,0.0111813344801126
0.199667448368687,1.01449885892793,2055.70285142571,0.0254212831932821
0.178797600220226,1.017423759841,2058.70435217609,0.00875158508257313
0.19068216036435,2.74700667630971,2062.15607803902,0.0426470031168351
0.161863495736776,1.017423759841,2061.70585292646,0.0142656029455701
0.175961539529952,1.01449885892793,2059.15457728864,0.00651115293464114
0.190742781847767,1.01449885892793,2056.90345172586,0.0103091032644364
0.178599323611059,1.01158236655188,2058.70435217609,0.0229907387567654
0.16348059485003,1.24100474879353,2062.60630315158,0.0202178003950766
0.185487187007144,1.01158236655188,2057.65382691346,0.0269303003924179
0.188688424755597,65.7588922489258,2079.26463231616,0.0492113336153669
0.147730385997486,1.01449885892793,2064.70735367684,0.00606409801715442
0.181154245405591,1.00288309926358,2058.25412706353,0.00566626977412937
0.18846406122348,7.99329205722658,2068.15907953977,0.0460694833516049
0.191985369287037,3.55949057200184,2063.20660330165,0.046403885675538
0.182750279711281,3.42873391662958,2064.70735367684,0.0373203135611832
0.19287591890812,1.01449885892793,2056.60330165083,0.003780476464252
0.0899083613358071,1.02035709353375,2087.06853426713,0.00104002434187619
0.183849695719625,1.33361741419236,2059.30465232616,0.0316503405937923
0.195250754386197,1.65502554408647,2058.70435217609,0.0420952415093176
0.146560647223786,1.017423759841,2065.00750375188,0.00911192401169446
0.138960107398224,1.00288309926358,2066.8084042021,0.00189997693405372
0.109267287259095,1.00867425853989,2076.86343171586,0.00340699233371138
0.153745601363808,1.01449885892793,2063.35667833917,0.0128084866959101
0.197356173936953,1.01449885892793,2056.00300150075,0.0328315124424698
0.125414480258235,1.01158236655188,2070.86043021511,0.00793294834355766
0.17480741558686,1.00577451078852,2059.30465232616,0.00193071750778109
0.186380724106397,1.00867425853989,2057.50375187594,0.0213440006851916
0.174192174607626,3.11798102843626,2065.90795397699,0.0300556581077544
0.0932393902398004,1.01449885892793,2084.96748374187,0.00296086327912543
0.132681173346823,1.01158236655188,2068.60930465233,0.00825645693642713
0.199497694212195,1.00867425853989,2055.70285142571,0.00156486265595654
0.190366190788528,1.00577451078852,2056.90345172586,0.0184479123224661
0.0971691118848234,1.01158236655188,2082.71635817909,0.00267124558416602
0.183463397773668,1.01158236655188,2057.95397698849,0.020576166993609
0.110621518772131,1.00577451078852,2076.26313156578,0.00237403517521274
0.143819982917906,1.00867425853989,2065.60780390195,0.00651793120876285
0.182176526212904,1.00288309926358,2058.10405202601,0.021415295943917
0.142659645245635,1.00867425853989,2065.90795397699,0.0022852422646171
0.13106053029705,1.00577451078852,2069.05952976488,0.0077751444394928
0.198340064211793,1.01158236655188,2055.85292646323,0.0198186652125727
0.194794508682665,1.55345194953386,2058.55427713857,0.0403077709909258
0.148216642361865,1.00867425853989,2064.55727863932,0.00468675208174396
0.144150320005002,2.51246502599404,2071.91095547774,0.0141265728170409
0.194946258536902,1.01158236655188,2056.30315157579,0.0141990051370785
0.167331045249474,7.63344674676951,2072.66133066533,0.0275297195562039
0.186195308985105,1.00577451078852,2057.50375187594,0.00998170247136529
0.180907388307666,18.053613516069,2074.31215607804,0.0391849680938949
0.193051487254655,1.43314150019665,2058.25412706353,0.0386645784931608
0.197092373225546,1.00867425853989,2056.00300150075,0.0291208824855138
0.14839174185689,1.01449885892793,2064.55727863932,0.00929892896862426
0.188482174989266,1.01158236655188,2057.2036018009,0.0160986692234973
0.1270733506375,1.00288309926358,2070.26013006503,0.00473429700028373
0.192757873672502,1.01158236655188,2056.60330165083,0.0305807860482361
0.161522975477209,1.00577451078852,2061.70585292646,0.013014894927938
0.181159705636104,1.00288309926358,2058.25412706353,0.0113854024599537
0.172258227038632,1.32214875407135,2061.25562781391,0.0249290433259407
0.179818600218226,4.99947880072813,2067.40870435218,0.0360234957936721
0.199530038062643,1.01158236655188,2055.70285142571,0.0351071384965511
0.116296134468018,1.00577451078852,2074.012006003,0.00328709227787947
0.169907103070667,1.92784124639408,2063.95697848924,0.0255085298833207
0.12914372876921,1.00867425853989,2069.65982991496,0.00801672655459139
0.175861583385962,2.71555413295041,2064.70735367684,0.0310255246012657
0.175873161787367,1.01158236655188,2059.15457728864,0.0173113229556303
0.189259139579137,1.00288309926358,2057.05352676338,0.0160003411603863
0.171248231056869,1.55345194953386,2062.45622811406,0.0251001952228385
0.100249985284474,1.00867425853989,2081.06553276638,0.00338664456266249
0.197065418463323,1.00577451078852,2056.00300150075,0.0124886908922049
0.160209355550465,2.08367368705817,2066.50825412706,0.0206038257336762
0.15277490326141,1.00577451078852,2063.50675337669,0.0140514832093496
0.196834426794207,10.2094477434412,2067.85892946473,0.0563334279256545
0.19863272510311,1.66458250694606,2058.25412706353,0.0448481518415791
0.188532744614963,2.91820823764409,2062.75637818909,0.0416918675123709
0.143111750932366,1.00288309926358,2065.75787893947,0.0108095778421687
0.17022517520836,13.8129064745256,2075.51275637819,0.0297698310252141
0.13049409648228,1.00288309926358,2069.2096048024,0.00218856611407187
0.159627925819744,1.017423759841,2062.15607803902,0.00727763019850107
0.080872072043502,1.00288309926358,2093.2216108054,0.00135076590299913
0.157947062033625,1.01158236655188,2062.45622811406,0.00400093322931135
0.167923013891614,1.00867425853989,2060.50525262631,0.0100258000556424
0.0918039867312132,1.00577451078852,2085.71785892946,0.00296032893970011
0.1060483168441,2.75492656923522,2087.81890945473,0.00509614898205042
0.194156001082027,1.00288309926358,2056.30315157579,0.0339645547215544
0.18221765426261,1.63137250428789,2060.65532766383,0.0324993043603302
0.178776451038555,1.01449885892793,2058.70435217609,0.0226678887090502
0.169511405807784,1.00577451078852,2060.20510255128,0.0118185322704172
0.173034596910155,1.00577451078852,2059.6048024012,0.00535849523356666
0.183467512576454,1.01158236655188,2057.95397698849,0.017772756745053
0.18296978894803,1.01449885892793,2057.95397698849,0.0282986747629722
0.181146582459776,1.00288309926358,2058.25412706353,0.00253291710368967
0.199622514556339,1.01449885892793,2055.70285142571,0.0361024457249236
0.129269712543747,1.01449885892793,2069.65982991496,0.00315540532597845
0.175818422566851,1.00867425853989,2059.15457728864,0.0240484700326721
0.1152383336584,1.01158236655188,2074.46223111556,0.00510024146527917
0.196771271205078,3.23688695135292,2062.0060030015,0.0500177876658094
0.194979887480398,1.01158236655188,2056.30315157579,0.00767536936771995
0.179622265887445,2.34472828861258,2063.20660330165,0.0327741262300966
0.132829175427503,1.07462716439149,2068.90945472736,0.00984844615518203
0.19989096593797,11.5216685859765,2067.85892946473,0.06131619062531
0.167735359167552,1.00288309926358,2060.50525262631,0.018690044947625
0.196134596161017,1.01158236655188,2056.15307653827,0.029655642865104
0.160719560023317,1.00577451078852,2061.85592796398,0.0105254188064276
0.197391299780927,1.01449885892793,2056.00300150075,0.00346043704125168
0.176010773983831,4.98510624458552,2068.15907953977,0.0330962285010774
0.17690602292995,1.17833239331668,2059.75487743872,0.0265944063676639
0.115565543144348,1.00867425853989,2074.31215607804,0.00240152885963807
0.163769282315758,2.45526020256225,2066.65832916458,0.0230908118127912
0.194234009478621,1.95017021036364,2059.75487743872,0.0429280602468587
0.163746369924109,1.00288309926358,2061.25562781391,0.0144953943454861
0.196537161287852,5.67464221589759,2064.85742871436,0.0540921070828134
0.109377460320358,4.06351835261943,2089.61980990495,0.00567303555205241
0.184188546029957,4.3416960341386,2065.75787893947,0.0393837907063138
0.196434373579907,26.3241943658462,2072.66133066533,0.0589073033972204
0.168601815828622,1.00288309926358,2060.35517758879,0.00697697893060528
0.132664878044864,1.3804955427344,2070.86043021511,0.0101417388567572
0.190571825244403,1.55793070570556,2059.15457728864,0.0374443180938325
0.178810808567895,4.25507507288674,2066.65832916458,0.0349892406186884
0.148346155064213,1.01158236655188,2064.55727863932,0.00936324927700353
0.197107034300623,1.00867425853989,2056.00300150075,0.0292135205140757
0.163094651312051,2.82724106811333,2067.70885442721,0.0229837236669924
0.17141563869374,1.01158236655188,2059.90495247624,0.0196625416507725
0.188363640151276,1.00867425853989,2057.2036018009,0.0304268299573918
0.144595940234842,1.05318733137807,2065.60780390195,0.0129918803013869
0.188668651322047,1.01449885892793,2057.2036018009,0.018725884459938
0.175758359900541,1.00867425853989,2059.15457728864,0.0039696258545548
0.145978113421361,1.017423759841,2065.15757878939,0.00240579570535134
0.193896576722431,1.99560700049668,2059.90495247624,0.0430047929632408
0.15083751206088,1.00867425853989,2063.95697848924,0.0025963808884398
0.18353510543811,1.01449885892793,2057.95397698849,0.00397501987648631
0.1995231472155,1.01158236655188,2055.70285142571,0.0213271469621924
0.198585260257238,6.27623830106248,2065.00750375188,0.0572711958698858
0.105257222549555,1.01158236655188,2078.66433216608,0.00210102965021601
0.179725173475809,1.01449885892793,2058.55427713857,0.0197083175191495
0.147095693061473,1.01449885892793,2064.85742871436,0.00437678397253788
0.194661254030953,1.00288309926358,2056.30315157579,0.0226505795998416
0.172601173128964,5.82359678794962,2069.80990495248,0.030820811866842
0.155764510335731,1.01158236655188,2062.90645322661,0.00318815903094016
0.192749765316785,1.01158236655188,2056.60330165083,0.00779010001731831
0.178628713090075,1.07462716439149,2059.00450225113,0.0265300853392358
0.131088441221163,1.00867425853989,2069.05952976488,0.00123914837543235
0.0931761633175353,1.01158236655188,2084.96748374187,0.00275791108963914
0.189638812055922,1.01449885892793,2057.05352676338,0.0238439317493787
0.176851051695678,1.30325307163827,2060.35517758879,0.0273009080322131
0.106261103919782,1.01158236655188,2078.21410705353,0.00271992678385632
0.154566168638249,1.017423759841,2063.20660330165,0.0110239912584892
0.17044080736851,1.00577451078852,2060.05502751376,0.0220070832943541
0.18899703739684,4.45566189315493,2065.00750375188,0.0439978680468788
0.164543138913901,1.05622377499757,2061.40570285143,0.0198914207887268
0.148947196797768,13.9728926204603,2082.11605802901,0.0171177054577018
0.182300861225528,1.00577451078852,2058.10405202601,0.0149694453841633
0.181338422224823,7.85640396138943,2069.50975487744,0.0390844715980356
0.135368842814297,1.01158236655188,2067.85892946473,0.00692383943005122
0.178756199661712,1.01449885892793,2058.70435217609,0.0122382374954279
0.122623397848009,1.00867425853989,2071.76088044022,0.00302895056929328
0.156831579344374,1.62668261683323,2065.60780390195,0.0186166450734198
0.142722039825863,1.01158236655188,2065.90795397699,0.00425316721349912
0.0901159069143533,1.00577451078852,2086.7683841921,0.00259586120343811
0.188470438479431,1.01158236655188,2057.2036018009,0.0270239612289819
0.164627801883666,1.00577451078852,2061.10555277639,0.0116748122815628
0.199587216564658,2.98619923379083,2061.10555277639,0.0526933244192797
0.124957816227313,1.01158236655188,2071.01050525263,0.00248666831389478
0.169052882745567,1.017423759841,2060.35517758879,0.00960382012130694
0.14486873195991,1.00288309926358,2065.30765382691,0.00461330553763433
0.168989927135929,2.04799000112185,2064.4072036018,0.0255573157240831
0.195038793079965,1.01158236655188,2056.30315157579,0.0227941934060738
0.182216896259019,1.00577451078852,2058.10405202601,0.0161493240890884
0.164080531109181,1.01449885892793,2061.25562781391,0.0163443463779725
0.191737007594095,1.01158236655188,2056.75337668834,0.0213702686725671
0.165846509019962,8.39423252506469,2073.71185592796,0.0262188520960682
0.192672057771715,1.00867425853989,2056.60330165083,0.00101547948736217
0.118356174030565,1.00867425853989,2073.26163081541,0.00194179797112106
0.1661175873671,1.00288309926358,2060.80540270135,0.00923094900580487
0.18189896504836,6.55321042588835,2068.45922961481,0.0387176552237229
0.194311407525459,1.7230944249062,2059.15457728864,0.0412180554975798
0.169794141015213,1.01449885892793,2060.20510255128,0.00102567770296112
0.18198697625771,2.72338334507132,2063.65682841421,0.0351290611645222
0.189525536775471,1.01158236655188,2057.05352676338,0.0151360065860141
0.12634866308655,1.01158236655188,2070.56028014007,0.002448447758272
0.191822580263639,9.02067029565308,2068.15907953977,0.0499793206383601
0.189297824644219,1.00577451078852,2057.05352676338,0.0118649571510974
0.188171323190395,1.00288309926358,2057.2036018009,0.00609020005744353
0.187327594720677,2.65372529430481,2062.45622811406,0.0399951838057247
0.193800405250383,1.00867425853989,2056.45322661331,0.00465093581267511
0.172352789801752,1.01158236655188,2059.75487743872,0.0139910605776989
0.140709461374673,1.00288309926358,2066.35817908954,0.00359078451460371
0.189410328411824,1.31834782642385,2058.40420210105,0.0349483129542638
0.181682839362829,1.19198027101602,2059.00450225113,0.0293965395384104
0.199898234951977,6.25819530279368,2064.70735367684,0.0596095106110842
0.160232957814592,1.01449885892793,2062.0060030015,0.0046146995374451
0.193249718479296,1.68386231169735,2059.15457728864,0.0403433379522124
0.166197208257774,3.46844676966084,2068.30915457729,0.0250054054127461
0.17653280337803,1.55793070570556,2061.40570285143,0.0284996888715014
0.186273624913093,1.00577451078852,2057.50375187594,0.0016170193608478
0.194875494824177,1.0232988843187,2056.30315157579,0.0347303428198469
0.110093082905964,1.01449885892793,2076.56328164082,0.00260941917720911
0.158133352665967,1.017423759841,2062.45622811406,0.0072304440456423
0.196406561188377,2.23917234584048,2060.05502751376,0.0469472270862304
0.131067635283981,1.55793070570556,2072.3611805903,0.00977985775454009
0.19741538772311,1.01449885892793,2056.00300150075,0.028327073378809
0.192454431964655,1.00288309926358,2056.60330165083,0.0185663528940299
0.152933548190433,1.01158236655188,2063.50675337669,0.00992858569221305
0.159866719856303,1.00288309926358,2062.0060030015,0.00573474817673594
0.162355336133363,1.00867425853989,2061.55577788894,0.016597578227533
0.140375320932271,1.01158236655188,2066.50825412706,0.00257459610496348
0.161421132288923,1.00288309926358,2061.70585292646,0.0153513601805266
0.118491496442287,1.01449885892793,2073.26163081541,0.00349914296326714
0.179372850147663,1.00577451078852,2058.55427713857,0.00714617830375922
0.176796382382574,1.01158236655188,2059.00450225113,0.00130070130128927
0.153024935338252,1.01449885892793,2063.50675337669,0.0103909070023841
0.197622835426791,1.11240149892777,2056.30315157579,0.0379232020414018
0.144563255679604,1.01158236655188,2065.45772886443,0.00789862577449223
0.194046237347774,1.01449885892793,2056.45322661331,0.0237636511801084
0.180094106666151,2.2008256876077,2062.75637818909,0.0327953082046341
0.119207031773179,1.00867425853989,2072.96148074037,0.0060122299476989
0.190565079036924,4.50726900243269,2064.70735367684,0.0462334144885598
0.183328591662723,1.00867425853989,2057.95397698849,0.0250453728194734
0.16825503829748,1.017423759841,2060.50525262631,0.0139753431738047
0.13552205530372,2.44116367657533,2074.31215607804,0.0113766907316244
0.183112592510482,1.00288309926358,2057.95397698849,0.00394300373876262
0.191519941257506,1.00577451078852,2056.75337668834,0.030403876859306
0.154364563987668,1.01158236655188,2063.20660330165,0.00162125012415033
0.197656555550056,1.35685404373703,2057.35367683842,0.0410069693280464
0.184875548712799,3.55949057200184,2064.55727863932,0.0390571247345051
0.174048011710161,1.17494491051044,2060.20510255128,0.0251823370701286
0.193057300878715,1.56242237457588,2058.70435217609,0.0397424607364906
0.184040567574303,1.51371812544339,2060.05502751376,0.0325793963212236
0.197200113960629,1.8199732981517,2059.00450225113,0.0443088690890295
0.155047600550904,1.01158236655188,2063.05652826413,0.00698916916238732
0.178290764166081,1.00288309926358,2058.70435217609,0.017475329072337
0.1687857389233,2.08367368705817,2064.55727863932,0.0254942459497024
0.19916522614681,1.00288309926358,2055.70285142571,0.0172103017925383
0.178962145825987,4.92802801770652,2067.55877938969,0.0349512159000017
0.142033822852868,1.00867425853989,2066.05802901451,0.00184081496369364
0.154000051986342,1.59882507273807,2066.20810405203,0.0172564705485443
0.133261465086775,2.52697328239242,2075.36268134067,0.0106989568220284
0.156907393866288,1.00288309926358,2062.60630315158,0.00214973061896938
0.182534709576256,1.01449885892793,2058.10405202601,0.020560198804951
0.184264982738962,1.00577451078852,2057.80390195098,0.0232526621812213
0.15008013478366,1.02624915657849,2064.25712856428,0.0144191675751047
0.150296537540312,1.01158236655188,2064.10705352676,0.00271050782127155
0.174837906373555,1.00867425853989,2059.30465232616,0.0225990981195292
0.192483397783284,3.37001557459736,2062.90645322661,0.0460080320203541
0.0873573358548251,1.02035709353375,2088.71935967984,0.00188223014782992
0.199524744794348,2.2008256876077,2059.6048024012,0.0489748253272334
0.191141733172506,1.41265954868704,2058.55427713857,0.0367108306515801
0.177911527920417,1.017423759841,2058.85442721361,0.0119907194683553
0.186244095349412,1.00577451078852,2057.50375187594,0.0143896579872857
0.177857536164785,2.10780755947618,2062.90645322661,0.0310708752245538
0.12806339432932,1.00577451078852,2069.95997999,0.00509092712777711
0.180502023060254,1.01158236655188,2058.40420210105,0.0209443700248892
0.192892505819457,1.45392041663176,2058.40420210105,0.0384807867995111
0.180669701371984,2.13222095925085,2062.45622811406,0.0331173022760642
0.132500972790542,1.00288309926358,2068.60930465233,0.00573675200055611
0.161356413319792,10.9083594392703,2076.56328164082,0.0235492203272284
0.192234504925298,1.23033252636976,2057.65382691346,0.0357471590597303
0.19141359915666,1.02035709353375,2056.75337668834,0.032791960929869
0.169631581001246,1.00867425853989,2060.20510255128,0.00227610667939484
0.186219303059382,4.54636621906863,2065.60780390195,0.0415514252091245
0.172916057400075,1.46231609576324,2061.70585292646,0.0259593134131142
0.139567815973331,1.00288309926358,2066.65832916458,0.00641208526148721
0.196534196227643,4.24284253669373,2063.35667833917,0.0524312379182295
0.177569228853442,1.00867425853989,2058.85442721361,0.00700652882903637
0.178664324480403,1.76324060258228,2061.70585292646,0.0307092913203896
0.180119874077695,3.39924796097488,2065.15757878939,0.0351286283779753
0.188227465688772,1.00288309926358,2057.2036018009,0.00552635981258397
0.183323442065752,1.00867425853989,2057.95397698849,0.00769324298657865
0.144977446093673,3.83615347588896,2074.61230615308,0.0148165209273606
0.141986664269247,1.00577451078852,2066.05802901451,0.00984432646269022
0.169364671374021,1.90576794350953,2063.95697848924,0.025289147419418
0.198858639572573,1.72806227717372,2058.40420210105,0.0456214477477671
0.091999717272886,1.00288309926358,2085.56778389195,0.00159290259694619
0.197344201214758,1.86774606222357,2059.00450225113,0.0454739713813342
0.180492141028021,1.01158236655188,2058.40420210105,0.0238319117821306
0.189697992357763,1.01449885892793,2057.05352676338,0.0066282095848779
0.182087237174648,4.84363370723389,2066.8084042021,0.0376651036724765
0.187568649054596,2.31121826109334,2061.70585292646,0.038955809409532
0.178851774113364,3.20905081491668,2065.15757878939,0.0334741957499006
0.16969028755784,1.01158236655188,2060.20510255128,0.0204499785816811
0.17578125398974,1.00867425853989,2059.15457728864,0.00223023740437851
0.173903805251663,1.00577451078852,2059.45472736368,0.00220090565783048
0.18410132445224,1.00288309926358,2057.80390195098,0.00874799862742577
0.198854020921465,4.11058351166975,2062.75637818909,0.0554565257903806
0.199333644794062,43.0683803351352,2074.61230615308,0.0626067056172918
0.176613075546133,15.189566737098,2074.31215607804,0.0356315651280296
0.141389528900999,1.00577451078852,2066.20810405203,0.00132180017863313
0.194890976117932,1.00867425853989,2056.30315157579,0.028560831004122
0.19703484180447,1.00577451078852,2056.00300150075,0.0321089435815282
0.137520693591173,1.01158236655188,2067.25862931466,0.00411913203033204
0.181041599647263,12.4888983567305,2072.21110555278,0.0391114955419795
0.142827621399399,1.01449885892793,2065.90795397699,0.010588669547488
0.156393206054749,1.00867425853989,2062.75637818909,0.00988282043757121
0.159614993106818,1.017423759841,2062.15607803902,0.0120410539530238
0.186437096841059,1.01158236655188,2057.50375187594,0.00631514686983661
0.144257809047244,1.00288309926358,2065.45772886443,0.0119307418203452
0.19104416418869,10.0346071582177,2068.90945472736,0.0490195903159232
0.177782021561542,1.78366310156055,2062.0060030015,0.0298956862081071
0.193889464678829,1.06538573309788,2056.60330165083,0.0349231732340447
0.199289844968138,1.00577451078852,2055.70285142571,0.034922322627974
0.110419218031781,1.01449885892793,2076.4132066033,0.00536172868394338
0.165542638231848,1.00867425853989,2060.95547773887,0.0166830463592974
0.186697921703911,2.2008256876077,2061.55577788894,0.0380657118622494
0.168944447394187,1.38846722913941,2062.15607803902,0.0235281682259524
0.180137065879829,1.19198027101602,2059.30465232616,0.0283567308243867
0.165803619191991,1.61269369477906,2063.65682841421,0.0227209881070312
0.156650647189625,1.09650345009091,2063.20660330165,0.0170125321240952
0.188899786388579,1.73304445225245,2059.90495247624,0.0377203262981787
0.160978364098102,1.01449885892793,2061.85592796398,0.00748016298128972
0.197769966573845,1.07153781450759,2056.15307653827,0.0371542281782338
0.189350878200749,1.39648494813358,2058.70435217609,0.0356242380132166
0.146183921653606,1.00288309926358,2065.00750375188,0.0102052558791216
0.189016143721964,5.45047194460812,2066.05802901451,0.0450252789852934
0.175812084634673,1.00867425853989,2059.15457728864,0.0111049031846921
0.176275837914274,1.37256962462899,2060.80540270135,0.0271686936821679
0.112368987402229,1.00288309926358,2075.51275637819,0.00232018185862933
0.190268663037062,1.00288309926358,2056.90345172586,0.0291853232141918
0.191442909176039,1.00577451078852,2056.75337668834,0.0261628512861162
0.15693509049242,1.00288309926358,2062.60630315158,0.00449061597866373
0.179931715343695,33.8167824081596,2078.06403201601,0.0385099322709083
0.171374502214379,2.17562678075294,2064.4072036018,0.0267588512551041
0.147852522147464,1.64552345116496,2067.85892946473,0.015063497949767
0.170128070932431,15.1458996051004,2076.11305652826,0.0296068680329637
0.168709253536747,1.00577451078852,2060.35517758879,0.0147777934183323
0.1948976593319,3.56975293664868,2062.75637818909,0.0492497109053544
0.180656210593896,5.65832869261085,2067.85892946473,0.037503128310821
0.190651217935926,1.01158236655188,2056.90345172586,0.0153568095984658
0.167044471197657,1.00577451078852,2060.65532766383,0.00875577114969389
0.182356058708521,1.00867425853989,2058.10405202601,0.0160140537202708
0.173166743044469,3.6952337044061,2067.10855427714,0.0298521217360361
0.190464804077476,1.00867425853989,2056.90345172586,0.0190441411685901
0.195948883018094,3.70588742997801,2062.75637818909,0.0508426631310801
0.122288516599974,1.01449885892793,2071.91095547774,0.00722748277002781
0.164063955743546,1.01158236655188,2061.25562781391,0.0190838377771504
0.125655666581119,1.00288309926358,2070.71035517759,0.00613663931753468
0.177762369343524,1.01449885892793,2058.85442721361,0.0238002929616422
0.190455149950663,1.00577451078852,2056.90345172586,0.0120655050615524
0.180215057919408,1.00288309926358,2058.40420210105,0.00630907519472446
0.195008727506805,1.01158236655188,2056.30315157579,0.0310556464478089
0.175666723357017,1.00577451078852,2059.15457728864,0.00270434480027407
0.191731568069921,1.01158236655188,2056.75337668834,0.0300665745976532
0.190780839008703,3.02078648791353,2062.60630315158,0.043691014731382
0.085670012221925,1.0232988843187,2089.91995997999,0.00251139556513613
0.13170334494979,1.01158236655188,2068.90945472736,0.00354758279772425
0.166929075421631,1.00288309926358,2060.65532766383,0.0153181102017627
0.184523177174836,1.01449885892793,2057.80390195098,0.0264537738831556
0.168634513398233,1.00288309926358,2060.35517758879,0.0166366684619271
0.16903955182023,1.01449885892793,2060.35517758879,0.0171468383565456
0.184227757435789,1.00577451078852,2057.80390195098,0.0238343097375442
0.158690897876529,1.01158236655188,2062.30615307654,0.00478253063137199
0.194658583574342,1.00288309926358,2056.30315157579,0.0294563196759659
0.120465005161554,1.00867425853989,2072.51125562781,0.00475153865067863
0.170446618998382,1.00867425853989,2060.05502751376,0.0101577314664355
0.161851099869912,1.017423759841,2061.70585292646,0.00214388362689794
0.199466972213555,1.00867425853989,2055.70285142571,0.0209783932777284
0.19172659665069,1.01158236655188,2056.75337668834,0.0257954960654996
0.144313289407027,1.00288309926358,2065.45772886443,0.00947965461787887
0.146437653270584,1.01158236655188,2065.00750375188,0.00712728124296443
0.143653135689,1.00288309926358,2065.60780390195,0.0112504811358942
0.175971649784725,1.21274904899342,2060.05502751376,0.0264240270635486
0.174069730625635,1.01158236655188,2059.45472736368,0.00872983076653751
0.163416061007485,11.7901106095195,2076.4132066033,0.0250323002180479
0.135293558088996,1.00867425853989,2067.85892946473,0.00129352800479262
0.191256736340146,2.13222095925085,2060.65532766383,0.0414827100152733
0.176949467718731,1.50936647207927,2061.25562781391,0.0281215183599656
0.194375248340445,3.99392909131044,2063.35667833917,0.05005407472213
0.151080979307137,1.13504676028852,2064.55727863932,0.0153248522754218
0.156401406423078,1.5896456468007,2065.60780390195,0.0182475560308112
0.187023562586074,2.04210241714683,2061.10555277639,0.0376781329521552
0.171648665184559,1.017423759841,2059.90495247624,0.00469863628105566
0.197799338441662,1.83576021707557,2058.85442721361,0.045596936929767
0.18631420946367,1.33361741419236,2059.00450225113,0.0327938082301134
0.174905133443048,1.00867425853989,2059.30465232616,0.00369846223481123
0.197325631747781,1.15150364314254,2056.60330165083,0.0380042207983099
0.174131542126855,1.01449885892793,2059.45472736368,0.0108657400463343
0.105217274873023,1.07772542117776,2079.26463231616,0.00474091896139977
0.199525237433798,1.05926897298544,2055.85292646323,0.038030659080542
0.110304092878889,1.00867425853989,2076.4132066033,0.00418026978025468
0.16905565354489,1.09650345009091,2060.80540270135,0.0220098130466693
0.145358504172966,1.017423759841,2065.30765382691,0.0129057162986655
0.187991785110264,7.94739971184986,2068.15907953977,0.0460605852357044
0.16901231642157,1.01449885892793,2060.35517758879,0.0165118021561542
0.191442100252068,2.66904925964653,2061.85592796398,0.0432753317009892
0.195671957343599,1.26262771749805,2057.35367683842,0.0381071493051403
0.136474647196692,6.45955425993623,2081.2156078039,0.0120923505361968
0.140385979356967,3.38947576589033,2075.06253126563,0.0132820255023995
0.169608064185939,1.00867425853989,2060.20510255128,0.00380203852505889
0.188842151966147,1.04413027541975,2057.2036018009,0.0318307817755249
0.198171752610637,1.00577451078852,2055.85292646323,0.0206490115951524
0.153629853916998,1.20231981606127,2064.4072036018,0.0163245436275412
0.169052164902375,1.017423759841,2060.35517758879,0.0106372319547693
0.130410194186004,1.86774606222357,2074.012006003,0.00972984527503134
0.158459591648922,1.00577451078852,2062.30615307654,0.0103508295475211
0.195375901648091,24.425696794902,2072.51125562781,0.0572647919358147
0.19339314330831,1.79396288338358,2059.45472736368,0.0412283786463701
0.130190421423952,1.01158236655188,2069.35967983992,0.00369219856476383
0.168680881673438,1.61269369477906,2063.05652826413,0.0242961285597252
0.192852920439969,1.01158236655188,2056.45322661331,0.0336724013343628
0.173942989309418,1.00867425853989,2059.45472736368,0.013695087411962
0.093596102104663,1.00577451078852,2084.66733366683,0.00253724119381332
0.161882313095414,1.017423759841,2061.70585292646,0.00348760010344067
0.132223806596019,1.01158236655188,2068.75937968984,0.00471850955862988
0.1983085750396,1.00867425853989,2055.85292646323,0.0308723403140289
0.187450229929763,1.01158236655188,2057.35367683842,0.0121267514590398
0.199661029390885,1.01449885892793,2055.70285142571,0.00152724075942381
0.182331067854374,1.54009278652809,2060.35517758879,0.0319600801564226
0.144695967560977,1.017423759841,2065.45772886443,0.00874265454835798
0.199259703808655,25.9479782891666,2072.06103051526,0.0621887381494477
0.16286256783179,1.05926897298544,2061.70585292646,0.0193202928710694
0.168943279663658,1.01158236655188,2060.35517758879,0.0166219289098885
0.177502492464084,1.00577451078852,2058.85442721361,0.0217612219630021
0.199529512373709,1.01158236655188,2055.70285142571,0.0207580225590638
0.19815649410848,5.92506573979369,2064.85742871436,0.0557329384146083
0.193930149419299,1.01158236655188,2056.45322661331,0.0300088000631108
0.15618802802251,1.2232687477884,2063.95697848924,0.0173450719740847
0.139094567883923,1.00577451078852,2066.8084042021,0.00930420164509372
0.166327611726899,2.16313573014221,2065.30765382691,0.0241817794038544
0.135728908092166,3.18145405986858,2076.26313156578,0.0115379529339161
0.125633605862478,1.00288309926358,2070.71035517759,0.00562012972195486
0.157125398436755,1.00867425853989,2062.60630315158,0.00175314615965145
0.163209198430179,5.20510035615579,2071.46073036518,0.0240989169546925
0.171252401788777,1.00577451078852,2059.90495247624,0.016616960601829
0.171663250356862,1.017423759841,2059.90495247624,0.00249732567077472
0.19724899719925,2.012917411563,2059.45472736368,0.0460026728908341
0.195793410816408,1.00288309926358,2056.15307653827,0.0123999347707661
0.15683607394331,1.1988633739507,2063.65682841421,0.0175938374989639
0.172243156534264,1.00867425853989,2059.75487743872,0.00529901082456508
0.160303631006027,1.017423759841,2062.0060030015,0.0116953916613518
0.0792274039192218,1.00867425853989,2094.57228614307,0.00208856763147233
0.172006330641905,1.00288309926358,2059.75487743872,0.0111993785412042
0.176794455930413,1.64079288241399,2061.70585292646,0.0287619488088968
0.0953539671357947,1.06232295058138,2084.21710855428,0.00357735389633073
0.145973187611695,1.21624552488348,2066.35817908954,0.0136118123624497
0.17706893729671,2.9350594625955,2065.00750375188,0.0317742947942931
0.199944585603984,1.1988633739507,2056.45322661331,0.040365737822978
0.198425407494708,1.01158236655188,2055.85292646323,0.0036339619690697
0.169903416435682,7.4811522310616,2071.91095547774,0.0292607227778642
0.177816493758377,1.16149208345279,2059.6048024012,0.0266804397433567
0.168995755980333,1.01449885892793,2060.35517758879,0.00267949361457894
0.199346331950401,1.00577451078852,2055.70285142571,0.00300852889073626
0.182450585762353,15.189566737098,2072.96148074037,0.0407432727332487
0.185876797844175,2.66137624774655,2062.75637818909,0.0385558394166935
0.154280722063882,1.00867425853989,2063.20660330165,0.0104681094237974
0.18253045932215,1.01449885892793,2058.10405202601,0.0228946774830955
0.169360931560615,2.36506706799381,2065.30765382691,0.02587250105891
0.116658760883936,1.00577451078852,2073.86193096548,0.00161789491380531
0.185667360198883,20.7290378618468,2073.86193096548,0.044751210029727
0.178001741759146,1.18855355314224,2059.6048024012,0.0272987010825678
0.191740378716307,5.74036800209287,2065.75787893947,0.0487131843116086
0.155213922519587,1.017423759841,2063.05652826413,0.0106686697335528
0.163222962265737,1.01158236655188,2061.40570285143,0.00716514630651776
0.184161797977387,1.00288309926358,2057.80390195098,0.0147534516701815
0.197558853761467,4.00544398533237,2062.90645322661,0.0530985422814384
0.181246073997263,1.00577451078852,2058.25412706353,0.0136024462652206
0.186518761562093,1.01449885892793,2057.50375187594,0.0291821667376892
0.176967238867116,1.017423759841,2059.00450225113,0.0120059585384371
0.173120582434671,1.00867425853989,2059.6048024012,0.0173216811293236
0.137617671618858,1.01449885892793,2067.25862931466,0.00356361663946942
0.189562018165318,1.01158236655188,2057.05352676338,0.0191196876062483
0.197170052631495,1.00867425853989,2056.00300150075,0.0178433670604752
0.199036850042855,9.50045567592029,2066.95847923962,0.060431616194623
0.18655570517599,1.27358007675926,2058.70435217609,0.0325358680418258
0.140862894231583,1.00867425853989,2066.35817908954,0.00643831830353394
0.194975889601862,1.01158236655188,2056.30315157579,0.0115168651666277
0.194422066977417,1.16484078042324,2057.05352676338,0.0363715104254992
0.104797369492884,1.00577451078852,2078.8144072036,0.0020745543933453
0.125145081115622,1.00288309926358,2070.86043021511,0.00182597966495267
0.191245824069869,4.31676880609627,2064.4072036018,0.0463396199047399
0.195098795100101,1.79396288338358,2059.15457728864,0.0428988045440343
0.171055483590698,4.46850800867783,2068.60930465233,0.0291734578879975
0.172396311486487,1.01449885892793,2059.75487743872,0.01151797702624
0.127135272530712,1.00577451078852,2070.26013006503,0.00186004757849952
0.179960926712222,1.21274904899342,2059.45472736368,0.0283273695098316
0.17140538480023,1.01158236655188,2059.90495247624,0.0211206292146549
0.0910651725108848,1.00577451078852,2086.16808404202,0.00146933052452924
0.198339153305158,1.00867425853989,2055.85292646323,0.00314935027196785
0.196584277690865,1.52684850782001,2058.10405202601,0.0419447685548107
0.186130592137498,1.00288309926358,2057.50375187594,0.0221944749657726
0.164562856666916,1.00288309926358,2061.10555277639,0.00785725545176501
0.19661091583666,6.31248050684326,2065.45772886443,0.0540711567914252
0.155230430046252,1.017423759841,2063.05652826413,0.00872466898679821
0.147558801194738,9.33775684323017,2079.86493246623,0.0163885180972706
0.157038584994466,1.00577451078852,2062.60630315158,0.00966984084089043
0.195166135447486,2.70774742833384,2061.25562781391,0.0474746844725565
0.19969084720702,2.89311263070037,2060.95547773887,0.0522777805635699
0.129467984663536,1.00288309926358,2069.50975487744,0.00404715227491786
0.177517911035833,1.00577451078852,2058.85442721361,0.0130006981546246
0.174632472322796,1.00288309926358,2059.30465232616,0.0217474746215296
0.173324547139926,3.39924796097488,2066.50825412706,0.0300980908678065
0.176963747883513,1.017423759841,2059.00450225113,0.00201678763635262
0.198193667842665,1.00577451078852,2055.85292646323,0.0295318890798217
0.177126984918044,4.54636621906863,2067.40870435218,0.0336675630142022
0.162037503536129,1.58051892322707,2064.4072036018,0.0205445131187264
0.116655105505787,1.00577451078852,2073.86193096548,0.00140285685895791
0.118868297648315,1.01449885892793,2073.11155577789,0.00572107673148928
0.143927861119889,1.01158236655188,2065.60780390195,0.00612505609379779
0.186537307250928,1.01449885892793,2057.50375187594,0.00544190222907076
0.19335229144273,1.20578622343754,2057.35367683842,0.0363681763328104
0.146232454858336,1.00577451078852,2065.00750375188,0.00887208945550753
0.184085186271573,1.00288309926358,2057.80390195098,0.0185450474088481
0.156178337497048,1.00288309926358,2062.75637818909,0.0106423862970684
0.185123573178107,1.00288309926358,2057.65382691346,0.0145471472422833
0.189379633825443,2.11997911696849,2060.95547773887,0.0396945256702354
0.186300925960335,2.25859550568368,2061.85592796398,0.0374091845991941
0.184478520165448,1.01158236655188,2057.80390195098,0.0152891657604743
0.177604483504403,2.52697328239242,2063.95697848924,0.0319514195854567
0.173557291272607,1.26262771749805,2060.80540270135,0.0251264972421579
0.186593030556085,1.01449885892793,2057.50375187594,0.00633828174008834
0.169699865631843,1.01158236655188,2060.20510255128,0.0169134450721892
0.165901690990951,86.9430374560293,2087.81890945473,0.0270759290768593
0.180627621288167,1.01449885892793,2058.40420210105,0.0137609169978904
0.145558121327988,1.00288309926358,2065.15757878939,0.0108657526704166
0.194153303271703,1.53125056362849,2058.55427713857,0.0397412595158213
0.158482812834492,1.00577451078852,2062.30615307654,0.00182457761833019
0.17702148054354,1.78880557933512,2062.15607803902,0.0294572058424701
0.181568069101101,1.01449885892793,2058.25412706353,0.0235200840350236
0.192640004859057,1.00867425853989,2056.60330165083,0.00897754307399528
0.14868747364414,1.00288309926358,2064.4072036018,0.011260411791741
0.194415714481493,1.64552345116496,2058.85442721361,0.0410163273154818
0.1923535799632,3.81412874828321,2063.50675337669,0.0472211978664545
0.157981069123576,1.01158236655188,2062.45622811406,0.0153596159693626
0.191915602692068,82.3149786192126,2079.5647823912,0.0538774575664128
0.197188013787392,1.46653209822205,2057.80390195098,0.0419116902558996
0.163314321778799,1.01449885892793,2061.40570285143,0.0155506636994938
0.166223064096799,1.00577451078852,2060.80540270135,0.00701983131641334
0.197197520142672,1.01158236655188,2056.00300150075,0.0209208719090971
0.185220155338337,1.00577451078852,2057.65382691346,0.0188541160888604
0.167953705007818,1.00867425853989,2060.50525262631,0.0136514336852326
0.198325625467318,1.00867425853989,2055.85292646323,0.0350450568991761
0.178483488571159,1.43727338940046,2060.65532766383,0.0288719753156828
0.152751710638854,1.00288309926358,2063.50675337669,0.00962903906895801
0.188071058106838,1.12528574084121,2057.80390195098,0.0320008573406421
0.180271414807967,1.00577451078852,2058.40420210105,0.0171497610298946
0.174020065953612,1.00867425853989,2059.45472736368,0.00884104217907342
0.19726273919912,1.01158236655188,2056.00300150075,0.0271048942138309
0.127120362847548,1.00577451078852,2070.26013006503,0.00342488860733105
0.195043849661457,1.01158236655188,2056.30315157579,0.0175618599136113
0.199197589579247,1.00288309926358,2055.70285142571,0.024072854099524
0.126285118387511,1.00867425853989,2070.56028014007,0.00430896940769878
0.187044816392948,1.12528574084121,2057.95397698849,0.0314334794540333
0.187311135679833,1.00577451078852,2057.35367683842,0.0171261612627536
0.172225754169145,1.00867425853989,2059.75487743872,0.0201478962980782
0.167297487587504,1.01449885892793,2060.65532766383,0.0160676467353096
0.17064276889293,1.12853005133194,2060.65532766383,0.0230240967710776
0.191548669801742,1.00867425853989,2056.75337668834,0.030258446440593
0.168907696266584,1.01158236655188,2060.35517758879,0.0169122436434531
0.174949716514885,13.1153367145537,2074.012006003,0.0333525157579914
0.187422888128032,1.00867425853989,2057.35367683842,0.0248402427742378
0.192693054414514,1.00867425853989,2056.60330165083,0.0168580370705689
0.19403795058634,1.28093437865255,2057.65382691346,0.0372575507548282
0.192453444149964,3.10901742259474,2062.45622811406,0.0456563835312776
0.119026107627022,1.00288309926358,2072.96148074037,0.00456488991813664
0.163810929301029,1.00577451078852,2061.25562781391,0.00628175742679508
0.114069369630654,1.01158236655188,2074.91245622811,0.00222587663503074
0.18110759576833,2.10174801133249,2062.30615307654,0.0333041709266508
0.167005583573576,1.00577451078852,2060.65532766383,0.0105322578490351
0.131967647153381,1.11560866287013,2069.50975487744,0.00963090937578316
0.178385785374693,1.16819913201946,2059.45472736368,0.0273207407596729
0.193898510165749,1.31077872056062,2057.80390195098,0.0374223812043033
0.154308674721064,1.00867425853989,2063.20660330165,0.0151320895021956
0.116302224900872,1.00867425853989,2074.012006003,0.00313169291124142
0.192708210977643,1.00867425853989,2056.60330165083,0.0281269107283226
0.176852410674773,1.01449885892793,2059.00450225113,0.0159318219464325
0.154842613187738,1.01449885892793,2063.05652826413,0.0161244294853808
0.147532609626299,1.00577451078852,2064.70735367684,0.00477445070675738
0.178656897323476,1.01158236655188,2058.70435217609,0.016911828539957
0.183549983574818,1.01449885892793,2057.95397698849,0.00931877264144048
0.115681709988013,1.01449885892793,2074.31215607804,0.00412555967148087
0.144604597304782,1.01449885892793,2065.45772886443,0.00600044285022749
0.193640910027388,5.6910027726913,2065.45772886443,0.0500348488231291
0.154250781797717,1.00867425853989,2063.20660330165,0.00891976699756492
0.196212653620876,2.90981894079874,2061.55577788894,0.0484438678208179
0.128119536846441,4.25507507288674,2081.2156078039,0.00962115676132573
0.171524463343926,1.01449885892793,2059.90495247624,0.0185878709516364
0.159536986093552,1.01449885892793,2062.15607803902,0.0160764365518958
0.195616689019205,1.15815301335288,2056.90345172586,0.0368452818584079
0.190605130123647,1.01158236655188,2056.90345172586,0.0139200630475118
0.19348825011294,3.51873529007318,2062.90645322661,0.0477646817269484
0.194829238972006,1.00867425853989,2056.30315157579,0.0111648383476244
0.184291914890159,2.41321295951054,2062.45622811406,0.036876722661726
0.17281904427559,1.00288309926358,2059.6048024012,0.0231577623526572
0.137017411572749,1.01158236655188,2067.40870435218,0.00888070788762961
0.175832194080974,1.36468921205103,2060.80540270135,0.0270449894356594
0.19228396685146,11.858192730432,2069.50975487744,0.0510900419468354
0.189612815030891,7.92455244054436,2067.85892946473,0.0475338875061542
0.193553716126502,1.00288309926358,2056.45322661331,0.023499489653761
0.164997627722828,1.017423759841,2061.10555277639,0.00956618708257538
0.158644337896623,1.01449885892793,2062.30615307654,0.0174075453432135
0.185468501940265,3.37001557459736,2064.10705352676,0.0395842122955852
0.171280982073311,1.00577451078852,2059.90495247624,0.0115743625123123
0.198138951190262,1.00577451078852,2055.85292646323,0.00653142953144766
0.113547347614688,1.00577451078852,2075.06253126563,0.00158081579318584
0.142219360877458,1.01449885892793,2066.05802901451,0.0119743467580073
0.152218058676462,1.00867425853989,2063.65682841421,0.00411048590032873
0.15111757506318,1.017423759841,2063.95697848924,0.00877605510032471
0.157993429768142,1.01449885892793,2062.45622811406,0.00815302243564808
0.126106262593433,1.00288309926358,2070.56028014007,0.00526961750126982
0.15495725827981,1.00867425853989,2063.05652826413,0.012513632207668
0.190968261587059,6.34893199363231,2066.50825412706,0.0476244907910862
0.188870628257037,1.14489244934213,2057.80390195098,0.0326184858072203
0.198391903629198,3.55949057200184,2062.15607803902,0.0532395184582183
0.14507284686927,1.00867425853989,2065.30765382691,0.00887312628466548
0.152226575557259,1.00867425853989,2063.65682841421,0.00508197817330491
0.15368202547881,1.01158236655188,2063.35667833917,0.0118754030289695
0.181131631881528,1.00288309926358,2058.25412706353,0.0227056135694818
0.184273063091591,1.00577451078852,2057.80390195098,0.0218054795059907
0.197811674626809,4.14623977579979,2063.05652826413,0.0534890384106919
0.166256685042009,1.00577451078852,2060.80540270135,0.017282679068147
0.199681459179896,1.01449885892793,2055.70285142571,0.0119762596946383
0.13194469232845,1.10601480450688,2069.50975487744,0.00955140152323858
0.179597042759312,1.01158236655188,2058.55427713857,0.00808700258192428
0.193551985283431,1.00288309926358,2056.45322661331,0.00955916239702181
0.185371046676507,1.00867425853989,2057.65382691346,0.00419423521716292
0.193526662783366,6.01097243209366,2065.75787893947,0.0501701266382587
0.198280632674702,2.53425879720196,2060.50525262631,0.0494340668149342
0.169726826518473,1.01158236655188,2060.20510255128,0.00600168768331606
0.199157994671404,6.92165665438525,2065.45772886443,0.0579566475909054
0.19966318435165,1.01449885892793,2055.70285142571,0.0168357127704289
0.110215527701732,1.02035709353375,2076.56328164082,0.00513383932786693
0.182362350707083,1.00867425853989,2058.10405202601,0.00894665025286412
0.138565239263463,1.00867425853989,2066.95847923962,0.0017032874338205
0.197776552258774,12.8907317012169,2068.75937968984,0.059423319291882
0.177397456530535,1.00288309926358,2058.85442721361,0.0185977681315985
0.187975640561318,2.012917411563,2060.95547773887,0.0378199017949217
0.163792665522297,1.00577451078852,2061.25562781391,0.0172269433358739
0.194680165922877,2.11388457789867,2060.05502751376,0.0445039180718126
0.0886217518517211,1.01449885892793,2087.81890945473,0.00179491750573493
0.195060722849478,3.42873391662958,2062.45622811406,0.0496682574520071
0.170442263503103,2.39246014169509,2065.15757878939,0.0265581986895809
0.183638684576546,14.8865204479472,2072.51125562781,0.0424036678061406
0.183090020298073,1.17833239331668,2058.85442721361,0.0295647073615475
0.182461643250944,1.01158236655188,2058.10405202601,0.0110172128410275
0.16722095690974,1.01158236655188,2060.65532766383,0.0101757503663524
0.185272411236822,1.00577451078852,2057.65382691346,0.0169196027000337
0.124926045512038,1.01158236655188,2071.01050525263,0.00277259080778413
0.153326841988966,1.01158236655188,2063.35667833917,0.015609653245491
0.194337189724677,2.07768351923393,2060.05502751376,0.0437651913496587
0.195791769076939,2.12609122719942,2059.90495247624,0.0456442867863712
0.197843260914927,17.5918424880948,2070.41020510255,0.0592404079637477
0.183134385747261,1.00288309926358,2057.95397698849,0.0102625594857856
0.145508404957327,1.00288309926358,2065.15757878939,0.00681192768154561
0.182513786882538,1.01449885892793,2058.10405202601,0.0224435200988484
0.193797200615667,1.00867425853989,2056.45322661331,0.0168249153054097
0.11623658517726,1.00577451078852,2074.012006003,0.00509085238546356
0.199161441429712,1.09335121002246,2056.15307653827,0.0379990227393507
0.186484813497973,1.01158236655188,2057.50375187594,0.0223220133654931
0.146832250939413,1.00577451078852,2064.85742871436,0.00399081841872142
0.143433583506441,1.61734325078285,2068.90945472736,0.0134940533200565
0.121020945507329,1.01449885892793,2072.3611805903,0.00409369671291734
0.163184521905453,1.00867425853989,2061.40570285143,0.0179689576801888
0.163161433078921,1.51808232505612,2063.80690345173,0.0212124978966018
0.119825389862724,1.32596064017055,2074.91245622811,0.00724210640875037
0.169343328358581,1.08707389011608,2060.65532766383,0.0222091967097273
0.157093758982006,1.8199732981517,2066.35817908954,0.0188256948602033
0.1767752156533,1.01158236655188,2059.00450225113,0.00553760592611202
0.173059059757561,1.00867425853989,2059.6048024012,0.0230906263845283
0.190988431352941,1.00577451078852,2056.75337668834,0.0323343716473795
0.198070587830957,1.00288309926358,2055.85292646323,0.0336439465369509
0.153050372902201,1.01449885892793,2063.50675337669,0.0072866443487023
0.199288470765299,1.00577451078852,2055.70285142571,0.0217502411758123
0.195493668219065,158.690210978165,2082.11605802901,0.0579859608298448
0.153033942856708,1.01449885892793,2063.50675337669,0.00929576838582396
0.198447193645934,1.01158236655188,2055.85292646323,0.00513442612738537
0.155474505091777,1.00288309926358,2062.90645322661,0.0136358684301162
0.149343321353502,1.00288309926358,2064.25712856428,0.0019228901664968
0.175824364329292,1.01158236655188,2059.15457728864,0.00957865243782092
0.19445014146162,17.4908414355252,2071.01050525263,0.0552938440489727
0.190349371891168,1.00288309926358,2056.90345172586,0.00436323992851513
0.19457881365395,1.4920846013006,2058.25412706353,0.0402575433252468
0.158626889196873,1.00867425853989,2062.30615307654,0.00451002159648976
0.19849048303731,1.01449885892793,2055.85292646323,0.0183838302193624
0.166574544955336,1.017423759841,2060.80540270135,0.0179303089390579
0.135639624172929,1.00288309926358,2067.70885442721,0.00146638426876673
0.139065764063741,1.00577451078852,2066.8084042021,0.008572760114723
0.192724484337321,3.13598584352336,2062.45622811406,0.0459742196180148
0.168116950931266,1.01449885892793,2060.50525262631,0.0107567324589124
0.142552034264355,1.00577451078852,2065.90795397699,0.0104976668363671
0.17446577650894,1.83048275359669,2062.75637818909,0.0279938726832377
0.174617868600642,1.00288309926358,2059.30465232616,0.00777557663115587
0.187924439030561,2.39935784176774,2061.85592796398,0.0394928339572303
0.187907853039159,3.75961856902805,2064.25712856428,0.0423997236776637
0.135830728903322,1.00867425853989,2067.70885442721,0.00759036582228728
0.17615542871743,4.99947880072813,2068.15907953977,0.0331373578877342
0.190689514962792,1.1715671660767,2057.65382691346,0.0340057874755686
0.130637233100114,1.00867425853989,2069.2096048024,0.00648092040454615
0.18509141849897,1.00288309926358,2057.65382691346,0.0113226353576752
0.178396335825281,1.00577451078852,2058.70435217609,0.0227557071281672
0.187297014036839,1.00577451078852,2057.35367683842,0.0170993593606594
0.172415762159082,1.01449885892793,2059.75487743872,0.0108565554286584
0.187388472889884,1.33746236557711,2058.85442721361,0.03350873863737
0.135750058009177,1.00577451078852,2067.70885442721,0.00167285425594914
0.110562434052777,1.00288309926358,2076.26313156578,0.00353894165968625
0.186336745421801,1.00867425853989,2057.50375187594,0.00808382607789024
0.168350791008911,1.27358007675926,2061.70585292646,0.0229105732225247
0.184187451409421,1.59422875299434,2060.20510255128,0.0336287831249602
0.17059881780114,1.01158236655188,2060.05502751376,0.0124282037697445
0.194827120374236,1.00867425853989,2056.30315157579,0.0155052165543046
0.18006119788498,1.00577451078852,2058.40420210105,0.0266291243420446
0.150212417305643,1.00867425853989,2064.10705352676,0.0124131366727075
0.193747303477294,1.00867425853989,2056.45322661331,0.0226982441280115
0.149424650698856,1.00577451078852,2064.25712856428,0.0141302538424801
0.0920670852036334,1.00577451078852,2085.56778389195,0.00108683907260392
0.154204989985845,1.00577451078852,2063.20660330165,0.00915784617136877
0.191423966209817,1.00288309926358,2056.75337668834,0.0210951626898495
0.185267360671669,1.00577451078852,2057.65382691346,0.0111656597937596
0.155593133440385,1.75311720834914,2066.50825412706,0.0179739453592638
0.192112990370381,3.12697047724319,2062.60630315158,0.0448931810794871
0.194983377735131,1.01158236655188,2056.30315157579,0.00965661423652716
0.171649167048764,1.017423759841,2059.90495247624,0.0119437659853344
0.172060564805889,1.00288309926358,2059.75487743872,0.00996929584686232
0.146457885769245,1.01449885892793,2065.00750375188,0.00373970132977629
0.158120528251895,1.017423759841,2062.45622811406,0.00397373984310995
0.132694228391018,1.01158236655188,2068.60930465233,0.00503907958391919
0.175440282163356,2.77083492243083,2065.00750375188,0.0303433141847801
0.18417384139813,62.4379825789225,2080.16508254127,0.0441073926074164
0.196168620982285,1.01449885892793,2056.15307653827,0.0125316233636539
0.0884556304872962,1.017423759841,2087.96898449225,0.00272390544415677
0.130631995142558,1.17494491051044,2070.26013006503,0.00943260277348389
0.162141150005166,1.00288309926358,2061.55577788894,0.0136255468771263
0.172405896107557,1.01449885892793,2059.75487743872,0.00267869220351093
0.152794973725111,5.5454396587911,2074.61230615308,0.0188108454228078
0.145206762819493,1.01449885892793,2065.30765382691,0.0126859738256505
0.182330064753627,1.96143148928283,2061.70585292646,0.0337456326568004
0.149582266797496,1.01158236655188,2064.25712856428,0.00854512491123396
0.178581845882673,1.13504676028852,2059.30465232616,0.0270290918074822
0.157742034187566,1.00577451078852,2062.45622811406,0.00728054459428235
0.136892061745893,1.00867425853989,2067.40870435218,0.00374151859673126
0.19887683949852,8.27426512232383,2066.35817908954,0.0589048443750624
0.185931938511197,5.65832869261085,2066.8084042021,0.0423535927535692
0.177476859233606,1.00577451078852,2058.85442721361,0.0198258706455511
0.140350885417487,1.01158236655188,2066.50825412706,0.0100561887987175
0.19453587653107,2.85998721049474,2061.70585292646,0.0468561267293423
0.187168994373012,1.00288309926358,2057.35367683842,0.00901491855408431
0.151420655292558,1.00577451078852,2063.80690345173,0.00261290629895284
0.161053211477339,1.01449885892793,2061.85592796398,0.0120771062020694
0.172483436570844,1.017423759841,2059.75487743872,0.00745910475567672
0.167188352382298,1.00867425853989,2060.65532766383,0.0184265148279416
0.181568627402666,2.39935784176774,2062.90645322661,0.0347231854793934
0.191750660907894,2.75492656923522,2062.0060030015,0.0435758063695099
0.16791313232379,1.00577451078852,2060.50525262631,0.00548229986258852
0.140366846018755,1.01158236655188,2066.50825412706,0.003015321650842
0.158790969507882,1.01449885892793,2062.30615307654,0.00353585435536865
0.190767244797854,3.53905426496764,2063.35667833917,0.0453560135727875
0.180985445487054,1.46653209822205,2060.35517758879,0.0304952244226779
0.100869713592348,1.01158236655188,2080.76538269135,0.00203823403093902
0.149623466932651,2.27163778979815,2069.65982991496,0.0161457885643476
0.073996335469017,1.00288309926358,2099.07453726863,0.0011299877482699
0.196255923774025,1.01449885892793,2056.15307653827,0.00924781789922201
0.180625652972887,1.01449885892793,2058.40420210105,0.0150949229332802
0.151989949425047,7.67752616736229,2077.01350675338,0.0185944460078835
0.198676816480625,12.4171951294921,2068.45922961481,0.0598959450822247
0.150955322514385,1.01158236655188,2063.95697848924,0.0070597858803627
0.185238942586117,1.00577451078852,2057.65382691346,0.0219342585636759
0.111537105683322,1.01449885892793,2075.96298149075,0.00389899717444199
0.182560091790874,1.65502554408647,2060.80540270135,0.0322569308833072
0.199720493355233,1.01449885892793,2055.70285142571,0.0158649109374341
0.134077160587083,1.00288309926358,2068.15907953977,0.00582257575691665
0.166949092878598,1.00288309926358,2060.65532766383,0.0125317433127465
0.189510124535178,1.00867425853989,2057.05352676338,0.0148117388202308
0.18943726588072,1.32214875407135,2058.40420210105,0.0350443568315803
0.135853271087388,1.20578622343754,2068.90945472736,0.0107745268725855
0.134767576255695,1.00867425853989,2068.00900450225,0.00993477355760108
0.163346069617569,1.01449885892793,2061.40570285143,0.0180594941219772
0.187187623646795,1.00288309926358,2057.35367683842,0.0116502982371221
0.163164119526977,1.00867425853989,2061.40570285143,0.00555601967328732
0.123055471536355,1.00867425853989,2071.6108054027,0.00384971728997985
0.164561697283883,1.00288309926358,2061.10555277639,0.0177286172614544
0.135868390995972,1.01158236655188,2067.70885442721,0.00387404637614551
0.199615346289652,1.64079288241399,2058.10405202601,0.0451300264395376
0.149698290786899,1.01449885892793,2064.25712856428,0.00348699164771912
0.185082182740544,1.46231609576324,2059.6048024012,0.0333438991866594
0.193259183991287,11.5882005855279,2069.2096048024,0.0520806194362378
0.158359155819908,1.76324060258228,2065.90795397699,0.0191972383000475
0.159488762031095,1.01449885892793,2062.15607803902,0.0171258425115964
0.197569950227252,3.81412874828321,2062.60630315158,0.053170129275125
0.14976907731093,2.66137624774655,2070.71035517759,0.016376042862761
0.162712316933768,2.13222095925085,2066.05802901451,0.0220230498306954
0.115283822490832,1.01449885892793,2074.46223111556,0.00594059674966319
0.161896824137091,1.017423759841,2061.70585292646,0.00708595194529367
0.198430652888399,1.01158236655188,2055.85292646323,0.0317529146532964
0.143722983734531,1.00288309926358,2065.60780390195,0.00665852554492129
0.121780693864639,1.01158236655188,2072.06103051526,0.00164711922190658
0.180169618995418,1.00288309926358,2058.40420210105,0.00276594126672343
0.190378387182419,1.13178371549186,2057.50375187594,0.0334197084041948
0.19289482634912,1.01449885892793,2056.60330165083,0.0216816152776478
0.198279615614167,1.00867425853989,2055.85292646323,0.0020176246307028
0.0742180579575327,1.017423759841,2099.07453726863,0.00107182770117467
0.164854971703822,1.84105289600553,2064.70735367684,0.0225939344286624
0.160883639619289,2.37188579111585,2067.10855427714,0.0214512761167444
0.139228069976042,1.01158236655188,2066.8084042021,0.00978381188682627
0.193557898784806,2.27163778979815,2060.65532766383,0.0438939542687327
0.167155625384165,1.00867425853989,2060.65532766383,0.00701367973412397
0.14799456594187,1.2267955530143,2065.90795397699,0.0143149831962122
0.178859322242006,1.017423759841,2058.70435217609,0.00169074928086373
0.199284209692201,1.18855355314224,2056.45322661331,0.0399403706784851
0.177999032714513,5.46618619625777,2068.30915457729,0.0346248759300308
0.131052604648988,4.94223601165526,2081.2156078039,0.0104664618168369
0.155728131461723,1.01158236655188,2062.90645322661,0.00534557653797887
0.197909156787603,1.65026765861521,2058.40420210105,0.0436075591646887
0.135479573353375,1.43727338940046,2070.41020510255,0.0108042863553514
0.171622062321472,1.017423759841,2059.90495247624,0.00337682288861978
0.158131122359119,1.017423759841,2062.45622811406,0.00713984896842703
0.178391876919743,1.00577451078852,2058.70435217609,0.0063621565341497
0.193221091658439,1.16149208345279,2057.2036018009,0.0356432616453072
0.179423827188618,2.50524216415549,2063.65682841421,0.0327796702637649
0.169432960326215,1.00288309926358,2060.20510255128,0.021287413817131
0.198839967793384,8.17952684419346,2066.35817908954,0.0582558352669036
0.194041114563115,1.66458250694606,2059.00450225113,0.0406268328825636
0.165444125693631,1.30701047960937,2062.45622811406,0.0215696423935913
0.108785110428447,1.00288309926358,2077.01350675338,0.00145688965803127
0.18751862392829,1.01158236655188,2057.35367683842,0.00708254705699717
0.183926270934901,6.27623830106248,2067.85892946473,0.0401285023695335
0.168734706808224,1.00577451078852,2060.35517758879,0.0119723851594447
0.134201720359683,1.00867425853989,2068.15907953977,0.00693235231414766
0.10948221580158,1.00288309926358,2076.71335667834,0.00437654923391714
0.198503296152024,1.01449885892793,2055.85292646323,0.0260454435964461
0.16222102814222,1.00288309926358,2061.55577788894,0.00348714753068032
0.151587025346964,1.01158236655188,2063.80690345173,0.0053760445088473
0.198009212587702,1.01158236655188,2055.85292646323,0.0361559733131372
0.127570361181798,1.00577451078852,2070.11005502751,0.00524867523474896
0.179561836525497,1.01158236655188,2058.55427713857,0.00293409360017348
0.186462855628675,1.01158236655188,2057.50375187594,0.022938802574149
0.15696464319162,1.80952418124502,2066.35817908954,0.0187343539214725
0.184782046581189,2.39246014169509,2062.30615307654,0.0372824277651197
0.158425769113152,1.00288309926358,2062.30615307654,0.0166108130584441
0.163025778575604,1.08394875824941,2061.85592796398,0.0194049705248947
0.16940595350902,1.00288309926358,2060.20510255128,0.0143694027785333
0.0994261613197688,1.01158236655188,2081.51575787894,0.00166193468448529
0.198418222083423,1.01158236655188,2055.85292646323,0.0293876747418496
0.0846176382735177,1.63607591315362,2096.22311155578,0.00265324190571851
0.0987582100655477,1.00867425853989,2081.81590795398,0.00382776569255527
0.119482919861089,1.00288309926358,2072.81140570285,0.0047667303264059
0.183865445251355,1.92784124639408,2061.40570285143,0.0344205762701473
0.18535945587508,1.00867425853989,2057.65382691346,0.0236527284564826
0.129573435218039,1.93339940407185,2074.46223111556,0.00966375815707847
0.199921157572298,3.32185250376586,2061.55577788894,0.0544556296583798
0.198536675935228,1.01449885892793,2055.85292646323,0.0241148986102733
0.180229291668848,1.00288309926358,2058.40420210105,0.0076600344745585
0.183420879649355,1.79396288338358,2061.10555277639,0.0334781441732877
0.192394881264231,1.11882507338448,2057.05352676338,0.0348440485972357
0.176943921558971,8.15601225127809,2070.71035517759,0.0351174613371618
0.170842688100354,2.60827926283097,2065.45772886443,0.0276248744579922
0.187717492575592,1.58051892322707,2059.6048024012,0.0359392571598478
0.159535940171151,1.01449885892793,2062.15607803902,0.0159143191990037
0.177430620320545,1.6984685687346,2061.70585292646,0.0297267085696231
0.131567058519695,1.00577451078852,2068.90945472736,0.00458052608081099
0.188264743256847,1.00577451078852,2057.2036018009,0.00341716706295026
0.196875946892931,1.00288309926358,2056.00300150075,0.0178281784601787
0.129532546368858,1.00577451078852,2069.50975487744,0.00129551021513163
0.194904245328449,4.0518365057735,2063.35667833917,0.050610627365202
0.165750117699545,1.01449885892793,2060.95547773887,0.0111658811693394
0.178628597030724,1.01158236655188,2058.70435217609,0.0132392042999553
0.149562598823697,1.00867425853989,2064.25712856428,0.0123729426320223
0.166114894452582,1.00288309926358,2060.80540270135,0.00547784641602473
0.185693013153403,1.55793070570556,2059.90495247624,0.0341083853487746
0.180434795800595,1.00867425853989,2058.40420210105,0.0173515068226893
0.165100865961904,7.56780167843215,2073.26163081541,0.0257030853322638
0.17936474325868,1.00577451078852,2058.55427713857,0.0242193722688648
0.190528436197921,1.00867425853989,2056.90345172586,0.0183478085577115
0.145314339594419,1.017423759841,2065.30765382691,0.00576867074718993
0.183009635764028,1.59882507273807,2060.50525262631,0.0324436482187364
0.13529655874804,1.00867425853989,2067.85892946473,0.00648251801281877
0.17657464948484,1.00577451078852,2059.00450225113,0.0090661334860183
0.18311197610668,1.00288309926358,2057.95397698849,0.0218005638117912
0.176051359769507,1.017423759841,2059.15457728864,0.0056110653118859
0.171536829171625,1.01449885892793,2059.90495247624,0.0187371737880521
0.176653345274718,1.00867425853989,2059.00450225113,0.00249012043795338
0.189202446555831,1.00288309926358,2057.05352676338,0.0138873226729941
0.107998476959932,1.01449885892793,2077.46373186593,0.00355002672882918
0.184987790574002,9.25745528268664,2069.65982991496,0.0427954703823307
0.198225804674527,1.00577451078852,2055.85292646323,0.0281037697442271
0.199164293667399,1.00288309926358,2055.70285142571,0.0285750654918831
0.195259683863536,4.98510624458552,2064.4072036018,0.0519502685714738
0.194875426914953,1.00867425853989,2056.30315157579,0.00644979428769008
0.187517574605447,1.01158236655188,2057.35367683842,0.0225615449779375
0.124477263402586,4.08698318318596,2082.41620810405,0.00867472555312477
0.157079676120195,1.0808326105459,2063.05652826413,0.0170491445937396
0.145664549861585,1.40454896553258,2067.40870435218,0.0138513694204475
0.186488801592922,1.01158236655188,2057.50375187594,0.0131547124393568
0.15851594049829,1.00577451078852,2062.30615307654,0.0149139759739359
0.193919883897654,1.01158236655188,2056.45322661331,0.0124943241711045
0.184064007961128,1.93897358646993,2061.40570285143,0.0345927973786334
0.194237266246826,1.00288309926358,2056.30315157579,0.0339513733016481
0.187941257353547,1.42902148939294,2059.00450225113,0.0351250383169268
0.160988693959602,1.01449885892793,2061.85592796398,0.014688167711019
0.185998347747393,1.92229906736858,2060.95547773887,0.0363357993649981
0.165031264094234,1.017423759841,2061.10555277639,0.0061087355457188
0.177901208655868,1.017423759841,2058.85442721361,0.00989815941147022
0.192736811439422,1.01158236655188,2056.60330165083,0.00516006903367756
0.153504114525364,1.00577451078852,2063.35667833917,0.0068407283101136
0.158178334968455,3.55949057200184,2070.41020510255,0.0206022973299334
0.199353946299652,1.36468921205103,2057.2036018009,0.0420058849142692
0.173866543169169,158.690210978165,2088.56928464232,0.0336782912988137
0.195683461354585,1.31834782642385,2057.50375187594,0.0390560353675328
0.149345242295375,1.00288309926358,2064.25712856428,0.0053974284699228
0.106965642824667,1.01449885892793,2077.91395697849,0.00117001323198813
0.170397425547863,1.00577451078852,2060.05502751376,0.0107034224518566
0.175420193759754,1.90576794350953,2062.75637818909,0.0290275949663327
0.192628340006217,9.77794436555052,2068.45922961481,0.0508158808279217
0.160254642064288,1.03813555048354,2062.15607803902,0.0180497826762313
0.171612401482803,1.00867425853989,2059.75487743872,0.0229012553929331
0.182354967008754,1.16819913201946,2058.85442721361,0.0293287981006736
0.198591298688423,5.41917883794353,2064.25712856428,0.0565019307698708
0.108998672763738,2.0598161414781,2083.46673336668,0.00553877313077838
0.16971179826462,1.01158236655188,2060.20510255128,0.00917636147436442
0.135978619874366,1.01449885892793,2067.70885442721,0.00970864920135841
0.175180848383318,1.57144459943409,2061.70585292646,0.027703058050217
0.185249429534979,1.00577451078852,2057.65382691346,0.0280757411987551
0.188552393748603,1.01158236655188,2057.2036018009,0.0116783891568768
0.190556557099244,8.76467231833321,2068.15907953977,0.0492908966854566
0.19277997363952,1.01158236655188,2056.60330165083,0.0182770349081691
0.177859968428177,1.017423759841,2058.85442721361,0.0147869238151904
0.14607377945395,1.08707389011608,2065.45772886443,0.013538048874601
0.0764948266477141,1.00288309926358,2096.82341170585,0.00166763408778589
0.190441338992018,1.09020803204812,2057.2036018009,0.0333190256428251
0.124383684392725,1.56692699337341,2074.61230615308,0.00829570596364097
0.190893075885304,1.38447564841702,2058.40420210105,0.0366797842727496
0.199368048223314,1.00577451078852,2055.70285142571,0.0079468743172579
0.155200293076471,1.7230944249062,2066.35817908954,0.0180666212569274
0.171230507163968,1.00577451078852,2059.90495247624,0.00875152698167771
0.149078967430402,1.01449885892793,2064.4072036018,0.00706136597397715
0.179683304503627,4.58580257506987,2066.95847923962,0.0356235952505769
0.184170270638894,1.4963864293158,2059.90495247624,0.0328352765520367
0.196956586371591,6.53437118513655,2065.45772886443,0.0557920730694133
0.190296618889737,1.00288309926358,2056.90345172586,0.0303077323644501
0.0892412961106142,1.0232988843187,2087.51875937969,0.00117977235867188
0.186229016142117,2.60827926283097,2062.60630315158,0.0386086846399228
0.117576429350895,1.01158236655188,2073.56178089045,0.00289975094807059
0.192555674525302,16.5121814020749,2071.16058029014,0.0522372230851806
0.191883310126122,1.27725193454067,2057.95397698849,0.0357605210045609
0.150683223838961,6.24020417473294,2076.11305652826,0.0176649050367372
0.188337374572063,2.45526020256225,2061.85592796398,0.0403413251694041
0.180481742362094,9.31091255809072,2070.71035517759,0.0381400724330924
0.164753264668885,1.90028922105573,2064.85742871436,0.0228684812779766
0.109253677451125,1.00867425853989,2076.86343171586,0.00447096089713034
0.18425427651715,1.00577451078852,2057.80390195098,0.00306429751202471
0.194059251270354,14.7585013912184,2070.26013006503,0.0540008412772087
0.163319400203073,1.01449885892793,2061.40570285143,0.0155199934125665
0.176722903785623,1.00867425853989,2059.00450225113,0.0209196566511156
0.143643176055618,1.00288309926358,2065.60780390195,0.00877352472344475
0.180271903418096,1.00577451078852,2058.40420210105,0.00115584883911647
0.154858474594449,2.79486986091936,2069.65982991496,0.0187388356804632
0.175035639142704,1.01449885892793,2059.30465232616,0.0222247413914209
0.18276145608434,3.25557838997471,2064.4072036018,0.0371530136721033
0.121158274414368,1.00288309926358,2072.21110555278,0.00600554748603874
0.193501236428292,1.00288309926358,2056.45322661331,0.00941861738194475
0.185794259231736,50.6029742786953,2078.66433216608,0.0452933104252827
0.185539512901394,1.93897358646993,2061.10555277639,0.0359503916487343
0.195775940632014,1.4455729400936,2057.95397698849,0.0405222031004752
0.112916938838571,1.01158236655188,2075.36268134067,0.00367580339178963
0.172314181109429,1.01158236655188,2059.75487743872,0.0171684208362655
0.192734123220847,2.07171057200942,2060.35517758879,0.0419138149716494
0.166720033758261,5.01389279437678,2070.41020510255,0.026025686947251
0.159707515239406,1.19198027101602,2063.05652826413,0.0186157699230843
0.170736901218732,1.017423759841,2060.05502751376,0.021130964642666
0.174232272371962,1.29204553462562,2060.80540270135,0.0256792074515436
0.198009268056122,1.00288309926358,2055.85292646323,0.0201725894158346
0.130169632377002,1.01158236655188,2069.35967983992,0.00165106005371764
0.190596190891591,1.01158236655188,2056.90345172586,0.0144272191255212
0.149717469769077,1.01449885892793,2064.25712856428,0.013088443737768
0.147779545020857,1.01449885892793,2064.70735367684,0.00951454214061806
0.177434685563027,1.00288309926358,2058.85442721361,0.00351685263221305
0.168894128476945,1.01158236655188,2060.35517758879,0.0104311319807311
0.126650879801945,1.00577451078852,2070.41020510255,0.00812817855296365
0.158849222392275,1.75817161928149,2065.75787893947,0.0194697246655052
0.175573000502375,1.00288309926358,2059.15457728864,0.00107768404710567
0.153025496704922,1.01449885892793,2063.50675337669,0.0124798851761357
0.196673281307204,4.26734287669584,2063.35667833917,0.0526994422273883
0.19420550238363,1.95017021036364,2059.75487743872,0.0429134814894475
0.183717106269265,2.88479547897935,2063.65682841421,0.0367819694529274
0.165789778626627,1.017423759841,2060.95547773887,0.00475780891678269
0.182935904624535,1.0808326105459,2058.40420210105,0.0286298196875392
0.143644304889387,1.00288309926358,2065.60780390195,0.00481139388595823
0.106166380869161,1.00867425853989,2078.21410705353,0.00146304670092723
0.196163218325571,1.01158236655188,2056.15307653827,0.0240163250377846
0.194744083439554,3.41887695499837,2062.60630315158,0.0484057765723667
0.195796497484457,1.00288309926358,2056.15307653827,0.0102969071178227
0.180516561314663,1.01158236655188,2058.40420210105,0.0183604595208734
