0.153648978701951,4.73335188912938,2057.2036018009,0.133806119475064
0.0652579946503739,2.81100886708374,2085.56778389195,0.0145538415727509
0.171154594697848,2.63090415150101,2050.75037518759,0.109155438071025
0.154520206048888,6.76406156642458,2059.30465232616,0.160185807057517
0.195733760090074,8.71435120329488,2054.50225112556,0.350256718096759
0.177478927613643,8.99473757437633,2057.2036018009,0.269685226793344
0.133496489979927,6.1865405227709,2063.35667833917,0.100589050457039
0.191519474837994,11.4225861207707,2056.45322661331,0.379548133376589
0.108099215823856,1.20231981606127,2054.95247623812,0.0284918409906051
0.161901643941039,7.67752616736229,2058.85442721361,0.19131717025648
0.182030062402568,3.78132852701561,2051.65082541271,0.165312396567671
0.127569722330551,5.2653877364201,2063.50675337669,0.0851981851766522
0.139747330248386,8.58980877761041,2064.25712856428,0.125703559185718
0.199921462152443,6.33068001474387,2052.4012006003,0.295579009519095
0.151293511026324,2.0657547958787,2051.80090045023,0.0741069324055414
0.0891904167826264,1.1715671660767,2060.05502751376,0.0202038454347802
0.174572697937914,3.86942926293753,2052.70135067534,0.156888443779625
0.135390855987385,14.7585013912184,2069.35967983992,0.125666046900554
0.140553021990837,3.81412874828321,2058.10405202601,0.0966262915411569
0.171848974327406,14.9724828208773,2061.10555277639,0.287984560027417
0.101690038906029,2.44116367657533,2064.25712856428,0.0370990798016756
0.163557511619066,13.0025492407616,2061.85592796398,0.232553725651839
0.132502710427216,1.29950646550457,2051.05052526263,0.0404664289621914
0.189665243465278,5.31106107095859,2052.55127563782,0.234663176830296
0.131640891538952,1.1715671660767,2050.30015007504,0.0361932250572394
0.179011182790275,8.10918567113405,2056.30315157579,0.265575838382195
0.104142335800978,2.76286929599819,2064.70735367684,0.0409941357553802
0.155243655789975,3.40904833026788,2054.65232616308,0.113884924189948
0.176744353442804,13.4209094274668,2059.6048024012,0.308600168590895
0.147880631823758,15.4097981223956,2066.35817908954,0.170265519535
0.180019618531048,6.88191695070772,2055.25262631316,0.247275385650233
0.167356041803364,2.33798763817471,2050.45022511256,0.0946716216445597
0.0928718363153683,1.05318733137807,2057.50375187594,0.0202562929369728
0.105845438109072,1.09966477838038,2054.65232616308,0.0256312095925704
0.183660962310139,15.9514695864158,2059.45472736368,0.371369361215089
0.13324857384862,14.5895202202118,2069.95997999,0.11832713425471
0.182661357000767,5.29579277470977,2053.45172586293,0.216319021899675
0.175719170865357,3.35066711121492,2051.65082541271,0.141250991543834
0.165577875375009,6.53437118513655,2057.2036018009,0.191118295719205
0.0482092055247505,1.00288309926358,2081.81590795398,0.00235041817410259
0.183878876422671,7.12382395041967,2054.95247623812,0.265489149718064
0.163264904147996,3.9368492691367,2054.35217608804,0.139543494913788
0.183272321321601,3.62151028088471,2051.20060030015,0.160797865429011
0.195995346507071,5.38806539618403,2051.95097548774,0.251578280277836
0.151569701889237,3.86942926293753,2056.15307653827,0.116625349172024
0.1386392227434,1.70827639380871,2052.25112556278,0.0554021307322688
0.186802311309631,4.55947384416678,2052.10105052526,0.201681284430954
0.189902375784786,6.44098426295101,2053.60180090045,0.26934554355551
0.130103792303636,6.76406156642458,2064.85742871436,0.0962884730605638
0.166239997875903,2.16937226517279,2050.15007503752,0.0873243248818623
0.158516803473724,8.10918567113405,2059.75487743872,0.184405233387021
0.194621961198263,3.84721348715026,2050.30015007504,0.183312094117203
0.17539468278052,14.716073490575,2060.35517758879,0.309209109784979
0.172698049136509,2.63090415150101,2050.60030015007,0.110357962660995
0.119639967137978,1.32978351631576,2053.60180090045,0.0359307324422338
0.182300902578164,5.90803229623124,2054.05202601301,0.232879756735149
0.176486859289192,5.79016143825715,2054.8024012006,0.212176580230912
0.0969544232510159,3.04698957090351,2068.30915457729,0.0357719201389656
0.157087147138249,7.08292353206951,2059.15457728864,0.170849725457503
0.189221851269544,9.58286508470002,2055.85292646323,0.336158521127335
0.161540522033608,4.27964604980107,2055.10255127564,0.144040144664478
0.191906313459576,4.13432012050498,2051.05052526263,0.192811282037829
0.174163444613177,2.7391095515787,2050.60030015007,0.115760793274012
0.154516084509785,7.41681684421187,2059.90495247624,0.166056822569882
0.187404368647661,4.81582467568853,2052.4012006003,0.211353990890198
0.167572221998187,2.76286929599819,2051.50075037519,0.111046955633539
0.178422482284166,5.46618619625777,2054.20210105053,0.209519343802895
0.160970345012958,3.6952337044061,2054.35217608804,0.129273187686987
0.142333442834179,1.47076025583445,2050.60030015007,0.0497164166316147
0.171787233553537,2.39935784176774,2050.15007503752,0.0998733980147239
0.16802302378027,11.3570049730287,2060.05502751376,0.249486827339583
0.192784961963587,9.36467852310833,2055.25262631316,0.350405775081699
0.182286809468653,11.6551167748285,2057.95397698849,0.325280113823382
0.178772975790658,5.29579277470977,2053.90195097549,0.207483579324828
0.144623790964116,4.92802801770652,2059.15457728864,0.116594775620974
0.174115717143746,10.5076446271293,2058.55427713857,0.272833544369878
0.136348719504389,1.61269369477906,2052.25112556278,0.0513606794958381
0.178474276642301,3.42873391662958,2051.50075037519,0.147346054974287
0.186795904955723,6.94161247758823,2054.35217608804,0.273017989669439
0.148394600732649,12.7798757548119,2064.85742871436,0.168681054893872
0.16311433943187,4.48139116082693,2055.25262631316,0.150375102251984
0.145498806589709,8.34603823722249,2062.60630315158,0.142997452101282
0.182148496991677,3.27437776251048,2050.75037518759,0.145208035959881
0.169727429949354,2.79486986091936,2051.35067533767,0.114235160903923
0.137317222650549,2.14453349218355,2054.35217608804,0.0652839456320456
0.171834706209326,6.2943333190863,2056.00300150075,0.206961884155323
0.15975851309789,14.505756572389,2063.20660330165,0.222508002853942
0.183238561257256,8.94309557251015,2056.30315157579,0.296144582378707
0.157440451945452,2.04210241714683,2050.90045022511,0.0772398189785408
0.19963213973007,6.44098426295101,2052.4012006003,0.300218497284812
0.129228109772843,1.16149208345279,2050.60030015007,0.0352287321344431
0.199833828874234,9.2308418493486,2054.35217608804,0.380751227738
0.160835599974443,3.17230798106454,2053.30165082541,0.1164233560632
0.129642310054048,2.35148837301477,2056.45322661331,0.0623637090387347
0.179988453463463,4.77441020717598,2053.15157578789,0.195534490643627
0.170114068929522,7.06256146630704,2056.90345172586,0.214504851749317
0.162309834813643,5.2653877364201,2056.30315157579,0.163976223096603
0.167933879371153,2.84356700216288,2051.65082541271,0.11423352124157
0.182413447002047,5.773515819051,2053.90195097549,0.229761483987584
0.173086440491183,5.32637338722108,2054.8024012006,0.192326434560512
0.115559336302716,5.08658851868221,2066.65832916458,0.0643733451434803
0.109287875983991,3.43861929685961,2065.15757878939,0.0495100257527513
0.189862401733391,15.8598865007128,2058.40420210105,0.420411113489128
0.189530735250652,7.2688443008963,2054.35217608804,0.289042638807936
0.141859070039623,4.30435891208667,2058.70435217609,0.104886640338503
0.146207563235476,7.06256146630704,2061.25562781391,0.13861401194707
0.143619581911436,1.70336542221432,2051.50075037519,0.0579492923445334
0.195980031833091,7.65545473146367,2053.75187593797,0.32574305116482
0.154670280101258,4.49431145638251,2056.60330165083,0.133174412008509
0.15478283008655,4.80198009042612,2057.05352676338,0.137767909767384
0.196977598252011,4.63891702142887,2051.05052526263,0.222362338492678
0.166390997386396,8.370100693918,2058.55427713857,0.216022833159493
0.136294581216685,1.86774606222357,2053.45172586293,0.0579273908605974
0.19899849092392,6.57210398204128,2052.70135067534,0.301024276728672
0.177172778276634,9.5553161597167,2057.65382691346,0.273642458012151
0.191805114186206,5.67464221589759,2052.70135067534,0.251223276178392
0.177488425437577,3.94819959636536,2052.4012006003,0.164525421069086
0.170851775349076,12.2045460501459,2060.05502751376,0.267450869667071
0.178534782726484,4.25507507288674,2052.70135067534,0.17643165147539
0.162530052079637,2.10174801133249,2050.45022511256,0.0824645549094856
0.184133734351154,7.08292353206951,2054.95247623812,0.263671956134151
0.198574566675171,17.5918424880948,2057.65382691346,0.512336579199073
0.186677889416918,3.77045792255574,2051.05052526263,0.170993790379815
0.175971645237515,11.8241026687353,2059.00450225113,0.292123673701483
0.171743440967473,3.16318819550752,2051.80090045023,0.12980587298289
0.179348573830614,2.82724106811333,2050.30015007504,0.123530382131492
0.134196448916637,7.78884153617836,2064.85742871436,0.109242929453251
0.158633926954589,2.92662172166501,2053.15157578789,0.106350844607273
0.172784935783208,4.67915618701786,2054.05202601301,0.176430595334288
0.164462920943314,7.24794774808137,2057.95397698849,0.197468365122418
0.1577373793515,5.72386552959968,2057.65382691346,0.158122071243749
0.097785341267403,3.75961856902805,2070.26013006503,0.0384094836962466
0.160537387869231,4.81582467568853,2056.15307653827,0.150589895559662
0.186054793409592,4.98510624458552,2052.70135067534,0.214789894249085
0.198613093223339,4.17018228211692,2050.30015007504,0.203065942301821
0.126939343093534,6.45955425993623,2065.30765382691,0.0888851249135764
0.105360944839785,1.45811221351425,2057.65382691346,0.031202343703653
0.161942325641362,4.65229147967714,2055.70285142571,0.150942690762558
0.149295800098092,2.55624161321588,2053.60180090045,0.0864623594309943
0.192897522224692,10.5379392096157,2055.85292646323,0.372313699690414
0.179456907977523,7.2688443008963,2055.70285142571,0.251197788064205
0.177129752520199,11.4885459675579,2058.70435217609,0.293731710285681
0.176839623577637,8.22675961020021,2056.75337668834,0.25728416586526
0.183728714989526,4.41734470314007,2052.25112556278,0.191223866823564
0.176669609132625,3.23688695135292,2051.35067533767,0.137658066567068
0.142450645544763,7.41681684421187,2062.45622811406,0.12972415971449
0.173923281144851,8.32204495553973,2057.35367683842,0.244415550860507
0.071052581678522,1.00288309926358,2065.15757878939,0.00135069162282151
0.105020623029687,2.16313573014221,2061.85592796398,0.0381329087542384
0.187122719025209,6.15102138343189,2053.75187593797,0.251855541707625
0.16700691904337,5.05738459676651,2055.40270135068,0.170997144112917
0.177975861515123,3.9368492691367,2052.4012006003,0.164528798662015
0.156849306585894,7.2688443008963,2059.45472736368,0.170040188739135
0.172461380980949,4.15819379664401,2053.45172586293,0.161470859679225
0.133482145318606,15.6332226114801,2070.41020510255,0.119872859396156
0.191911261270781,6.36723659478765,2053.30165082541,0.274005315317396
0.183130118326012,10.4473164853735,2057.2036018009,0.316441872747943
0.160281032077249,6.04568285725226,2057.65382691346,0.167894286719024
0.173121743006426,2.67674439360146,2050.60030015007,0.112621893444988
0.199399871362835,4.94223601165526,2051.20060030015,0.239150182209241
0.188732935865086,15.189566737098,2058.40420210105,0.402341971196921
0.147989498160912,6.59105201019205,2060.50525262631,0.138960771487548
0.155216711204425,2.63090415150101,2052.85142571286,0.0946230900800002
0.180002307070206,3.04698957090351,2050.60030015007,0.133721680956916
0.0990905670776378,1.00288309926358,2055.25262631316,0.00958361990555824
0.132118024791097,8.1325652583707,2065.75787893947,0.105009115388198
0.196631982705147,12.345903576098,2056.15307653827,0.427159405324664
0.197439664556565,10.1216499350543,2055.10255127564,0.388698081706556
0.13974712250572,3.49853297367273,2057.65382691346,0.0911189069112582
0.173760161047091,16.2294041616006,2061.25562781391,0.304722943212334
0.165556521760613,4.24284253669373,2054.50225112556,0.150958567139548
0.171913762264649,13.2291025360534,2060.35517758879,0.279133754581663
0.172565521817538,5.46618619625777,2054.95247623812,0.194941334872036
0.119025369679198,13.3823268507784,2073.86193096548,0.0826233490250763
0.115446287177719,2.2456281019818,2059.30465232616,0.0476372448440413
0.181402780743826,11.3897483457029,2057.95397698849,0.31763967156516
0.170615604941085,5.29579277470977,2055.10255127564,0.185475865157115
0.197718272855173,14.0131778568844,2056.75337668834,0.454597470206736
0.188947486148663,5.05738459676651,2052.4012006003,0.224133596225612
0.145029180500439,6.36723659478765,2060.80540270135,0.130249527779093
0.190456771569171,15.8142923261533,2058.40420210105,0.419067334806581
0.159260833749019,3.58004488871148,2054.35217608804,0.124246717168422
0.0679220073247821,1.00288309926358,2066.8084042021,0.0110129800279965
0.103982839216455,1.00288309926358,2054.05202601301,0.0159806062258773
0.184038690021777,3.48847535295163,2050.90045022511,0.155975156334644
0.180883561168218,5.82359678794962,2054.20210105053,0.22583195384803
0.187820620832218,6.62911211113257,2054.05202601301,0.267272773828039
0.188397916973256,10.8145512259435,2056.60330165083,0.35152209075001
0.176695391187933,4.58580257506987,2053.45172586293,0.182021476892009
0.198304215612567,7.14436264200497,2053.15157578789,0.318808522293325
0.19033487928024,7.41681684421187,2054.35217608804,0.296160778234487
0.195014985478937,8.32204495553973,2054.35217608804,0.338103843514231
0.186184787817635,4.02857346483847,2051.50075037519,0.180696989863137
0.112136111309732,2.66904925964653,2061.85592796398,0.0481882700110583
0.167498233062168,7.31081832073186,2057.50375187594,0.209097070540288
0.128070128891879,9.418754960271,2068.00900450225,0.0986376958492353
0.199786720246761,16.8968968064112,2057.35367683842,0.510926824768617
0.155581300006506,8.01633751167032,2060.20510255128,0.174108722621503
0.192632634128567,16.9456122371505,2058.40420210105,0.448709930466116
0.150669726799067,3.56975293664868,2055.70285142571,0.110255520098171
0.147529004059918,11.1625120439526,2064.25712856428,0.158748131610152
0.135930601791892,4.74699861247518,2060.65532766383,0.0978746383785018
0.199815483937869,14.5475781084805,2056.60330165083,0.481415406788608
0.184703806093544,5.13071090257931,2053.00150075038,0.216406589620752
0.191036685391249,4.21848286189654,2051.20060030015,0.195386781281942
0.174669548038909,5.46618619625777,2054.65232616308,0.200495824685796
0.171072351375083,7.92455244054436,2057.50375187594,0.228524924558509
0.195470712747821,9.04667778353943,2054.65232616308,0.359239803133486
0.185859522004483,3.86942926293753,2051.35067533767,0.173557727802831
0.147644960327165,2.39246014169509,2053.45172586293,0.0803708428498062
0.178035505316532,14.8010516157109,2059.90495247624,0.327727550341951
0.172655157043628,7.54604567969013,2056.90345172586,0.230348998218286
0.185406976617442,4.74699861247518,2052.55127563782,0.204853388535693
0.186386603446347,4.94223601165526,2052.55127563782,0.214631481219273
0.175179301550072,13.2291025360534,2059.75487743872,0.299070446007561
0.16711635110706,3.82512526006857,2053.60180090045,0.143473474923032
0.191583999596025,5.14550325140415,2052.25112556278,0.232223794473119
0.141530882436763,1.57597523020146,2051.20060030015,0.0528274233178509
0.189045195576987,16.5121814020749,2058.85442721361,0.413245664697463
0.190935870511222,15.3654978668113,2058.10405202601,0.422594291813231
0.194770612762013,6.64822449937834,2053.15157578789,0.292021719695068
0.155203980152665,12.6335493553273,2063.35667833917,0.193509773987873
0.152754088401343,5.20510035615579,2057.95397698849,0.138298409744848
0.160328343894886,6.55321042588835,2058.10405202601,0.175036600895727
0.179522048168985,9.28414544519475,2057.05352676338,0.283686982666067
0.175338938492645,14.5475781084805,2060.35517758879,0.305643603810488
0.132098010393837,3.06458444505318,2058.10405202601,0.0752394987415853
0.196172370437413,7.18561784115829,2053.45172586293,0.31163490526943
0.177948789082099,8.68929909148323,2056.90345172586,0.268766319297893
0.194775018331212,16.7998856852757,2057.95397698849,0.470788162269889
0.148696293221131,2.66137624774655,2054.05202601301,0.0880364910936865
0.184589723998552,5.02834834499989,2052.85142571286,0.213673394439856
0.185489200056102,3.32185250376586,2050.45022511256,0.150425645437037
0.168937465993565,10.2980071327174,2059.30465232616,0.246024864537537
0.155708490464539,4.45566189315493,2056.30315157579,0.13533839662962
0.153453315589191,1.70827639380871,2050.15007503752,0.0627705873020421
0.153179376769373,15.1023580078497,2064.85742871436,0.194473525074611
0.137348880155226,3.23688695135292,2057.50375187594,0.0842485125786834
0.154875605636697,3.84721348715026,2055.55277638819,0.122186771477166
0.162841931703582,8.56511470172144,2059.30465232616,0.204234218838111
0.139956383271853,5.70741049859425,2061.10555277639,0.11355649806146
0.181922991404018,5.60966897361054,2053.90195097549,0.222536741081389
0.163174299733602,5.94214829246472,2057.05352676338,0.174865093009553
0.172173658988216,6.80312071291408,2056.30315157579,0.218753673186534
0.176495199794719,9.5553161597167,2057.65382691346,0.273495853475772
0.127531699085207,4.71974439753259,2062.60630315158,0.0824115907402857
0.171118018061953,8.25047817477399,2057.65382691346,0.234536834642489
0.193137715959109,6.22226476776323,2053.00150075038,0.273225561669393
0.162629873970554,13.8527304550101,2062.30615307654,0.235074323087156
0.0939691672822959,1.00288309926358,2056.60330165083,0.00465286265629003
0.168483556627132,6.862132740856,2057.05352676338,0.204981962349681
0.187294082078461,10.5076446271293,2056.60330165083,0.34072615561978
0.143643580756464,1.98987000774274,2052.70135067534,0.0663027016601374
0.195502321056878,6.51558610363938,2053.00150075038,0.288999877361008
0.184909752800952,6.96162583541039,2054.65232616308,0.265915357035787
0.19608936713938,9.44591016576076,2054.8024012006,0.37093643926959
0.120147901670439,1.79913505645155,2056.15307653827,0.0454331019641663
0.153978972243412,9.66598933399762,2061.85592796398,0.176622684135656
0.064944262550637,1.00288309926358,2068.45922961481,0.0103943128042281
0.193513553802609,8.41843393067599,2054.65232616308,0.331976695471254
0.126890858998791,2.4062754285944,2057.35367683842,0.0600396295544361
0.167856689838927,3.55949057200184,2053.15157578789,0.13656353440038
0.190455998311443,13.0025492407616,2057.35367683842,0.390715593399509
0.123387895164703,5.17521601544173,2064.55727863932,0.0768422436909394
0.196694545368458,12.0648070327153,2056.00300150075,0.424231617316252
0.167595763127097,2.48369792620856,2050.90045022511,0.100456347313777
0.193374959424728,4.7881753057283,2051.65082541271,0.22218600986936
0.174445507835923,3.4784466459882,2052.10105052526,0.143707368730277
0.156323586754994,9.86276078296599,2061.40570285143,0.188481604402044
0.152153631367998,4.7881753057283,2057.50375187594,0.131784325079684
0.0546677164055911,1.00288309926358,2075.66283141571,0.00370406070496966
0.155623408719469,5.6910027726913,2057.95397698849,0.152482117253469
0.0665550962222286,1.00288309926358,2067.55877938969,0.00697620296771173
0.168026341429755,14.4640552653053,2061.55577788894,0.265367912122677
0.18792309224782,11.4885459675579,2057.05352676338,0.356024750565663
0.160101716152057,3.6952337044061,2054.50225112556,0.127734134887907
0.132838056704403,3.43861929685961,2058.85442721361,0.0806085203436727
0.187573499502282,10.1508316565282,2056.45322661331,0.334493175244431
0.15473596397448,2.54156531687388,2052.70135067534,0.0914358790234077
0.104915730928044,1.79396288338358,2060.05502751376,0.0346189251256707
0.130605942566609,1.33361741419236,2051.65082541271,0.0407782335259092
0.178106106521947,16.751589190816,2060.65532766383,0.33676282100302
0.0848113055098634,6.09812467340626,2082.26613306653,0.0292119828221876
0.15622041555622,8.6145740489714,2060.65532766383,0.178657310359054
0.134975082005738,4.69264665877481,2060.80540270135,0.0954768429032753
0.191227729895502,6.8227347852315,2053.75187593797,0.284195109121485
0.116549351403237,4.8997344482741,2066.05802901451,0.0650273784781799
0.126667271358115,1.80952418124502,2054.95247623812,0.0500013121601411
0.150832066988433,10.845730650619,2063.20660330165,0.171522684652944
0.163326376675171,3.55949057200184,2053.75187593797,0.130027744685826
0.178243220593157,7.52435222533039,2056.00300150075,0.252694220448819
0.123659318034308,1.85168407581574,2055.70285142571,0.0487977956395888
0.167984131797913,12.2045460501459,2060.50525262631,0.25445130786875
0.192296201371099,6.88191695070772,2053.75187593797,0.288169611033788
0.185675970127192,10.6293480187976,2056.90345172586,0.333441559821546
0.190071960719152,10.4473164853735,2056.15307653827,0.356938849052185
0.157478338946405,3.94819959636536,2055.25262631316,0.129362732539588
0.188129847857453,9.39167782086193,2055.85292646323,0.328178409687748
0.186968201664146,4.57261925984919,2052.10105052526,0.202645047187851
0.187263203702772,8.78994173863968,2055.70285142571,0.311092702963224
0.137634449814917,3.73803325566538,2058.55427713857,0.0908355104345637
0.162846478089389,7.52435222533039,2058.55427713857,0.193418165600605
0.15097975728855,1.83576021707557,2051.05052526263,0.0661956360667548
0.15471731765789,6.84240540686637,2059.45472736368,0.160033553469892
0.187508816232723,10.8145512259435,2056.75337668834,0.345295487724345
0.147880369653065,12.7065019223768,2065.00750375188,0.165232139056008
0.158340819277692,11.9955386652786,2062.30615307654,0.206074352093202
0.184333246804533,12.9278969602916,2058.10405202601,0.354836221919792
0.139326039413368,2.0598161414781,2053.60180090045,0.065066277760163
0.175672411678229,12.2750213329814,2059.30465232616,0.292742056819136
0.191391773329489,9.6938573407282,2055.55277638819,0.351377158433889
0.193763221304866,6.44098426295101,2053.15157578789,0.281307227372921
0.154075918562714,1.80952418124502,2050.45022511256,0.0669825661230081
0.183350301810897,13.2291025360534,2058.40420210105,0.350561418823762
0.0503923467923383,1.00288309926358,2079.5647823912,0.00594351506560078
0.17232388604486,3.51873529007318,2052.4012006003,0.14224161079396
0.14056271469136,16.3231210310229,2068.60930465233,0.145001421806898
0.155852143804968,7.54604567969013,2059.75487743872,0.17161946238738
0.180290985993602,5.46618619625777,2053.90195097549,0.215393161947927
0.150984442549706,2.26510726072284,2052.55127563782,0.0798260505726972
0.181397667007701,3.52888015319671,2051.35067533767,0.154601089767556
0.174844093317567,5.14550325140415,2054.35217608804,0.192614250711073
0.180868435844343,11.7901106095195,2058.25412706353,0.317726776580614
0.109148833909078,1.35295334494457,2056.00300150075,0.0314345933075788
0.187344983062579,11.0665182039154,2056.90345172586,0.347824325505473
0.149212503156251,12.7065019223768,2064.70735367684,0.17006797617851
0.118817025120396,1.41673238639154,2054.35217608804,0.0374575734814253
0.163185482104222,7.12382395041967,2058.10405202601,0.191200798856714
0.192905866122748,4.13432012050498,2050.90045022511,0.194559532352252
0.194842511567705,7.06256146630704,2053.45172586293,0.304744964369027
0.0371241637061936,1.00288309926358,2097.27363681841,0.00176983818935399
0.181750087421977,4.07523387938939,2052.10105052526,0.175409237691323
0.141825682099707,12.169460288151,2066.20810405203,0.142343543418348
0.196811700269455,13.9728926204603,2056.75337668834,0.452208436611474
0.173810283961603,4.20635552139048,2053.30165082541,0.165720243213232
0.178288161499763,9.61049343596866,2057.50375187594,0.279951460750305
0.150469023526712,8.76467231833321,2061.85592796398,0.16116116911531
0.193924510404997,15.7234968241093,2057.80390195098,0.449090685104298
0.158896553170172,2.80292774815717,2052.85142571286,0.103234725059556
0.125420027731786,1.70827639380871,2054.65232616308,0.0471722631083974
0.145515579355798,9.89119610131619,2063.80690345173,0.149001243279079
0.11081860934541,2.48369792620856,2061.55577788894,0.0454579624434378
0.194673843559995,6.96162583541039,2053.45172586293,0.30023961502531
0.142855345921153,16.7998856852757,2068.15907953977,0.154587449719898
0.175201599777754,2.67674439360146,2050.45022511256,0.113963843401842
0.150565215228801,7.58962040187813,2060.95547773887,0.152989330582245
0.168720346312877,2.96905439714284,2051.80090045023,0.119386149620063
0.135632289927398,7.31081832073186,2063.95697848924,0.111722186722086
0.163007699907851,4.62558101221893,2055.40270135068,0.153798465394641
0.119877436805599,4.82970917626452,2065.00750375188,0.069475707332373
0.170620829753217,6.7058929175172,2056.60330165083,0.209299196279091
0.139826631612755,16.5597876601153,2068.90945472736,0.142823219205087
0.19246290171897,17.3904202660819,2058.55427713857,0.451527493206657
0.192181897477607,16.3701822092467,2058.25412706353,0.441703540067244
0.169329642836174,17.3904202660819,2062.45622811406,0.282979355392694
0.1558236574852,9.72180569368846,2061.40570285143,0.185947609371541
0.149017897774969,2.09570588324384,2052.25112556278,0.0733643980976985
0.17819654181066,4.69264665877481,2053.30165082541,0.188975561066373
0.175285675863409,6.2943333190863,2055.40270135068,0.219736282959217
0.175507450479659,10.9398093223365,2058.55427713857,0.284243401593949
0.165083023748208,3.09116744284691,2052.55127563782,0.119232328347281
0.16726438720052,3.21830282695794,2052.55127563782,0.125966455346248
0.12236638152739,6.49685502569923,2066.65832916458,0.080163701699227
0.151343430708559,8.25047817477399,2061.25562781391,0.161190826520974
0.198204431879891,4.0518365057735,2050.15007503752,0.197098480817441
0.161347852115882,5.37257572706184,2056.60330165083,0.163191766871367
0.164578013730429,5.64206206761865,2056.45322661331,0.174896913924617
0.138473227491641,7.04225793763313,2063.05652826413,0.116836323328307
0.178909740769668,6.31248050684326,2054.95247623812,0.230678675663126
0.168660093256591,10.8145512259435,2059.75487743872,0.245934114327521
0.0891723505550594,1.47925317679908,2062.90645322661,0.0229206695692839
0.184565073998578,5.5136013085513,2053.45172586293,0.227401279265165
0.178297584575532,6.53437118513655,2055.25262631316,0.233386907063489
0.162909558056124,4.39198314906283,2055.10255127564,0.148591276568432
0.130106041732992,1.5850757161707,2053.15157578789,0.0472985602459234
0.179391214460055,8.56511470172144,2056.60330165083,0.272968801813734
0.188066221875226,9.97699489356779,2056.15307653827,0.33904458948057
0.189026841871174,12.4888983567305,2057.35367683842,0.374949877401024
0.179137470534417,3.74881037659201,2051.95097548774,0.159965219040164
0.155564499104008,2.47655776434198,2052.4012006003,0.0902702820814267
0.173802338490618,3.40904833026788,2052.10105052526,0.140400461848159
0.156746148329948,12.66997313217,2063.05652826413,0.200138338033123
0.178152781553614,15.3654978668113,2060.20510255128,0.327288780657685
0.198327605272353,15.8598865007128,2057.2036018009,0.488706451919735
0.15482683103112,10.6599934842429,2062.30615307654,0.184829389242592
0.18582698282308,4.7881753057283,2052.55127563782,0.20716572051346
0.19173970386361,9.72180569368846,2055.55277638819,0.35247719553274
0.194243373643002,7.10334430368878,2053.60180090045,0.302699470602193
0.170902645987122,9.44591016576076,2058.55427713857,0.244730458780311
0.160939792241029,13.3823268507784,2062.45622811406,0.224054375514071
0.189636918392446,4.59902389909696,2051.80090045023,0.208619589746812
0.158724428171259,2.0538945595859,2050.75037518759,0.0784050287218693
0.168777494210223,5.57746185992785,2055.70285142571,0.18590353507616
0.199605327307608,15.1023580078497,2056.75337668834,0.491523554849522
0.0985732106954057,4.94223601165526,2072.81140570285,0.0414520254514466
0.174255942707781,3.9368492691367,2052.85142571286,0.158412414020732
0.16900635045272,12.2397329678754,2060.35517758879,0.259583530677327
0.172901434941116,12.2045460501459,2059.75487743872,0.276231386496309
0.129768803275625,1.96708649096514,2054.95247623812,0.0556259245679708
0.194461909407869,5.6910027726913,2052.4012006003,0.258728101938378
0.158751717538501,10.3873347090322,2061.25562781391,0.201145881442454
0.107124797145911,2.31121826109334,2061.85592796398,0.0410978834637398
0.199200921304295,5.32637338722108,2051.50075037519,0.25609888344565
0.109929268544868,1.11240149892777,2053.75187593797,0.0274236491431929
0.17063476362141,8.46704626823108,2057.95397698849,0.232960647283232
0.16650467627197,2.27818714703702,2050.45022511256,0.091640623174706
0.196918710313527,6.04568285725226,2052.4012006003,0.278506416126189
0.152202979174966,11.9266679922861,2063.65682841421,0.178194391374084
0.193912537253253,5.13071090257931,2051.95097548774,0.236960586851066
0.162456969302402,12.7065019223768,2061.85592796398,0.227902872377885
0.198126478339629,6.72522667244931,2052.85142571286,0.304737595906837
0.178087430631294,10.9398093223365,2058.25412706353,0.294237616110842
0.158953844767352,7.4811522310616,2059.15457728864,0.180767815506907
0.193319269969625,5.16033824803901,2052.10105052526,0.236264514010432
0.189308327193193,8.25047817477399,2055.10255127564,0.309209048374734
0.184133305973979,12.0648070327153,2057.80390195098,0.342240712954262
0.162313550668032,15.5434666953568,2063.20660330165,0.235821784201845
0.126570337008247,4.54636621906863,2062.60630315158,0.0794245911096468
0.105085722478789,1.42081696649143,2057.50375187594,0.0304695748139166
0.126822140561735,9.39167782086193,2068.45922961481,0.0946683975173204
0.126155257815349,8.08587329578959,2067.40870435218,0.0910952745191859
0.0915860211605476,10.2388825947119,2084.06703351676,0.03771381790454
0.119571867841719,16.464712003024,2075.51275637819,0.0845714484168519
0.183380065203205,6.01097243209366,2054.05202601301,0.237903967057553
0.176176481725103,4.85759838400825,2053.75187593797,0.189293170218103
0.183810327447931,4.99947880072813,2053.00150075038,0.210173610383196
0.160401692595352,6.01097243209366,2057.50375187594,0.169139794634459
0.179452781713649,4.00544398533237,2052.25112556278,0.169731069298592
0.18843962587902,3.45847564108692,2050.45022511256,0.15928849495598
0.194861207218092,8.56511470172144,2054.50225112556,0.343188606305187
0.166786372791873,8.73947554283164,2058.70435217609,0.222250949976842
0.161894609752736,8.10918567113405,2059.15457728864,0.19631557925237
0.15829160096145,9.418754960271,2060.80540270135,0.191872266071982
0.146063000238826,4.98510624458552,2058.85442721361,0.121254607737477
0.163189661303014,5.72386552959968,2056.75337668834,0.172637645092864
0.155428914085231,3.95958264771409,2055.70285142571,0.124888292874328
0.188557179171092,6.78356302734552,2054.05202601301,0.273997129707188
0.179625178908473,13.4596032415536,2059.15457728864,0.326339674913393
0.140046065948204,13.7336016436691,2067.55877938969,0.138868630439278
0.177635534144484,17.6425615162172,2060.95547773887,0.341082389125156
0.190957472188828,13.3438551917019,2057.35367683842,0.401490863582549
0.150971764391595,9.02067029565308,2062.0060030015,0.16292811710815
0.149310803005534,9.17784428848941,2062.45622811406,0.158547523891231
0.141376752863581,16.2294041616006,2068.30915457729,0.148498168191053
0.199394587996314,14.5895202202118,2056.60330165083,0.482724346085945
0.196495309561184,6.33068001474387,2052.70135067534,0.286436503875652
0.13748822807973,3.07341994620988,2057.05352676338,0.0823159032786158
0.162119418229214,8.46704626823108,2059.45472736368,0.198829187172857
0.195904723499014,4.53329627591397,2051.05052526263,0.216274853461477
0.154384709085676,3.55949057200184,2055.10255127564,0.115591122616257
0.189212254727102,3.45847564108692,2050.30015007504,0.160097062173981
0.197854317162152,7.4811522310616,2053.45172586293,0.327042111119208
0.16587134638472,6.15102138343189,2056.75337668834,0.187133376099964
0.192865720389883,10.0346071582177,2055.55277638819,0.365138124694944
0.0529535050309269,2.86823283751515,2098.92446223112,0.00961269549209537
0.175770301124251,9.2308418493486,2057.65382691346,0.263762101984956
0.190961015805096,14.6737675621227,2057.80390195098,0.418416761425028
0.13930452017068,10.7215497316231,2065.90795397699,0.131496120929635
0.139069269476491,6.45955425993623,2062.30615307654,0.115147174932969
0.17297499514095,5.85722521042959,2055.40270135068,0.202769849537142
0.152562080298883,14.053579239644,2064.55727863932,0.188339189797962
0.179161015823743,13.6547521301788,2059.30465232616,0.325269241428759
0.197286133557434,15.2333597657718,2057.2036018009,0.468458082367691
0.154626828711522,6.04568285725226,2058.55427713857,0.153481752181408
0.147242664062201,3.71657187129828,2056.60330165083,0.106922582933572
0.174093314104583,5.40359972355987,2054.8024012006,0.195786482177256
0.174014498686225,2.68446171339143,2050.60030015007,0.113373805113706
0.196533079576416,11.2593385593765,2055.70285142571,0.408095045714396
0.187226488603608,11.4225861207707,2057.05352676338,0.353614926692329
0.152221756272701,1.91126246166401,2051.05052526263,0.0695388521139095
0.169089532868921,2.46233896144414,2050.60030015007,0.100806674802991
0.177136809706604,4.15819379664401,2052.85142571286,0.169954129834743
0.187511713424676,8.34603823722249,2055.40270135068,0.30312540151692
0.115850419513674,2.78683513858361,2061.25562781391,0.0528123953253921
0.0907534909978809,3.66345594042931,2072.96148074037,0.0320821387453714
0.157548198966406,9.86276078296599,2061.25562781391,0.191410898358345
0.19277957223291,6.55321042588835,2053.30165082541,0.282778911844167
0.152578571904258,3.33142973427318,2054.95247623812,0.108273763135204
0.18922571214049,10.783461436218,2056.45322661331,0.356404686816329
0.196179212713091,4.49431145638251,2051.05052526263,0.214955333051073
0.149769153762637,1.96143148928283,2051.65082541271,0.0696352449398915
0.142101487621055,1.60805750536954,2051.35067533767,0.0541414953335584
0.144253688550077,8.84069935203988,2063.35667833917,0.140351233925364
0.15466243993851,3.77045792255574,2055.40270135068,0.120790474061872
0.185041309008603,4.3416960341386,2052.10105052526,0.190440079685774
0.18804720756105,3.70588742997801,2050.75037518759,0.169812530036232
0.178695596970118,6.61005466738882,2055.25262631316,0.236028735937851
0.116282785454857,2.73123512958793,2060.95547773887,0.0528208816436925
0.165055610129861,2.81100886708374,2051.95097548774,0.110133079552958
0.127529289741461,6.09812467340626,2064.70735367684,0.0885922870669408
0.172078844530707,3.07341994620988,2051.65082541271,0.126743485724041
0.182424534091579,4.87160332233193,2053.00150075038,0.203060208992192
0.175648985669925,4.70617602490094,2053.75187593797,0.183160876555153
0.19455435960605,7.50272113554967,2053.90195097549,0.314160520437257
0.131070060489259,5.20510035615579,2062.60630315158,0.0907914931959839
0.134967871768729,2.25859550568368,2055.10255127564,0.0657147491815995
0.18959136723378,6.34893199363231,2053.60180090045,0.265619776404975
0.163364861439892,10.9083594392703,2060.80540270135,0.220944525110397
0.111078280516215,3.00344307348301,2063.20660330165,0.0496293171880772
0.146955403403146,6.09812467340626,2060.20510255128,0.132136363650327
0.199485581723661,9.28414544519475,2054.35217608804,0.382644495512943
0.135895397675048,2.60078095318014,2056.15307653827,0.0725464869525438
0.178683019575519,2.72338334507132,2050.15007503752,0.118396643555682
0.152626690496854,3.11798102843626,2054.50225112556,0.103484354797981
0.186190131703777,4.14623977579979,2051.65082541271,0.185447747616137
0.167640156687085,11.7224193723862,2060.35517758879,0.248835305735686
0.130627929680751,8.73947554283164,2066.65832916458,0.103677184706739
0.160074367775833,2.49804006667886,2051.95097548774,0.0947492124142545
0.145630316131472,12.5610156350281,2065.45772886443,0.156745992668929
0.173793716347201,4.37935702804035,2053.60180090045,0.16992476533535
0.165720843315562,2.57841511385935,2051.35067533767,0.102522300551289
0.192547592158262,4.81582467568853,2051.80090045023,0.221837201766631
0.120633100057156,3.4784466459882,2061.85592796398,0.0640121875842363
0.175533084077516,7.76645008964431,2056.60330165083,0.245448160625623
0.1144821708293,4.45566189315493,2065.90795397699,0.0601485379763211
0.116596740554184,2.04799000112185,2058.25412706353,0.0460776198805869
0.163159859454448,2.43414579263315,2051.35067533767,0.0952172775046748
0.165617604872153,10.8145512259435,2060.20510255128,0.233731028966168
0.182435455511525,4.20635552139048,2052.25112556278,0.181029491210756
0.199931118891409,7.90177085082341,2053.45172586293,0.347843931372393
0.171540338439473,9.39167782086193,2058.40420210105,0.24740957362937
0.143202632471679,11.0984240743995,2065.15757878939,0.145160173775818
0.185182457892605,13.0025492407616,2058.10405202601,0.356518077008343
0.137963806187124,3.84721348715026,2058.70435217609,0.0926216627932391
0.186705356004791,5.04284557241036,2052.70135067534,0.218216749627941
0.196902043800008,10.5987906532703,2055.40270135068,0.395861027384932
0.137785721628641,11.4555185704036,2066.8084042021,0.128199884925813
0.195938967441699,8.06262793911584,2054.05202601301,0.335369521858124
0.159182413873401,5.89104782059798,2057.65382691346,0.163150166193814
0.144596225139902,5.07196553857306,2059.30465232616,0.118557926942027
0.172376292658854,2.46233896144414,2050.30015007504,0.102976005082578
0.194042007916319,13.8527304550101,2057.05352676338,0.432738922023106
0.176732719301883,9.31091255809072,2057.50375187594,0.270721142619284
0.187517295820531,3.28381811862624,2050.15007503752,0.150587111921931
0.150542628057466,5.28056837192541,2058.40420210105,0.134677440751927
0.133034762875375,1.2232687477884,2050.45022511256,0.0382637964595293
0.192372204072593,4.15819379664401,2051.05052526263,0.194750740075894
0.121910795088864,4.74699861247518,2064.25712856428,0.0725229580513399
0.167789977809764,4.00544398533237,2053.75187593797,0.149672307848956
0.188106339823814,5.95928009583079,2053.45172586293,0.249721912328773
0.151973840581053,7.76645008964431,2060.80540270135,0.158934649257051
0.180915447250728,4.97077500682395,2053.30165082541,0.203111327960047
0.0681409945224144,1.00288309926358,2066.65832916458,0.00996459226151244
0.13336608021446,4.15819379664401,2060.20510255128,0.0886020929955557
0.169437404040836,10.4473164853735,2059.30465232616,0.249399226397727
0.161117749723684,7.58962040187813,2058.85442721361,0.189321966982852
0.0991414300026241,4.77441020717598,2072.21110555278,0.0418002189286438
0.144417968058388,12.7065019223768,2065.90795397699,0.151373816653973
0.138659100009625,14.4224738415937,2068.30915457729,0.134915998296834
0.118078151398658,9.31091255809072,2071.16058029014,0.0765828887382709
0.16311752311659,2.04799000112185,2050.15007503752,0.0807163929990225
0.197496717726068,14.6315832552147,2056.90345172586,0.466582474749459
0.166194224721181,4.85759838400825,2055.25262631316,0.165244352373638
0.195064357565603,6.25819530279368,2052.85142571286,0.279844326699907
0.198031463576773,9.04667778353943,2054.35217608804,0.371088796628517
0.198984771300535,11.4225861207707,2055.40270135068,0.428497055716208
0.198778337438357,17.1418825295271,2057.50375187594,0.508680444080408
0.198415838939536,4.88564863828298,2051.20060030015,0.235284000335193
0.129406510812232,3.36032741709575,2059.45472736368,0.0747434096671475
0.130166683478659,3.31230280598519,2059.15457728864,0.0754165469976009
0.149033539411121,13.5373258656811,2065.15757878939,0.171808974820612
0.169041831836198,14.1754836193795,2061.25562781391,0.269297611235655
0.19731889978248,5.67464221589759,2052.10105052526,0.265192877773323
0.172335301322513,4.0401882420282,2053.30165082541,0.157756478506914
0.120998261219973,1.295770630155,2053.00150075038,0.0358033064368343
0.195404687983941,14.4224738415937,2057.2036018009,0.442892225981022
0.188771613504307,3.78132852701561,2050.90045022511,0.173647966284577
0.195225804542024,6.47817779606607,2053.00150075038,0.287029207312825
0.126242715479017,3.21830282695794,2059.90495247624,0.0687667949270409
0.167091723947605,15.189566737098,2062.0060030015,0.264004999846295
0.118493538031784,2.22631645743836,2058.55427713857,0.0499289999053026
0.129469399178646,7.50272113554967,2065.90795397699,0.0964940683748467
0.175364079290226,4.94223601165526,2054.05202601301,0.188734398629985
0.102126049846609,1.00288309926358,2054.50225112556,0.00753932809614145
0.15461146523156,6.22226476776323,2058.85442721361,0.153798458607373
0.14278625853213,2.62334079957365,2054.95247623812,0.0805966549622293
0.151331096504954,12.345903576098,2063.95697848924,0.17880727095928
0.0891360156634386,2.50524216415549,2069.35967983992,0.0278347096637088
0.168575134681522,5.94214829246472,2056.15307653827,0.19115966952105
0.181066730631081,5.87411217212038,2054.20210105053,0.228056692845543
0.152264269670916,2.75492656923522,2053.75187593797,0.0942683251648516
0.114219963855666,1.017423759841,2051.95097548774,0.026697230490642
0.135036832983644,15.7688292262238,2069.95997999,0.125601491990338
0.10256520773779,2.75492656923522,2065.15757878939,0.039655716409374
0.191676506689073,6.51558610363938,2053.45172586293,0.277140586958357
0.192884595611536,6.90175820040029,2053.60180090045,0.292852165523648
0.169038261330064,5.11596107896008,2055.10255127564,0.178069322499202
0.175986872189864,3.53905426496764,2051.95097548774,0.148267979512941
0.196449736001775,13.6154972999402,2056.75337668834,0.440992066302554
0.197821980984655,8.03944940844679,2053.75187593797,0.344532936329737
0.142550072354908,2.27818714703702,2053.90195097549,0.0728919950900403
0.175118577645586,10.2094477434412,2058.25412706353,0.274141812751912
0.135507548901299,6.22226476776323,2062.90645322661,0.105320801220401
0.191490979813117,9.25745528268664,2055.40270135068,0.340247616761646
0.167444074647297,8.08587329578959,2058.10405202601,0.21850727523541
0.146614641776595,7.20633469066447,2061.40570285143,0.139188092907451
0.195774444292859,5.67464221589759,2052.25112556278,0.261661937443522
0.137817007065496,8.6145740489714,2064.70735367684,0.121139017507163
0.19218223899022,14.0940971036004,2057.50375187594,0.416339754126848
0.198692711936224,12.4888983567305,2056.00300150075,0.440641093011731
0.121650987824561,5.97646129188652,2066.20810405203,0.0770748375662382
0.165425621215873,4.97077500682395,2055.55277638819,0.165265150341477
0.146275168667252,3.06458444505318,2055.40270135068,0.0940608713468934
0.148541784017642,5.20510035615579,2058.70435217609,0.128859200104268
0.15108513581103,9.31091255809072,2062.15607803902,0.165476741683832
0.132010241953503,4.71974439753259,2061.55577788894,0.0900129637402945
0.130156588800409,1.83576021707557,2054.35217608804,0.0531032598079675
0.193372107077077,4.15819379664401,2050.90045022511,0.19629781412265
0.0884415229606329,3.85830538552188,2074.7623811906,0.0303176138605729
0.0547773524552207,1.11560866287013,2077.76388194097,0.00842221596647898
0.102655967401836,1.00288309926358,2054.35217608804,0.0207863251364138
0.192717863532193,12.7798757548119,2056.90345172586,0.404957094615744
0.167713335441151,11.0665182039154,2060.05502751376,0.243124177769847
0.188382682154834,9.44591016576076,2055.85292646323,0.330148300648305
0.142704525690564,4.3416960341386,2058.55427713857,0.107352847440651
0.161576897598113,7.6115020308696,2058.85442721361,0.189734223525118
0.113005161511955,1.33361741419236,2054.95247623812,0.032997129340634
0.174927308581652,12.6335493553273,2059.6048024012,0.290998157629813
0.182783218590585,9.80613514975012,2056.90345172586,0.306023148249774
0.0946139340976177,1.75817161928149,2063.05652826413,0.0278745073528434
0.161045644864235,3.71657187129828,2054.35217608804,0.130232764468568
0.193367738991208,4.58580257506987,2051.35067533767,0.214283279289547
0.18191483750988,10.9083594392703,2057.65382691346,0.314306834770992
0.156247361601079,5.48194575365476,2057.65382691346,0.150669209228076
0.164114548987287,4.06351835261943,2054.50225112556,0.143324282360977
0.169923952036676,9.418754960271,2058.70435217609,0.239937386257128
0.150450193343795,2.31788173275986,2052.70135067534,0.0810734931315131
0.179259976490082,17.1913042784243,2060.50525262631,0.35132630523
0.176704830635262,9.63820144251651,2057.65382691346,0.275885703183919
0.131811440982267,2.90981894079874,2057.80390195098,0.0726028208256376
0.173336929954469,6.20437693319619,2055.70285142571,0.210015471136036
0.157846005291948,1.96708649096514,2050.60030015007,0.0746373406149955
0.0861499462814973,1.00288309926358,2059.00450225113,0.0088872748826997
0.179278683119888,5.6910027726913,2054.35217608804,0.21717999218874
0.131731687060552,15.3213249660846,2070.71035517759,0.11576951020971
0.196793439909091,5.62584220609726,2052.10105052526,0.261883237940585
0.192462049451699,4.24284253669373,2051.05052526263,0.198680713481765
0.142335458868585,9.63820144251651,2064.4072036018,0.137521115076104
0.152629620163396,4.54636621906863,2057.05352676338,0.129517660289788
0.103868986027532,1.00577451078852,2054.05202601301,0.0232066697722406
0.143940328345431,9.44591016576076,2063.80690345173,0.143063141336217
0.176375533841893,8.27426512232383,2056.90345172586,0.254966497697023
0.180366584036443,11.1946946742062,2057.95397698849,0.311801545517591
0.181783138447669,8.25047817477399,2056.00300150075,0.279793404313029
0.143129818484948,14.1754836193795,2066.95847923962,0.150444630700535
0.0401778999732301,1.00288309926358,2092.17108554277,0.00143008975386006
0.169044186826042,13.8129064745256,2061.10555277639,0.267279816467722
0.178226492816655,3.33142973427318,2051.35067533767,0.143391851291146
0.134865339417496,2.69996316651677,2056.60330165083,0.0732136127406927
0.190012260158518,6.64822449937834,2053.75187593797,0.275603252351677
0.186538869180766,14.4640552653053,2058.40420210105,0.383234104360149
0.145636417417763,1.98987000774274,2052.4012006003,0.0678502307699896
0.181987188387382,6.62911211113257,2054.8024012006,0.247941818485289
0.146545176084627,2.08367368705817,2052.55127563782,0.0712426112752317
0.080561618516623,2.2071708865269,2071.76088044022,0.0216585025435381
0.137236007464497,2.55624161321588,2055.70285142571,0.0735005483156187
0.194988921392006,4.61228334151361,2051.20060030015,0.218602442069036
0.12168696172507,2.37188579111585,2058.25412706353,0.0548759644737133
0.167626388907573,2.31788173275986,2050.45022511256,0.0941503532400305
0.188264209895476,10.2388825947119,2056.30315157579,0.342955709853427
0.115146942329775,4.46850800867783,2065.75787893947,0.0609904625721905
0.0551005264519353,2.62334079957365,2094.57228614307,0.010233489941377
0.172550440428484,12.4171951294921,2059.90495247624,0.276400669355599
0.100589766623583,7.83381828565906,2076.56328164082,0.0472140001285842
0.175202484313852,2.53425879720196,2050.15007503752,0.107731660544713
0.194057833598827,15.3213249660846,2057.65382691346,0.445406522878297
0.159766788991483,6.68661474347447,2058.25412706353,0.175914076845747
0.162987627904767,6.59105201019205,2057.65382691346,0.184113185212271
0.154671486273498,1.92784124639408,2050.90045022511,0.0714608319024561
0.162552625586384,2.09570588324384,2050.45022511256,0.0820825230016197
0.107726373507975,1.60343464412786,2058.10405202601,0.0343064980359913
0.166964253135173,9.66598933399762,2059.30465232616,0.230755169832389
0.192038093080219,5.67464221589759,2052.70135067534,0.251834131145272
0.173344170725185,9.6938573407282,2058.25412706353,0.259746309731043
0.15288785226631,2.90145376159538,2053.90195097549,0.09911187880086
0.195342368826773,6.7058929175172,2053.15157578789,0.294848055891619
0.192677831764,15.5434666953568,2057.95397698849,0.435584584789308
0.194208670643192,17.2408685151293,2058.25412706353,0.465172617997605
0.121047466996726,3.78132852701561,2062.45622811406,0.0666426964295292
0.163170900673251,2.31788173275986,2050.90045022511,0.0911192094396745
0.193244003174641,11.4555185704036,2056.30315157579,0.387442752027269
0.138138459650645,12.7798757548119,2067.55877938969,0.131103020987062
0.1644338186164,11.5548867001919,2060.95547773887,0.229433125358622
0.171931907214129,3.73803325566538,2052.85142571286,0.148540508259401
0.189458790970088,10.783461436218,2056.45322661331,0.356448460482411
0.17197919246518,6.2943333190863,2056.00300150075,0.207032739440081
0.173822597759468,6.33068001474387,2055.70285142571,0.214800349933285
0.188255597106363,11.0029813692926,2056.75337668834,0.351837128031193
0.175423770035787,15.9056121278034,2060.80540270135,0.31530583760928
0.193083236255595,14.7585013912184,2057.65382691346,0.428892262837193
0.175851740345773,9.6938573407282,2057.80390195098,0.27284594480318
0.133068438891317,9.12515100556096,2066.35817908954,0.110252299041635
0.137246098003839,4.44285270778494,2059.90495247624,0.0975484802591813
0.149568272688006,3.24621921773864,2055.25262631316,0.102239615425706
0.119040184259394,2.67674439360146,2060.05502751376,0.0552375181646343
0.158056026410714,9.44591016576076,2060.80540270135,0.192502341564812
0.180819125358041,5.60966897361054,2054.05202601301,0.219404379730444
0.119623964494634,2.96905439714284,2060.80540270135,0.0585781188048221
0.138482978403385,13.4596032415536,2067.85892946473,0.132860616262439
0.187243864126088,5.48194575365476,2053.00150075038,0.234276638630711
0.113749235772945,3.18145405986858,2063.05652826413,0.0532396783227816
0.156402992248408,9.50045567592029,2061.25562781391,0.184588593058556
0.154394361079941,17.4908414355252,2065.60780390195,0.203446536104414
0.199124885662065,4.98510624458552,2051.20060030015,0.241152640243122
0.180965519181407,5.52949756842363,2053.90195097549,0.218413776712244
0.144372931507962,9.97699489356779,2064.10705352676,0.145960358273983
0.183307721119409,7.54604567969013,2055.40270135068,0.270626304153635
0.189409670650882,9.63820144251651,2055.85292646323,0.338512242442264
0.156251698532226,2.65372529430481,2052.85142571286,0.0960660718339838
0.193176814644515,4.0518365057735,2050.75037518759,0.191244114570204
0.128833131648985,2.69996316651677,2057.80390195098,0.0664916272407193
0.058949868775801,1.00288309926358,2072.3611805903,0.00245346712912874
0.130225119796589,2.16313573014221,2055.70285142571,0.0594357569889674
0.166296631349785,5.35713058780925,2055.85292646323,0.175166595394138
0.14990018742631,17.4908414355252,2066.65832916458,0.183480714479093
0.172272170879977,2.87650223749675,2051.20060030015,0.119579531194188
0.167079280587423,10.783461436218,2060.05502751376,0.237100219852907
0.175262980004013,6.84240540686637,2056.00300150075,0.227516197402423
0.180347496505831,8.1325652583707,2056.15307653827,0.270963524041797
0.143085121653162,2.15071639511557,2053.30165082541,0.0703823005101064
0.192768979616434,6.74461616851603,2053.45172586293,0.288685810257873
0.179830075676326,4.92802801770652,2053.45172586293,0.198846593966291
0.190443713382305,3.6952337044061,2050.60030015007,0.172065377132838
0.198406604626144,5.35713058780925,2051.65082541271,0.255280136624314
0.178625331192125,12.8907317012169,2059.00450225113,0.318482066018623
0.185862641171782,6.78356302734552,2054.35217608804,0.265794113147067
0.175445110428214,5.80685504843578,2054.95247623812,0.209233073748965
0.174988307075685,7.99329205722658,2056.90345172586,0.245708448060678
0.164318693349646,5.22010717715947,2056.00300150075,0.167527899052396
0.110018968289619,1.4963864293158,2056.75337668834,0.0342235935556121
0.196905588075003,13.1531495321769,2056.45322661331,0.440882093254934
0.171383489919023,7.92455244054436,2057.35367683842,0.231429836265739
0.181304232084621,7.14436264200497,2055.25262631316,0.257887418780444
0.179625727803595,6.06311316104581,2054.65232616308,0.227075868606358
0.141741904236402,1.48351801054375,2050.75037518759,0.0499750291325566
0.16820767615698,16.0435815196353,2062.15607803902,0.272582472917664
0.10691590580958,9.07276025359497,2075.21260630315,0.0569988035121101
0.193296273860006,11.3897483457029,2056.15307653827,0.391649783412198
0.196184717795355,7.31081832073186,2053.45172586293,0.317414343956064
0.155059043802731,2.60078095318014,2052.85142571286,0.0932994663376874
0.0954917707164452,3.38947576589033,2069.95997999,0.0357063813451516
0.178772573596322,17.1418825295271,2060.65532766383,0.344142678917266
0.189372501662913,8.86618796583124,2055.40270135068,0.323548908173533
0.1860809707099,5.87411217212038,2053.60180090045,0.241714328636253
0.191659897230398,9.80613514975012,2055.70285142571,0.350790769816492
0.184378169237903,7.39549489831676,2055.10255127564,0.272904705502911
0.145639921002654,1.88394737445416,2051.95097548774,0.0647630754043504
0.12310577894115,7.14436264200497,2067.25862931466,0.0830463633349518
0.156253437236022,4.63891702142887,2056.60330165083,0.138342827605443
0.141742063749788,5.49775074742009,2060.50525262631,0.115465380209479
0.176951303384771,7.63344674676951,2056.30315157579,0.248918771829588
0.178438661136485,6.53437118513655,2055.25262631316,0.233570104924903
0.188178664122719,13.1531495321769,2057.65382691346,0.381486826917688
0.164551246635754,10.5683211343905,2060.35517758879,0.224982855803506
0.195810610575909,7.78884153617836,2053.90195097549,0.327286162638849
0.135791829876103,1.42902148939294,2051.35067533767,0.0457350140812493
0.131976396383079,5.85722521042959,2063.20660330165,0.0967524290579931
0.0879526907185756,5.72386552959968,2079.5647823912,0.0319875959366166
0.192845644926602,4.48139116082693,2051.35067533767,0.208831449236386
0.185695379860603,11.5548867001919,2057.35367683842,0.345524073973239
0.159754230299355,8.34603823722249,2059.75487743872,0.189747705727178
0.139627502559216,2.04799000112185,2053.60180090045,0.0649110416495315
0.189702733689134,16.7034315396448,2058.70435217609,0.425881324376046
0.182335778804762,4.09876636139165,2052.10105052526,0.177281091034028
0.154815241664288,3.49853297367273,2054.95247623812,0.115019200213733
0.19488441582243,7.02201277776474,2053.45172586293,0.303243249562428
0.196131690488991,3.98244730043134,2050.30015007504,0.191499200954817
0.192908057424878,10.3574730860055,2055.70285142571,0.3719138752832
0.197774887557248,4.12243473196511,2050.30015007504,0.200392407516236
0.198010201411905,11.2269700901773,2055.55277638819,0.413843184738462
0.158170718717242,3.66345594042931,2054.65232616308,0.124305688935385
0.165942676223148,3.22758151346831,2052.70135067534,0.124764060623649
0.174595320108893,14.6315832552147,2060.50525262631,0.301744013543059
0.187237238887734,4.52026390637434,2051.95097548774,0.201378304704081
0.127744263933571,7.92455244054436,2066.8084042021,0.0939593227231031
0.179248354636672,12.2750213329814,2058.70435217609,0.313452693371622
0.19205544264507,8.32204495553973,2054.65232616308,0.326718375690062
0.198430776946927,14.298445429222,2056.75337668834,0.464352070313491
0.174226751540061,4.40464567244553,2053.45172586293,0.172515877268296
0.143149542091961,1.86237664548846,2052.25112556278,0.0624485737993786
0.176122090805972,4.82970917626452,2053.75187593797,0.188095708631394
0.128253065564444,1.92229906736858,2055.10255127564,0.0534792640384721
0.136822471952023,11.4555185704036,2067.10855427714,0.124772961934899
0.17882051843932,4.39198314906283,2052.85142571286,0.181044911140703
0.0914485045197361,2.27818714703702,2067.25862931466,0.0285793036157212
0.170872183117238,10.0057595601981,2058.85442721361,0.251195906063149
0.187928507664112,14.9294397640879,2058.40420210105,0.39576843995018
0.188218769123413,5.82359678794962,2053.30165082541,0.246423633813277
0.189248769091821,3.45847564108692,2050.30015007504,0.16034143723554
0.191795990635078,8.91738586389294,2055.10255127564,0.336736059523765
0.171890642932522,3.1450272019994,2051.80090045023,0.129137433476634
0.192970281301596,7.37423424898408,2053.90195097549,0.306700389162918
0.0993400135125788,4.67915618701786,2071.91095547774,0.0418507636651343
0.19611630436669,9.36467852310833,2054.8024012006,0.367888855054119
0.174335889978504,5.19013667692469,2054.50225112556,0.191944023062545
0.192561087854386,3.66345594042931,2050.30015007504,0.172671936790321
0.0508610729382409,1.00288309926358,2079.11455727864,0.005872890775524
0.168377456070208,7.67752616736229,2057.65382691346,0.216868715334034
0.192679848229422,11.6216105181022,2056.45322661331,0.386665973724279
0.179213091996656,3.98244730043134,2052.25112556278,0.168455351483638
0.18330208004236,3.80316384938978,2051.50075037519,0.168026294825387
0.195371042466391,7.83381828565906,2054.05202601301,0.325507070858967
0.148658043808643,4.66570449781614,2057.95397698849,0.12263480642425
0.182261968285956,4.97077500682395,2053.15157578789,0.205961646007587
0.196637162011571,9.28414544519475,2054.65232616308,0.369875044783336
0.193104802714826,15.9514695864158,2057.95397698849,0.447078003294905
0.10487106716044,9.63820144251651,2076.71335667834,0.0541562189487234
0.180304365932086,13.2672433518329,2059.00450225113,0.327292109507656
0.147614307882559,1.6984685687346,2050.90045022511,0.0598098109287159
0.15872953080107,7.28980110054726,2059.00450225113,0.178679581789245
0.180370825260335,3.95958264771409,2052.10105052526,0.169421566254678
0.114709557309064,1.68386231169735,2056.90345172586,0.0396708056093524
0.199579405206576,6.20437693319619,2052.25112556278,0.29094497861148
0.137432861098011,1.59882507273807,2051.95097548774,0.0515103267219823
0.159030732716354,5.22010717715947,2056.90345172586,0.153592393800375
0.178275753055715,3.49853297367273,2051.65082541271,0.149461624146057
0.176258468919208,6.94161247758823,2055.85292646323,0.234639649041657
0.160848132937347,7.6115020308696,2059.00450225113,0.186713325413811
0.155327199179935,1.88937898174206,2050.60030015007,0.0704201976580651
0.10330146142465,2.23273514877728,2062.75637818909,0.0372535252460457
0.125393044282306,1.93897358646993,2055.70285142571,0.0516672999296675
0.13513959685117,3.90299369276608,2059.30465232616,0.0892622053204983
0.145666226534766,3.41887695499837,2056.30315157579,0.0994596156361136
0.180929427697855,15.2333597657718,2059.6048024012,0.349117627640179
0.178690019829003,7.12382395041967,2055.70285142571,0.245693888972626
0.159535538330052,2.77083492243083,2052.70135067534,0.102824465912877
0.0435296377837208,1.00288309926358,2087.36868434217,0.00202359944365551
0.14238463405419,3.23688695135292,2056.45322661331,0.0919051745462653
0.176861291929763,3.78132852701561,2052.25112556278,0.157816821301797
0.191664277509291,5.07196553857306,2052.10105052526,0.230480170007877
0.175665496796346,4.70617602490094,2053.75187593797,0.183168260021614
0.149035531243087,5.84038679556032,2059.45472736368,0.135681576494864
0.168109225165486,3.55949057200184,2053.00150075038,0.137793675146673
0.116119582856512,1.95579274466099,2057.95397698849,0.0445543192939122
0.162071814195069,3.98244730043134,2054.65232616308,0.137977449249342
0.190236086137004,9.74983462452457,2055.85292646323,0.343032389523488
0.176978362160067,14.1754836193795,2059.90495247624,0.314217121751219
0.187782534489057,8.78994173863968,2055.55277638819,0.31526072013737
0.0848350565244148,1.00288309926358,2059.45472736368,0.00748095821377073
0.106659288126896,1.669381663546,2058.70435217609,0.0346295538500477
0.19961076351599,5.11596107896008,2051.35067533767,0.247062305260361
0.196961323576151,10.8769999686707,2055.55277638819,0.400010143122123
0.112364084265387,2.2456281019818,2060.20510255128,0.0447358756046694
0.127788989057037,9.17784428848941,2067.85892946473,0.0977714909901441
0.137330121734534,14.716073490575,2068.75937968984,0.132127679636025
0.153110788161729,3.08228092099346,2054.35217608804,0.103487778622368
0.163760821200685,3.82512526006857,2054.05202601301,0.137917130490232
0.175428182699631,4.45566189315493,2053.45172586293,0.175651685051245
0.169016184366847,4.95648496866088,2054.95247623812,0.174134856566715
0.161099979423529,10.1508316565282,2060.65532766383,0.209560245994037
0.141094872368549,4.3416960341386,2058.85442721361,0.104429910341995
0.161931712189541,4.81582467568853,2055.85292646323,0.154598267136253
0.195714422063743,8.1325652583707,2054.20210105053,0.334657821886393
0.192881549771825,11.5548867001919,2056.30315157579,0.390740785395241
0.166406038555079,4.39198314906283,2054.65232616308,0.155207991240474
0.195348383353506,4.25507507288674,2050.75037518759,0.203000237867897
0.123140830054831,2.07768351923393,2056.90345172586,0.0518573390211267
0.153009759557964,4.71974439753259,2057.2036018009,0.133015814835362
0.0736222430106806,1.54898606893921,2070.56028014007,0.0160864999432939
0.192583882052401,11.0347040567755,2056.15307653827,0.378686227138415
0.161354864723622,7.72186012504483,2059.00450225113,0.189622318337869
0.171600293469205,7.16496054867685,2056.75337668834,0.221254078411662
0.181750216819584,3.07341994620988,2050.45022511256,0.136056744211157
0.102145566238961,1.00288309926358,2054.50225112556,0.022002648100186
0.175094799887975,12.0995910689866,2059.30465232616,0.288486504852232
0.157941881929947,10.5987906532703,2061.55577788894,0.198714080938196
0.16533131144851,2.68446171339143,2051.65082541271,0.10613080081221
0.0746412715042419,6.04568285725226,2089.1695847924,0.0215791953606263
0.180326755411378,3.06458444505318,2050.60030015007,0.134657001651081
0.172991678769019,13.3438551917019,2060.20510255128,0.286549378930437
0.188325597452336,3.97099851752979,2051.20060030015,0.181136499169189
0.115756383050637,2.14453349218355,2058.85442721361,0.0466340314669714
0.129635423780261,4.88564863828298,2062.45622811406,0.0863706499240365
0.17279240522416,12.8167214051892,2060.05502751376,0.280206312044789
0.184885523407458,10.690727303607,2057.05352676338,0.329524676790305
0.115070782267032,1.60343464412786,2056.30315157579,0.0387254988858993
0.135687793485595,8.06262793911584,2064.70735367684,0.114249868317013
0.179567870217806,5.94214829246472,2054.50225112556,0.22475947580068
0.170519683433458,13.6941201359897,2060.80540270135,0.274188851182844
0.17585269927388,6.7058929175172,2055.70285142571,0.229065890410539
0.119778200356768,1.7683242002651,2056.15307653827,0.0445564020200312
0.196999666150552,5.773515819051,2052.25112556278,0.267357227811278
0.191596879426205,14.1347317845805,2057.50375187594,0.418179372456104
0.178138786998901,10.1216499350543,2057.80390195098,0.285851892008768
0.193540149904012,4.57261925984919,2051.35067533767,0.213924176892755
0.167365935965936,3.55949057200184,2053.15157578789,0.136286694918566
0.136870118828915,9.28414544519475,2065.45772886443,0.121079402070407
0.193795710749281,4.760684680679,2051.50075037519,0.222447768685263
0.170689964214461,3.54925770971272,2052.70135067534,0.140771217608335
0.190104610231667,11.9955386652786,2056.90345172586,0.378750882471302
0.199077844147984,5.67464221589759,2051.95097548774,0.268802395626223
0.19086612872811,5.64206206761865,2052.85142571286,0.24727388840737
0.112813284000593,1.52245910708953,2056.30315157579,0.0361432749632837
0.176990575365184,12.4888983567305,2059.15457728864,0.303049869907515
0.184075210064793,6.49685502569923,2054.35217608804,0.252811575687976
0.111820214592712,1.00288309926358,2052.25112556278,0.0256364826738107
0.192605076896436,7.85640396138943,2054.35217608804,0.315741135552111
0.16415570085288,5.10125365829453,2055.85292646323,0.16518687279779
0.128670421006632,6.11570617216135,2064.4072036018,0.0909748031428347
0.196548944462695,5.95928009583079,2052.4012006003,0.274086075116296
0.175410679450468,4.07523387938939,2052.85142571286,0.164828975200049
0.119424466344703,4.21848286189654,2063.95697848924,0.0661578966893133
0.142491368242039,5.14550325140415,2059.90495247624,0.113960842716299
0.194542010969075,11.2269700901773,2056.00300150075,0.392752788890125
0.183342091583871,4.15819379664401,2051.95097548774,0.181306739828049
0.138518070625563,15.6782947440786,2068.90945472736,0.136833830613172
0.191939609592972,10.6293480187976,2056.00300150075,0.369937615775198
0.162347039802893,4.24284253669373,2054.95247623812,0.144800595715998
0.179467260712378,9.33775684323017,2057.05352676338,0.285273762797723
0.156792064293085,13.2672433518329,2063.35667833917,0.201986302138911
0.199747229020126,9.31091255809072,2054.35217608804,0.384534015899229
0.182611116671757,3.20905081491668,2050.60030015007,0.142976146744641
0.197957079144515,10.783461436218,2055.25262631316,0.408812646109597
0.160439039146249,4.85759838400825,2056.15307653827,0.151719195278556
0.194192745607899,16.1362253542068,2057.95397698849,0.452282245192426
0.182652639580764,14.5895202202118,2059.15457728864,0.353035061161489
0.185411356866133,3.58004488871148,2050.90045022511,0.161532802838618
0.170738500697769,2.87650223749675,2051.35067533767,0.118192047583298
0.178881321861964,4.12243473196511,2052.55127563782,0.171860738461939
0.199000772615364,10.1508316565282,2054.8024012006,0.402220646220693
0.176670108439836,3.63195145450856,2052.10105052526,0.151954005133702
0.139197759047475,1.70336542221432,2052.25112556278,0.0553643499177224
0.187464365200177,7.45964533309522,2054.65232616308,0.288302237707281
0.192103728219681,4.58580257506987,2051.50075037519,0.21259801621659
0.168741592052344,4.8997344482741,2054.95247623812,0.171982908580589
0.191518242683275,12.5610156350281,2056.90345172586,0.397256996977981
0.184665239917863,8.1325652583707,2055.55277638819,0.289426842744186
0.148769781543849,11.1304219326752,2063.95697848924,0.162956119440335
0.178790440560421,10.327697309498,2057.80390195098,0.291994470597133
0.190220637554963,13.5763553199153,2057.50375187594,0.401156145039784
0.198783431481027,9.61049343596866,2054.65232616308,0.385277925759674
0.185923140397517,7.31081832073186,2054.8024012006,0.277482211067085
0.0773459874136655,1.47076025583445,2067.85892946473,0.0173755042925798
0.19400538068945,7.78884153617836,2054.05202601301,0.321644122551956
0.154226846760255,2.76286929599819,2053.45172586293,0.0969086889778802
0.192618450010577,6.25819530279368,2053.15157578789,0.272453122574108
0.125381265462717,5.3417298504113,2064.25712856428,0.0811147635682041
0.130260596383712,14.4224738415937,2070.71035517759,0.110526372718229
0.126267862101387,1.47076025583445,2053.15157578789,0.0425200764149188
0.159399079157691,11.0347040567755,2061.55577788894,0.206452299516107
0.19977572678018,9.6938573407282,2054.50225112556,0.395180024696251
0.15000661555195,4.06351835261943,2056.75337668834,0.117145012411197
0.167808432054425,6.47817779606607,2056.75337668834,0.198211881423253
0.0647205589870313,2.23917234584048,2082.26613306653,0.0137667063390585
0.178299216683323,4.01699207793678,2052.4012006003,0.167919585943311
0.139119490109925,1.78366310156055,2052.55127563782,0.0576990541285024
0.187747330398918,7.16496054867685,2054.50225112556,0.279978882229999
0.143664845869183,3.53905426496764,2056.90345172586,0.0983881984232031
0.190695395971123,6.74461616851603,2053.75187593797,0.280566067566103
0.190887480457258,6.862132740856,2053.90195097549,0.283161731670915
0.131246303973659,1.27358007675926,2051.05052526263,0.0392314800385548
0.176116481871678,7.74412301428478,2056.60330165083,0.245250484616659
0.180776875617568,3.85830538552188,2051.95097548774,0.166002703914627
0.171888041018709,16.3231210310229,2061.55577788894,0.296378983271919
0.191426984535606,11.5882005855279,2056.60330165083,0.378641299094809
0.124889131463302,4.53329627591397,2063.05652826413,0.0762949471034926
0.159090827512347,7.37423424898408,2059.00450225113,0.18080442836507
0.189905072598956,17.5918424880948,2059.00450225113,0.431552351172881
0.192995133162063,11.9955386652786,2056.45322661331,0.399461286046883
0.147364677151562,4.71974439753259,2058.25412706353,0.120860351902091
0.182455715202993,6.2943333190863,2054.50225112556,0.241076839845624
0.163519247710621,8.96887940476934,2059.45472736368,0.210719062698405
0.183252533344856,6.09812467340626,2054.20210105053,0.23903093187646
0.179104509498361,8.63941072106801,2056.75337668834,0.271958987826886
0.139437766556673,4.07523387938939,2058.85442721361,0.0975817127554138
0.158707072121447,2.94352153037066,2053.15157578789,0.107274573430447
0.199984240769935,6.98169689372975,2052.85142571286,0.318671964190291
0.118961005731721,1.52245910708953,2054.95247623812,0.0396574186642089
0.187722275364166,3.40904833026788,2050.45022511256,0.156297466346455
0.176879531293022,6.61005466738882,2055.55277638819,0.229124775010895
0.150545792032856,8.03944940844679,2061.25562781391,0.157271981599518
0.179097796434,9.91971340151178,2057.50375187594,0.28930784178358
0.0598278643123336,1.27725193454067,2076.26313156578,0.0102693670897425
0.0936132222719765,9.58286508470002,2082.26613306653,0.0394911544326033
0.19942860222579,13.2291025360534,2056.15307653827,0.459974009029125
0.144175055755989,3.18145405986858,2056.00300150075,0.0935066697148853
0.191621003952011,14.1754836193795,2057.65382691346,0.411391183032381
0.190307951997302,3.88058521159597,2050.90045022511,0.17995211498538
0.158371293461644,2.46233896144414,2051.95097548774,0.0924579415084472
0.179686057468966,4.12243473196511,2052.4012006003,0.173796780015791
0.166920371928822,9.0989179220007,2059.00450225113,0.224358727284598
0.15078761435738,4.40464567244553,2057.2036018009,0.123388206687853
0.130457807809646,15.9974592566334,2071.46073036518,0.112413639125704
0.125839843238657,4.00544398533237,2061.70585292646,0.0751144596790257
0.180642328228952,3.30278056177977,2051.05052526263,0.144459988504957
0.0951809415094456,2.56361151152847,2067.10855427714,0.0325462360163729
0.167079184743331,15.3213249660846,2062.15607803902,0.261328696191356
0.136141488487687,10.7524610237587,2066.8084042021,0.121577843186479
0.180855230551613,5.16033824803901,2053.60180090045,0.207324362809998
0.167226206951361,3.01210229799636,2052.10105052526,0.119295357080446
0.190744709792691,6.01097243209366,2053.15157578789,0.259039177122895
0.171936681127158,4.85759838400825,2054.35217608804,0.179446920791289
0.184794835927934,4.52026390637434,2052.25112556278,0.196941740918604
0.175758072849624,12.1344753910871,2059.15457728864,0.294873041290507
0.141190935685859,8.03944940844679,2063.35667833917,0.128668761475619
0.158198208978063,10.5076446271293,2061.55577788894,0.197166879309441
0.170159494150528,11.3897483457029,2059.75487743872,0.258728216870127
0.181192544496431,12.4529951356256,2058.40420210105,0.330008996437528
0.161318409781986,5.49775074742009,2056.75337668834,0.164971142802261
0.162187975080473,3.10007958542497,2053.00150075038,0.11572488764628
