0.102743921814309,1.61734325078285,2086.16808404202,0.00384098863344921
0.181323777694737,1.01449885892793,2059.30465232616,0.0166986359804085
0.193384859222488,1.017423759841,2057.50375187594,0.0213312171520258
0.182209629118817,1.42081696649143,2060.95547773887,0.027161959267066
0.189722568419623,1.00288309926358,2057.95397698849,0.0127484839225289
0.0954345263408821,1.00867425853989,2085.56778389195,0.00110199395734358
0.15657289836351,2.18189932872234,2068.75937968984,0.0162989148498028
0.157072132298485,2.25859550568368,2068.90945472736,0.016426991026764
0.169830924895674,1.00867425853989,2061.25562781391,0.0102560396728365
0.149242472487847,1.017423759841,2065.60780390195,0.00263211813730517
0.179739537192682,1.90576794350953,2063.05652826413,0.0272359550567282
0.179289449437059,1.00867425853989,2059.6048024012,0.00243714716712683
0.195221018839167,3.12697047724319,2062.90645322661,0.0420157529371811
0.16120582750755,1.00577451078852,2062.90645322661,0.00977783380894087
0.171493216832607,1.00867425853989,2060.95547773887,0.0164027449441274
0.17669617463267,1.01158236655188,2060.05502751376,0.0117087547298308
0.162566904922442,1.11882507338448,2063.20660330165,0.0169620287903689
0.188209696746215,1.017423759841,2058.25412706353,0.0147995328406161
0.168270354324672,1.01158236655188,2061.55577788894,0.00495930748115804
0.197295673654474,2.49085867387056,2061.40570285143,0.0422974081480514
0.167594748060365,1.01449885892793,2061.70585292646,0.00955744500249308
0.112682252608849,1.00288309926358,2077.01350675338,0.00424946470347068
0.161504599909653,1.01449885892793,2062.90645322661,0.00953271726401878
0.16082177387634,1.017423759841,2063.05652826413,0.012951239313461
0.187104809241902,1.01449885892793,2058.40420210105,0.00238751702609851
0.151507857304142,1.00577451078852,2065.00750375188,0.0126737634902941
0.190479607719349,2.23917234584048,2062.0060030015,0.0356235158730419
0.189906449180565,1.00867425853989,2057.95397698849,0.0129806572996423
0.135673841231883,1.00288309926358,2069.05952976488,0.00619018319338073
0.144361928372116,1.017423759841,2066.8084042021,0.00608993427229994
0.18379451445977,1.00288309926358,2058.85442721361,0.0062056476432584
0.183907532910609,1.00577451078852,2058.85442721361,0.0118158068398862
0.197578974967277,7.37423424898408,2066.95847923962,0.0476452744512937
0.075999619250682,1.00288309926358,2099.67483741871,0.00158946594607249
0.175026319998689,1.01158236655188,2060.35517758879,0.00415046305593662
0.138889716623164,1.00288309926358,2068.15907953977,0.00747881833874961
0.193041845415291,1.00867425853989,2057.50375187594,0.0035545069942171
0.162626110086313,1.00288309926358,2062.60630315158,0.00904674877302415
0.181686895302282,1.27358007675926,2060.50525262631,0.0259462378651707
0.112332813856638,1.00288309926358,2077.1635817909,0.00199344440746048
0.129935611221602,1.01158236655188,2070.86043021511,0.00272258611713781
0.180061391146583,3.16318819550752,2065.75787893947,0.0297244947443658
0.180331390060219,1.01158236655188,2059.45472736368,0.0047834727506595
0.190052049900915,1.01158236655188,2057.95397698849,0.00800901805636961
0.199774247390109,9.02067029565308,2067.55877938969,0.0508657942498078
0.194685476463539,5.45047194460812,2065.90795397699,0.0438472376903883
0.129738865731124,1.00577451078852,2070.86043021511,0.00125550820891154
0.183203023322443,1.01158236655188,2059.00450225113,0.0115458133285706
0.174189523676544,1.01449885892793,2060.50525262631,0.0102654622786018
0.192041009279698,1.00867425853989,2057.65382691346,0.0214296243111262
0.121685480859784,1.00577451078852,2073.56178089045,0.00461488062023864
0.196459380053719,1.01449885892793,2057.05352676338,0.0115080932497231
0.115767821690385,1.00867425853989,2075.81290645323,0.00209860708435037
0.171777267748477,4.57261925984919,2069.65982991496,0.0250523916971845
0.150108966450005,1.00288309926358,2065.30765382691,0.011212235428803
0.137820126315974,1.00288309926358,2068.45922961481,0.00127499819019116
0.1455335957523,1.01449885892793,2066.50825412706,0.0109296974077183
0.185786489054945,1.00288309926358,2058.55427713857,0.0216067269336442
0.136689238353764,3.40904833026788,2077.76388194097,0.0100054577682895
0.198636389212518,6.25819530279368,2065.90795397699,0.048507930476334
0.17857658499451,1.01449885892793,2059.75487743872,0.00657613339409695
0.12190882651326,1.01449885892793,2073.56178089045,0.00203317320424874
0.196117670480458,1.00288309926358,2057.05352676338,0.0139850244306439
0.171612379741918,1.01449885892793,2060.95547773887,0.0198731328853685
0.111372282557628,1.0232988843187,2077.76388194097,0.00464295527940474
0.186585088090422,2.0538945595859,2062.15607803902,0.0324926361444857
0.155807910777188,1.01449885892793,2064.10705352676,0.00943767404548791
0.177816775849426,1.017423759841,2059.90495247624,0.00869446208668097
0.169281978431812,1.017423759841,2061.40570285143,0.0035659246353869
0.182198909759774,1.01158236655188,2059.15457728864,0.0235451895492535
0.192201027863853,1.01449885892793,2057.65382691346,0.0166611111930061
0.197235846395914,1.00577451078852,2056.90345172586,0.00138581523626819
0.15625902288459,1.00867425853989,2063.95697848924,0.00849235756908375
0.195680198573612,4.54636621906863,2064.85742871436,0.0436495385094885
0.150393030017208,1.01158236655188,2065.30765382691,0.00985423983157123
0.0992030061411248,1.00867425853989,2083.46673336668,0.00201942240459924
0.182458131582895,4.43008034640065,2067.25862931466,0.0318403246451609
0.175372620502676,1.0684573459204,2060.50525262631,0.0220125324808734
0.171646613182496,1.01449885892793,2060.95547773887,0.00512340893635124
0.195320807514263,1.01158236655188,2057.2036018009,0.00219783691752504
0.18434462458843,1.017423759841,2058.85442721361,0.00244835736736348
0.1444350271288,1.017423759841,2066.8084042021,0.00990791317922561
0.190943594998503,4.99947880072813,2066.20810405203,0.0395225682826023
0.151830618589422,1.017423759841,2065.00750375188,0.00863552107704036
0.184002838630364,3.72728711692345,2065.90795397699,0.0330450175502584
0.184554189142016,1.63607591315362,2061.40570285143,0.029152324931922
0.170499600833856,1.00288309926358,2061.10555277639,0.015538865240509
0.151595399454306,8.71435120329488,2079.26463231616,0.0152664416398006
0.129001810507473,1.01449885892793,2071.16058029014,0.00265479362762127
0.191868658204147,1.00577451078852,2057.65382691346,0.00265514510978346
0.198434283188678,1.00577451078852,2056.75337668834,0.00224872968059075
0.142619767581903,1.017423759841,2067.25862931466,0.00849710727364024
0.177504004402962,1.00867425853989,2059.90495247624,0.0153251486927881
0.155694589906643,1.01158236655188,2064.10705352676,0.00277919764679879
0.173250190078512,1.01158236655188,2060.65532766383,0.00591871367376856
0.188051455914266,1.01158236655188,2058.25412706353,0.0132503887972375
0.187084312367937,1.01158236655188,2058.40420210105,0.0110424378685141
0.16133956816478,1.00867425853989,2062.90645322661,0.00164926265552099
0.157824417348193,3.79223047250718,2072.06103051526,0.0172975551487164
0.169031344349681,1.00867425853989,2061.40570285143,0.0160443312171505
0.183127049004515,1.67902152597229,2061.70585292646,0.0287990689227259
0.198711433706056,1.01449885892793,2056.75337668834,0.00947380183235942
0.158294905540313,1.00577451078852,2063.50675337669,0.00194123887970996
0.197229237087217,1.00577451078852,2056.90345172586,0.0239438127519392
0.170156349157082,1.017423759841,2061.25562781391,0.0109623924956195
0.15428124287365,1.00867425853989,2064.4072036018,0.0133005970565916
0.194123426234871,1.00867425853989,2057.35367683842,0.0115003051311485
0.174228316841219,3.20905081491668,2067.10855427714,0.025666193576385
0.164254117716212,1.00577451078852,2062.30615307654,0.0049035050774817
0.147310617812642,1.035151107089,2066.20810405203,0.01168744935012
0.189203427156347,1.017423759841,2058.10405202601,0.00805579030046823
0.170567519180163,1.00577451078852,2061.10555277639,0.0155261275972473
0.199703847608607,4.21848286189654,2063.65682841421,0.0484910674936045
0.171533982644791,1.00867425853989,2060.95547773887,0.0138710102822065
0.158677997038796,1.017423759841,2063.50675337669,0.0131818227594821
0.164724167168352,1.24100474879353,2063.35667833917,0.0182746402706252
0.190986838519591,1.65026765861521,2060.35517758879,0.0335709077261486
0.186281805358534,9.2308418493486,2070.41020510255,0.0367103976854855
0.192257222020423,1.01449885892793,2057.65382691346,0.00374971949008433
0.164451348635004,1.01449885892793,2062.30615307654,0.00493678224455209
0.176297840121373,2.73123512958793,2065.75787893947,0.0264764283864217
0.187825064489717,1.00577451078852,2058.25412706353,0.00656800400947869
0.175213013971307,3.9368492691367,2068.00900450225,0.0270164525864906
0.109684023699898,1.00867425853989,2078.36418209105,0.00252323604516949
0.122224804226508,1.04714060664789,2073.71185592796,0.00630884205258486
0.125296130384345,1.01158236655188,2072.3611805903,0.00153343149759985
0.140781386664983,1.01158236655188,2067.70885442721,0.00800108692848932
0.185571146843749,1.14160110005127,2059.15457728864,0.027573074772727
0.169705569477729,1.00577451078852,2061.25562781391,0.00242877036448162
0.167584026445619,1.76324060258228,2065.00750375188,0.0203916597985015
0.152910954200231,1.00867425853989,2064.70735367684,0.0123601300632552
0.164406503490261,8.41843393067599,2075.21260630315,0.0212336275894013
0.195813772794488,1.20926262481036,2057.95397698849,0.0339049207787618
0.196560954494761,4.70617602490094,2064.85742871436,0.0448465146265856
0.197304065330361,1.00577451078852,2056.90345172586,0.0197504617058156
0.130750101375456,1.00577451078852,2070.56028014007,0.00116778008715661
0.141348929133192,1.01158236655188,2067.55877938969,0.00455160293830211
0.178695618490388,1.017423759841,2059.75487743872,0.0205430675578193
0.112888074018148,1.01158236655188,2077.01350675338,0.00485346708489838
0.163743212988495,1.01449885892793,2062.45622811406,0.00569391578556
0.177611022651954,1.01158236655188,2059.90495247624,0.0184681941333415
0.193121342800334,1.00867425853989,2057.50375187594,0.0166958089539984
0.177515800460554,1.00867425853989,2059.90495247624,0.0202707039196693
0.187471934231669,1.74305193613896,2061.25562781391,0.0314215753115144
0.102017221913406,1.00577451078852,2081.9659829915,0.00258159835901336
0.199807569194154,1.01449885892793,2056.60330165083,0.0329665406470264
0.180483369169388,1.01449885892793,2059.45472736368,0.0125449097753505
0.199185784033023,1.53566531100084,2058.70435217609,0.0389002099925689
0.172681537818188,4.11058351166975,2068.90945472736,0.0251186510678064
0.159099524527861,1.00867425853989,2063.35667833917,0.00210817358159249
0.190205029149865,9.12515100556096,2069.50975487744,0.0404207453034159
0.178598966356546,1.01449885892793,2059.75487743872,0.00837961843128692
0.119829833449996,1.55793070570556,2077.91395697849,0.00612303620316345
0.165889345054511,1.00867425853989,2062.0060030015,0.0143547385837819
0.173236890542527,1.01158236655188,2060.65532766383,0.00506428591950085
0.18956284952192,1.27725193454067,2059.15457728864,0.0307127834176161
0.142620662927089,4.88564863828298,2078.21410705353,0.0120143719111936
0.125365139188092,1.01449885892793,2072.3611805903,0.00144883860409334
0.198271694695032,1.00288309926358,2056.75337668834,0.0242787737306889
0.11614659000343,1.00867425853989,2075.66283141571,0.00124926883781047
0.163814559707589,1.23033252636976,2063.50675337669,0.0178436480984235
0.193908475497933,1.54009278652809,2059.45472736368,0.0353883000127495
0.149239640910445,1.017423759841,2065.60780390195,0.00359758052584933
0.181371805528344,7.90177085082341,2070.56028014007,0.0328020377847661
0.187862999256207,1.00577451078852,2058.25412706353,0.0176304888155604
0.187009819074424,1.01158236655188,2058.40420210105,0.00101982809341251
0.179345550075887,1.00867425853989,2059.6048024012,0.00295246764735514
0.199795558396463,1.01449885892793,2056.60330165083,0.0126476254692876
0.191207610121782,1.01449885892793,2057.80390195098,0.0204112068030394
0.164412153691312,1.01158236655188,2062.30615307654,0.0024264907710298
0.157965116856648,1.017423759841,2063.65682841421,0.0114433268739718
0.149864402390262,1.01449885892793,2065.45772886443,0.00324663417066845
0.150407852572452,1.01158236655188,2065.30765382691,0.00304607700310031
0.133993740789368,1.017423759841,2069.65982991496,0.00433089122072457
0.186158735204619,1.01449885892793,2058.55427713857,0.0151859603395407
0.101947954639227,1.00288309926358,2081.9659829915,0.00197159538611288
0.185149128429792,1.01449885892793,2058.70435217609,0.0254131752528008
0.195247997934631,1.90576794350953,2060.35517758879,0.0383053697012741
0.191964700300698,2.15691712397049,2061.55577788894,0.0365651927787776
0.137465193351938,1.92784124639408,2073.26163081541,0.00997033634102121
0.0919463806710131,1.00867425853989,2087.66883441721,0.00111963446242996
0.177327423668463,2.66904925964653,2065.45772886443,0.0268710558612216
0.170333723285334,1.84105289600553,2064.70735367684,0.021831166277516
0.153630998237365,1.01158236655188,2064.55727863932,0.00585562676285466
0.19010362682911,1.01158236655188,2057.95397698849,0.00634026539060361
0.176457248537264,2.46943812909056,2065.15757878939,0.0262392835593085
0.181303034882959,1.01158236655188,2059.30465232616,0.00660164299345008
0.18904892894861,2.10780755947618,2062.0060030015,0.0337477794439398
0.193061239400078,1.00867425853989,2057.50375187594,0.0102668508514655
0.0809660764449511,1.00867425853989,2095.47273636818,0.00118749238721903
0.188099316421007,1.01449885892793,2058.25412706353,0.00586129738105805
0.190187990865564,1.01449885892793,2057.95397698849,0.0229794469216538
0.159311550524936,1.01449885892793,2063.35667833917,0.0142097492763106
0.159639987795761,1.00288309926358,2063.20660330165,0.00970025459655427
0.185053688789316,2.69220128298041,2063.95697848924,0.0324756608286615
0.158386935402689,1.00867425853989,2063.50675337669,0.0039726958258786
0.190277593158729,1.54453302690677,2060.05502751376,0.0328229429950506
0.159628290585617,1.00288309926358,2063.20660330165,0.0079360937206801
0.175943690419281,1.01449885892793,2060.20510255128,0.00387556695992645
0.140405862433794,5.46618619625777,2079.86493246623,0.0112362264035115
0.189002516272634,1.01158236655188,2058.10405202601,0.00282203018904828
0.174314718361364,1.017423759841,2060.50525262631,0.0158284138738537
0.151619549057925,1.00288309926358,2064.85742871436,0.0130250473133914
0.194394687302578,1.01449885892793,2057.35367683842,0.0182107753508306
0.168172650565487,1.00867425853989,2061.55577788894,0.0108476242181666
0.198604121752544,1.69358579278262,2059.30465232616,0.0394338459919405
0.148216914292094,1.50936647207927,2068.45922961481,0.0127524896241688
0.119225781333344,1.00577451078852,2074.46223111556,0.00531854753835796
0.18024102714017,1.56692699337341,2061.85592796398,0.0265800746467846
0.154417604992302,1.01449885892793,2064.4072036018,0.00515046656852579
0.184295626086649,3.98244730043134,2066.20810405203,0.0335073936695302
0.198433250112292,1.39247031798524,2058.40420210105,0.0367857877097645
0.198468204504288,1.00867425853989,2056.75337668834,0.0121670322987548
0.192065576634671,1.00867425853989,2057.65382691346,0.0065778548324301
0.154898500118953,1.00867425853989,2064.25712856428,0.00869227607643198
0.167171187833831,1.32978351631576,2063.35667833917,0.0193790734055097
0.185847468053994,1.87313095952011,2061.85592796398,0.0310913739239625
0.186239464149282,1.017423759841,2058.55427713857,0.00555145706060517
0.174846285898687,1.00867425853989,2060.35517758879,0.0149564762050427
0.199538487679878,1.00577451078852,2056.60330165083,0.00815084769841632
0.148870820975311,1.00288309926358,2065.60780390195,0.00898504509324975
0.181505901442698,1.017423759841,2059.30465232616,0.0130088557604954
0.15566887932582,1.01158236655188,2064.10705352676,0.00760384425969994
0.188092053406649,1.11240149892777,2058.70435217609,0.0283964287484225
0.147893198019367,1.01158236655188,2065.90795397699,0.00351483606332227
0.198851270042551,1.3804955427344,2058.25412706353,0.0372026185411935
0.180168672749847,1.93897358646993,2063.05652826413,0.0276312806733419
0.160357452646333,1.20578622343754,2064.10705352676,0.0164418333813782
0.165546215087417,1.15482354244809,2062.75637818909,0.0183259964463516
0.190199370765579,1.12528574084121,2058.40420210105,0.0298123091555965
0.162707134693329,1.00577451078852,2062.60630315158,0.0158927135832123
0.145383401730066,1.00867425853989,2066.50825412706,0.0094797623690131
0.183101952820485,1.00867425853989,2059.00450225113,0.01159941138946
0.181289887624804,3.20905081491668,2065.60780390195,0.0305666160712949
0.148989439658803,1.00577451078852,2065.60780390195,0.0106149284195229
0.159654493934161,1.00288309926358,2063.20660330165,0.00143646713983053
0.179146305350024,1.00288309926358,2059.6048024012,0.0200544246454123
0.179571968830133,1.01449885892793,2059.6048024012,0.0143061714801892
0.191773363713408,1.00288309926358,2057.65382691346,0.026095523039646
0.137261665847691,1.00288309926358,2068.60930465233,0.00675052201429185
0.155685844771064,3.20905081491668,2071.46073036518,0.0164694427599374
0.187036830797946,1.01158236655188,2058.40420210105,0.0131709336989289
0.189298647081907,2.00136053357019,2061.55577788894,0.0342677918773159
0.183005339508892,4.48139116082693,2067.10855427714,0.0328503254993854
0.183799810554887,1.00288309926358,2058.85442721361,0.00841199421124064
0.186617464208102,4.19426304469508,2066.05802901451,0.0354258887822196
0.187826408934701,1.00577451078852,2058.25412706353,0.019360424249345
0.196031877337539,4.88564863828298,2065.15757878939,0.0443562706919241
0.194100844005516,1.00867425853989,2057.35367683842,0.0171555427361986
0.0980719367045621,1.00867425853989,2084.06703351676,0.00259472037247653
0.197426644319877,1.00867425853989,2056.90345172586,0.021755876539418
0.178302890493473,4.74699861247518,2068.45922961481,0.0292356333803134
0.19743464005097,1.00867425853989,2056.90345172586,0.0177282139967101
0.190598356120608,1.33361741419236,2059.30465232616,0.0314522090355939
0.152813393003318,1.00577451078852,2064.70735367684,0.00321342031320184
0.1922426488712,1.47500060364494,2059.6048024012,0.0332639345295078
0.14571655894825,2.0657547958787,2071.31065532766,0.0123265743569347
0.12163260365056,1.00288309926358,2073.56178089045,0.00472189881155893
0.198989432656218,1.00577451078852,2056.60330165083,0.0332857359060993
0.153079129647624,9.86276078296599,2079.5647823912,0.0159892387101985
0.191216617685684,1.3804955427344,2059.30465232616,0.0324999043602582
0.174700740557537,1.00288309926358,2060.35517758879,0.0173661858187757
0.133947751873317,1.12205075712963,2070.41020510255,0.00856673028419343
0.199474357902143,1.00577451078852,2056.60330165083,0.0204234263898649
0.139955615429761,2.23917234584048,2073.56178089045,0.0107515503060655
0.182930691189064,1.00577451078852,2059.00450225113,0.0194746471001568
0.121865823563025,1.01158236655188,2073.56178089045,0.00213944253836947
0.197304884757813,1.00577451078852,2056.90345172586,0.00738843774695839
0.146134335706845,1.01449885892793,2066.35817908954,0.00641440272296687
0.193879408222705,2.39935784176774,2061.85592796398,0.0384991438736701
0.14802522360062,1.017423759841,2065.90795397699,0.00940875181980658
0.188503650050255,1.29204553462562,2059.45472736368,0.0299159010411848
0.162924787551564,1.01449885892793,2062.60630315158,0.0146241530042247
0.124419609203596,1.01158236655188,2072.66133066533,0.00240433358947738
0.193150261687681,1.35685404373703,2059.00450225113,0.0331891409154258
0.193886900204805,1.00288309926358,2057.35367683842,0.0110885287221734
0.193075367712571,1.00867425853989,2057.50375187594,0.0193372277784582
0.195207297273642,1.00867425853989,2057.2036018009,0.00814366809858028
0.174388909866547,1.47925317679908,2062.60630315158,0.0231132283107052
0.175540209654834,1.00288309926358,2060.20510255128,0.00967106794709521
0.174176830988037,1.01449885892793,2060.50525262631,0.013312156499911
0.191956510232994,3.66345594042931,2064.4072036018,0.0391209897377098
0.170791277745613,1.01158236655188,2061.10555277639,0.0186173623099177
0.1216527627579,1.00288309926358,2073.56178089045,0.00189918060302223
0.193106174756492,8.27426512232383,2068.30915457729,0.0439384495304431
0.18824843961157,1.017423759841,2058.25412706353,0.0203668700708015
0.186930977545666,1.00867425853989,2058.40420210105,0.013457351404282
0.16741622418746,1.00867425853989,2061.70585292646,0.0136971344096761
0.15512394740337,1.01449885892793,2064.25712856428,0.00519155769164404
0.161887839574319,1.00288309926358,2062.75637818909,0.0107892261374841
0.189165305034313,4.0401882420282,2065.30765382691,0.037876244886047
0.196518914942131,1.01449885892793,2057.05352676338,0.0043252623277366
0.144918933395514,1.01449885892793,2066.65832916458,0.00962416950230449
0.0857572767535803,1.01158236655188,2091.87093546773,0.00194979651113034
0.175750619333313,1.00867425853989,2060.20510255128,0.00408702257906102
0.131351038311843,1.01158236655188,2070.41020510255,0.00754415720436703
0.199871312786885,1.01449885892793,2056.60330165083,0.00934741079888137
0.147189589655296,1.00867425853989,2066.05802901451,0.00235131388745056
0.168972044372945,1.00577451078852,2061.40570285143,0.00354173468334213
0.106667971939958,1.0232988843187,2079.86493246623,0.00301282916325644
0.181655961288889,2.97761447568876,2065.15757878939,0.0304008093629335
0.197500877793655,2.90981894079874,2062.15607803902,0.0437158473365917
0.171803817178055,1.18513668643434,2061.70585292646,0.0210948208159904
0.191370823818761,1.90028922105573,2060.95547773887,0.0353495538582519
0.199755989825219,1.01158236655188,2056.60330165083,0.00897653083813528
0.195392254579877,1.58051892322707,2059.45472736368,0.0362304566198678
0.189617800107116,1.30701047960937,2059.30465232616,0.0308260477825164
0.139001035761203,1.00577451078852,2068.15907953977,0.00861081872673601
0.194390963484869,8.78994173863968,2068.45922961481,0.0447070993073361
0.178548073734616,1.01158236655188,2059.75487743872,0.00974316213080439
0.123052506216968,1.00867425853989,2073.11155577789,0.00624757192903414
0.135393773218599,1.01158236655188,2069.2096048024,0.00115470703267816
0.166865154524604,1.017423759841,2061.85592796398,0.00526804848178655
0.157566727588118,2.27818714703702,2068.75937968984,0.0168375987262206
0.169946326620429,2.44116367657533,2066.35817908954,0.0227748488376738
0.18897536088928,1.96143148928283,2061.55577788894,0.0336258725718494
0.19608758667827,1.00288309926358,2057.05352676338,0.00429048569210482
0.11186580034844,1.01449885892793,2077.46373186593,0.00227718458470882
0.196831783420783,8.81528401319323,2068.00900450225,0.0473075363592499
0.144863006370074,1.01158236655188,2066.65832916458,0.010971023026695
0.141958544996469,1.01158236655188,2067.40870435218,0.00921909792982255
0.176020657692097,1.28093437865255,2061.40570285143,0.0234611311371155
0.159435052295449,1.45811221351425,2065.60780390195,0.0164126335927385
0.135767261057679,1.00577451078852,2069.05952976488,0.00617142114422268
0.193122667308242,1.74807732789242,2060.35517758879,0.0353526831831482
0.156847814687525,1.00288309926358,2063.80690345173,0.00448061148089226
0.120757998634371,6.72522667244931,2089.61980990495,0.00667160029146705
0.185931900501074,1.00867425853989,2058.55427713857,0.0185582617639395
0.145800935030975,1.00288309926358,2066.35817908954,0.00651043533813464
0.169616592048669,1.00288309926358,2061.25562781391,0.00607999337108118
0.197178802853045,10.0925521055113,2068.60930465233,0.0482162829086129
0.157360596458771,1.32596064017055,2065.45772886443,0.0154248716124069
0.184793616797852,1.00288309926358,2058.70435217609,0.0232568694387204
0.190931293292517,1.00867425853989,2057.80390195098,0.0114198346214728
0.186738440164213,1.00288309926358,2058.40420210105,0.00343697606264049
0.199432147019595,5.14550325140415,2064.70735367684,0.0491948391599285
0.192981016494208,1.00577451078852,2057.50375187594,0.00714725758129413
0.0928978570119765,1.02035709353375,2087.21860930465,0.00251341096155909
0.189177088885453,1.01449885892793,2058.10405202601,0.00414128061998082
0.113555229390647,1.00867425853989,2076.71335667834,0.00416587455474199
0.155216450421438,1.017423759841,2064.25712856428,0.00993589392484091
0.179378901976298,2.07171057200942,2063.50675337669,0.0277355327228946
0.186012165824497,1.01158236655188,2058.55427713857,0.0212560193798125
0.171458534262152,1.00867425853989,2060.95547773887,0.00679354239071519
0.152746467911827,1.00288309926358,2064.70735367684,0.00140120609653247
0.141879168868988,1.00867425853989,2067.40870435218,0.00127104797457147
0.160488928552109,1.00577451078852,2063.05652826413,0.0143637200855442
0.190914856424211,1.00577451078852,2057.80390195098,0.0234987522611056
0.186298047746603,1.4249133228412,2060.35517758879,0.0293056271955078
0.152557725192208,1.08394875824941,2065.15757878939,0.0134973400418396
0.171615205817149,1.62668261683323,2063.65682841421,0.0222383896769345
0.101226372050028,1.01158236655188,2082.41620810405,0.00152897495353685
0.192387897355995,1.92784124639408,2060.95547773887,0.0357397608287131
0.0868676214998953,1.00288309926358,2090.97048524262,0.00137761996686829
0.195389644574222,1.01449885892793,2057.2036018009,0.0153272998743981
0.129889408293087,1.01158236655188,2070.86043021511,0.00509909862702148
0.115090333026147,1.01158236655188,2076.11305652826,0.00381803908260483
0.162789637643013,1.00867425853989,2062.60630315158,0.0140334717120957
0.199915769904101,1.32214875407135,2057.80390195098,0.0377523297147193
0.156868510060256,1.00577451078852,2063.80690345173,0.0125421127774152
0.120777643293213,1.00288309926358,2073.86193096548,0.00251468120192336
0.196426615015084,1.01158236655188,2057.05352676338,0.0309164725325105
0.166530873541093,1.00577451078852,2061.85592796398,0.0106354790589629
0.157814368289962,1.01158236655188,2063.65682841421,0.0107465315156281
0.134639463883134,1.08707389011608,2069.95997999,0.00868905362931537
0.114739946899945,1.01158236655188,2076.26313156578,0.0039658831287264
0.16356094934275,1.00867425853989,2062.45622811406,0.00662838851817903
0.165398134989193,8.46704626823108,2074.91245622811,0.0220057954338795
0.173929999804183,1.43314150019665,2062.45622811406,0.0229126753686899
0.183028907734684,1.00867425853989,2059.00450225113,0.0211595634343513
0.182080706281693,3.22758151346831,2065.45772886443,0.0313017616946839
0.135330582360541,1.00867425853989,2069.2096048024,0.00561277492436266
0.180468532217848,1.01449885892793,2059.45472736368,0.0136719271739795
0.13902584306512,1.00867425853989,2068.15907953977,0.00533036488208341
0.155612453432664,1.00867425853989,2064.10705352676,0.00474148021589227
0.189133331172194,1.01449885892793,2058.10405202601,0.012882153673468
0.129023215332807,1.01449885892793,2071.16058029014,0.00227199834227793
0.198827585719634,4.17018228211692,2063.80690345173,0.0469680654518981
0.188857049022559,1.00577451078852,2058.10405202601,0.0144087751585275
0.177481095672752,1.00867425853989,2059.90495247624,0.00808499702395167
0.17430425605133,1.45392041663176,2062.45622811406,0.0232041993596419
0.120511679697803,1.00867425853989,2074.012006003,0.00467908774346614
0.186070242825551,1.01158236655188,2058.55427713857,0.00654741853062742
0.170694250881819,1.00867425853989,2061.10555277639,0.00137274237527787
0.174138330712996,1.01158236655188,2060.50525262631,0.0124274382214338
0.154409674317098,1.01449885892793,2064.4072036018,0.0014526266349241
0.189722074858676,2.74700667630971,2063.20660330165,0.0362943134899775
0.182050455590683,1.84105289600553,2062.45622811406,0.0284289708558247
0.129733144462868,1.00288309926358,2070.86043021511,0.0026639315879633
0.160790864553594,1.017423759841,2063.05652826413,0.0083133387432274
0.181009234078864,2.26510726072284,2063.80690345173,0.028722259839999
0.178655166700314,1.01449885892793,2059.75487743872,0.00578027408848101
0.131348041432066,1.01158236655188,2070.41020510255,0.00474941847538302
0.136323437366803,1.00577451078852,2068.90945472736,0.00147852714533459
0.16495470867117,1.24458268867087,2063.35667833917,0.0183104343805536
0.183439320954896,1.2267955530143,2059.90495247624,0.026932083827593
0.19848066389719,1.05926897298544,2056.90345172586,0.0338240760838384
0.176412034013121,1.00288309926358,2060.05502751376,0.00864030259337321
0.195005037178898,1.00288309926358,2057.2036018009,0.00641352346532423
0.171357635732744,2.02454102487246,2065.00750375188,0.0228280195824623
0.160126610685496,1.017423759841,2063.20660330165,0.0130911424910179
0.142605404947444,1.01449885892793,2067.25862931466,0.00609885973476999
0.133974218517526,1.07153781450759,2069.95997999,0.00862413053792958
0.169876108100504,1.00867425853989,2061.25562781391,0.00828262692934455
0.151105230936579,1.01449885892793,2065.15757878939,0.0120771985918746
0.160734441860307,1.01449885892793,2063.05652826413,0.00675827066738859
0.165226937172533,1.01449885892793,2062.15607803902,0.00397902196188623
0.189288802142694,1.70336542221432,2060.80540270135,0.0325999331006011
0.188886306384469,1.00867425853989,2058.10405202601,0.0171819459719254
0.193878698889552,3.55949057200184,2063.80690345173,0.0414972578700773
0.161557079283084,1.017423759841,2062.90645322661,0.00617710176854393
0.14534376515708,1.00867425853989,2066.50825412706,0.00198471725086516
0.141882279545746,1.00867425853989,2067.40870435218,0.00971547766480256
0.183239708372532,1.01449885892793,2059.00450225113,0.0163450301145525
0.199799851695182,1.01449885892793,2056.60330165083,0.0320795346549305
0.123759787168948,1.00288309926358,2072.81140570285,0.00286017507127359
0.168488897580185,1.017423759841,2061.55577788894,0.0141123386358469
0.144588602549749,1.00288309926358,2066.65832916458,0.00922691253273335
0.182555605872487,5.35713058780925,2068.15907953977,0.0330570775794317
0.118676187051428,1.11240149892777,2075.51275637819,0.00578882124909093
0.15313832992244,1.017423759841,2064.70735367684,0.0093382425353925
0.182965589062713,1.00577451078852,2059.00450225113,0.00489135607417524
0.179780605655114,1.60805750536954,2062.0060030015,0.0267484452147501
0.199521641087681,1.00577451078852,2056.60330165083,0.0240988503788004
0.134738904176267,1.00577451078852,2069.35967983992,0.00199739012516316
0.17106728715632,3.49853297367273,2068.30915457729,0.0239390142434018
0.103902412441489,1.01158236655188,2081.06553276638,0.0019933063552118
0.18283843787603,1.28093437865255,2060.35517758879,0.0265625877528239
0.198161138557916,1.27725193454067,2057.95397698849,0.0358039941362978
0.0952213648023254,1.01158236655188,2085.71785892946,0.00187987647747307
0.198362632590093,1.00577451078852,2056.75337668834,0.00808784829807614
0.177789513873383,2.69220128298041,2065.30765382691,0.0276656802372302
0.177578793815929,4.41734470314007,2068.15907953977,0.0288235299894081
0.160549132666248,1.00867425853989,2063.05652826413,0.00684747813771119
0.157775175565645,1.01158236655188,2063.65682841421,0.00493772466180806
0.160475631818774,1.00577451078852,2063.05652826413,0.00494213206475901
0.184060912776339,1.01158236655188,2058.85442721361,0.00557549370166382
0.155481767864086,1.28462743961633,2065.60780390195,0.0148395965348794
0.192233226241663,1.87313095952011,2060.80540270135,0.035539346834404
0.195443928301725,1.01449885892793,2057.2036018009,0.00153287097160702
0.127008771907036,1.00867425853989,2071.76088044022,0.00468398442743768
0.18686044257858,1.00577451078852,2058.40420210105,0.0159059831363456
0.146065872234634,1.01158236655188,2066.35817908954,0.0054737583409347
0.197744352963465,1.017423759841,2056.90345172586,0.0116156727314255
0.18525438561823,6.90175820040029,2069.05952976488,0.0353118264574945
0.147202007585302,1.00867425853989,2066.05802901451,0.00892858863383317
0.122985237657308,1.00577451078852,2073.11155577789,0.00275373190962854
0.197416167983593,1.04413027541975,2057.05352676338,0.0326713540507034
0.153626311681973,1.01158236655188,2064.55727863932,0.00577339143387375
0.0856687320087069,1.00577451078852,2091.87093546773,0.00105606841321154
0.160547068201999,1.00867425853989,2063.05652826413,0.00931939026951522
0.188631040752794,6.44098426295101,2068.00900450225,0.0380460667145908
0.144066214198873,1.00577451078852,2066.8084042021,0.00641910862542783
0.169141340830333,1.01158236655188,2061.40570285143,0.00867443569397776
0.180491434195168,1.01449885892793,2059.45472736368,0.00580123965762271
0.151713527292109,1.01158236655188,2065.00750375188,0.00400788285770546
0.158463444228492,2.69220128298041,2069.65982991496,0.0173193243725423
0.175826602571039,5.35713058780925,2069.65982991496,0.0278831955159783
0.191906950576883,1.00577451078852,2057.65382691346,0.00327751404200244
0.160460609335688,3.04698957090351,2069.95997999,0.0183207041400801
0.189253046324783,1.017423759841,2058.10405202601,0.00768682547866329
0.18750672566387,1.60343464412786,2060.80540270135,0.0308420761472125
0.0969776619123907,1.00867425853989,2084.66733366683,0.00136147193538805
0.132251829500399,1.00867425853989,2070.11005502751,0.00105603808162879
0.167470905418253,1.01158236655188,2061.70585292646,0.0105821751223532
0.194905061278126,9.07276025359497,2068.45922961481,0.0458456824466796
0.143695493489355,1.01449885892793,2066.95847923962,0.008956173503631
0.188421325982021,4.25507507288674,2065.75787893947,0.037203782720225
0.195501052940747,1.017423759841,2057.2036018009,0.0308583800493644
0.170979976449927,1.017423759841,2061.10555277639,0.0178259066320943
0.152955853967971,1.01158236655188,2064.70735367684,0.00236398076312416
0.116823807593815,1.00288309926358,2075.36268134067,0.0024835631261835
0.166122998324158,1.017423759841,2062.0060030015,0.0109443834745289
0.150652318593952,1.03217524340486,2065.30765382691,0.0127506270378992
0.185851682542046,1.30325307163827,2059.90495247624,0.0285284992171534
0.122679851421171,1.01158236655188,2073.26163081541,0.0049939186848148
0.192222910519592,1.18513668643434,2058.40420210105,0.0313931149700175
0.178442951175841,1.00867425853989,2059.75487743872,0.00496601848694519
0.162224219087274,1.18855355314224,2063.65682841421,0.0170296874556773
0.199770152459792,2.89311263070037,2061.85592796398,0.0451552048365506
0.120823311339098,1.00288309926358,2073.86193096548,0.00322998563558696
0.19491915680661,2.6460963359074,2062.15607803902,0.0402569937846986
0.199956120741029,2.62334079957365,2061.25562781391,0.0451350096632766
0.194194774596122,2.29134256329585,2061.55577788894,0.0384773466287047
0.0943997392892399,1.00867425853989,2086.16808404202,0.00184832162494765
0.155713817321165,1.01158236655188,2064.10705352676,0.0140663385529092
0.13593225529087,1.17494491051044,2070.11005502751,0.00911172664638416
0.125830994382146,1.01449885892793,2072.21110555278,0.00120530446192334
0.196212320350297,1.06538573309788,2057.2036018009,0.0327388930498268
0.174401215505428,1.23387969717049,2061.55577788894,0.0222402772387944
0.182979267491096,1.00577451078852,2059.00450225113,0.0064665021257729
0.193799151101314,3.71657187129828,2064.10705352676,0.0412036823374261
0.190719452852028,1.00288309926358,2057.80390195098,0.00277020983044104
0.14288852197717,1.00577451078852,2067.10855427714,0.00461517350892235
0.170831008851686,1.01449885892793,2061.10555277639,0.0179135905818443
0.164330084224419,3.33142973427318,2069.50975487744,0.0204595253120046
0.14367377841943,1.01158236655188,2066.95847923962,0.00385711597935128
0.0914937287628844,1.00867425853989,2087.96898449225,0.00257199734651344
0.173363362839991,1.01449885892793,2060.65532766383,0.014348057105598
0.199431354032479,2.26510726072284,2060.65532766383,0.0429519009624436
0.169094471731144,1.01158236655188,2061.40570285143,0.00237364711127123
0.196211178444066,1.56692699337341,2059.30465232616,0.0366239323538369
0.173069667858161,1.00577451078852,2060.65532766383,0.00622015877870363
0.180821870551851,4.63891702142887,2067.70885442721,0.0314741665598079
0.141989512668745,2.13222095925085,2072.66133066533,0.0111818467893963
0.146560077624877,1.00867425853989,2066.20810405203,0.0108734695793607
0.199414463533578,1.00288309926358,2056.60330165083,0.00493511491439597
0.171536296219176,1.01158236655188,2060.95547773887,0.0125790475419692
0.169929962512332,1.01158236655188,2061.25562781391,0.0102941623264407
0.199985249058409,1.16149208345279,2057.2036018009,0.0357894493049551
0.188768427137976,1.00288309926358,2058.10405202601,0.00674771716357255
0.197747940558449,1.017423759841,2056.90345172586,0.014931169025874
0.140054416362555,1.00577451078852,2067.85892946473,0.00286740896272238
0.198285570724358,1.00288309926358,2056.75337668834,0.0276772634460039
0.181353357542779,1.01449885892793,2059.30465232616,0.0202605344448999
0.172811101055159,1.1028352210931,2061.10555277639,0.0211717803039448
0.152466949806311,1.43314150019665,2067.10855427714,0.0139120075324989
0.166484685265492,1.00288309926358,2061.85592796398,0.0138335770215647
0.197234352990936,4.40464567244553,2064.4072036018,0.0451903350597239
0.191039434706544,1.01158236655188,2057.80390195098,0.0133764647062551
0.172744129703047,1.36076598863131,2062.45622811406,0.0218476160853266
0.171468511874286,1.00867425853989,2060.95547773887,0.0160280918909677
0.141845239606428,1.00867425853989,2067.40870435218,0.00673965734463717
0.158909309719575,1.00288309926358,2063.35667833917,0.00642004747925954
0.148474135437964,1.33361741419236,2067.55877938969,0.0126190733265193
0.15444428287776,1.01449885892793,2064.4072036018,0.00557244254198965
0.137658468054914,1.017423759841,2068.60930465233,0.00682182313255704
0.189063655527495,1.01158236655188,2058.10405202601,0.0184664485418999
0.167497645708706,1.01158236655188,2061.70585292646,0.0173154466752532
0.197323449512638,1.20578622343754,2057.80390195098,0.034442423987224
0.198732591180179,4.8997344482741,2064.70735367684,0.0471064635724985
0.194388899211578,1.95579274466099,2060.65532766383,0.0376916290483683
0.170898317770503,1.017423759841,2061.10555277639,0.00342545137807089
0.170684292338005,1.00867425853989,2061.10555277639,0.00328036813689484
0.132345397313767,1.01158236655188,2070.11005502751,0.00785864775744726
0.173223791011438,1.41265954868704,2062.60630315158,0.0221762388636842
0.148843667291022,2.78683513858361,2072.51125562781,0.0135501482763244
0.185266226260845,1.017423759841,2058.70435217609,0.0176893698606893
0.192110769402928,2.1944987299355,2061.70585292646,0.0363141434502433
0.179714923111314,1.03813555048354,2059.6048024012,0.0238280938338353
0.157968785643508,1.00577451078852,2063.50675337669,0.014961040950161
0.128448032895971,1.00867425853989,2071.31065532766,0.00393776114726896
0.168443724222859,1.01449885892793,2061.55577788894,0.0156522524100813
0.178894082075331,4.48139116082693,2068.00900450225,0.0295319083243987
0.18383861377783,1.00288309926358,2058.85442721361,0.00952996733805487
0.17784998195901,1.017423759841,2059.90495247624,0.0135421282355867
0.161954222503574,1.00577451078852,2062.75637818909,0.00134156683637441
0.129923627074509,1.01158236655188,2070.86043021511,0.00183913067271033
0.189101729991012,1.01449885892793,2058.10405202601,0.0233046648831729
0.144340365193222,1.01449885892793,2066.8084042021,0.00174440182287731
0.199462420887767,1.54453302690677,2058.70435217609,0.0391188544358453
0.180520182134965,1.017423759841,2059.45472736368,0.00383818361034907
0.17667946527252,1.00867425853989,2060.05502751376,0.0179546033397988
0.169747450253396,2.01872085226992,2065.30765382691,0.0220243984004984
0.174801935887424,1.00577451078852,2060.35517758879,0.0154990605941762
0.100015165410138,1.00867425853989,2083.01650825413,0.00233940363978822
0.104519347116352,1.02624915657849,2080.91545772886,0.00151932455118199
0.195070969426714,1.00577451078852,2057.2036018009,0.00127481889414059
0.147485990256638,2.46233896144414,2072.06103051526,0.0129799110084168
0.196651806716562,1.017423759841,2057.05352676338,0.0240705085279714
0.134342114733407,1.01158236655188,2069.50975487744,0.0037738103055461
0.166710057576777,4.27964604980107,2070.56028014007,0.0217018881978355
0.122212623346396,1.00867425853989,2073.41170585293,0.00167001901571948
0.16980426333376,1.00867425853989,2061.25562781391,0.00963446370599406
0.193785943075549,1.51371812544339,2059.45472736368,0.0347814377818783
0.18660473031663,1.29950646550457,2059.75487743872,0.0289906622217261
0.153012057753106,1.01158236655188,2064.70735367684,0.00632784819916018
0.165677271135784,1.00288309926358,2062.0060030015,0.0125075105296208
0.198634193377993,1.01158236655188,2056.75337668834,0.0304225585439131
0.144240636741778,1.01158236655188,2066.8084042021,0.00909681199921616
0.191498300935316,1.68386231169735,2060.35517758879,0.034206868414521
0.175394976148514,1.28093437865255,2061.55577788894,0.0230198393421568
0.175802704899164,2.26510726072284,2064.70735367684,0.0258883258225203
0.123366249357849,1.00288309926358,2072.96148074037,0.00213595550176616
0.186797103028517,1.9841495077581,2062.0060030015,0.0320756590083069
0.181463703951595,1.017423759841,2059.30465232616,0.0196723851092614
0.147167491530447,1.00867425853989,2066.05802901451,0.00388199846118969
0.176409217000545,1.00288309926358,2060.05502751376,0.01196060612723
0.176838201585443,1.01449885892793,2060.05502751376,0.016994292512953
0.179626958566285,1.017423759841,2059.6048024012,0.0113371445378487
0.185062041543851,1.01158236655188,2058.70435217609,0.00286193691327877
0.0944482030926845,1.01158236655188,2086.16808404202,0.00106264215377794
0.15391156541215,1.33361741419236,2066.20810405203,0.0144030474778049
0.0825261103977156,1.035151107089,2094.57228614307,0.00172758237696054
0.199735608358563,1.01158236655188,2056.60330165083,0.0195504577990142
0.189545290028933,1.40454896553258,2059.75487743872,0.0311721924523786
0.0824668983224051,1.04413027541975,2094.72236118059,0.00176521903019054
0.19383953334438,1.8570226648111,2060.50525262631,0.0366589228077541
0.163393730446371,1.00288309926358,2062.45622811406,0.00753789117782286
0.158479675817183,1.01158236655188,2063.50675337669,0.0082736601622527
0.179532046288417,1.01449885892793,2059.6048024012,0.0110772299185023
0.190581497497422,6.94161247758823,2068.00900450225,0.0400889371418839
0.196898914394982,2.79486986091936,2062.15607803902,0.0421208224830697
0.197652918295124,1.01449885892793,2056.90345172586,0.00556543638179699
0.152370026689437,1.01158236655188,2064.85742871436,0.00870427956460983
0.155548565261674,1.14489244934213,2064.85742871436,0.0145524936570134
0.14979298580127,1.01449885892793,2065.45772886443,0.011641197598143
0.136290308410896,1.00577451078852,2068.90945472736,0.00652827728183474
0.171361756209361,1.00577451078852,2060.95547773887,0.0169205977832796
0.182759827991478,1.017423759841,2059.00450225113,0.025071100065054
0.13685622006426,1.00867425853989,2068.75937968984,0.00765688592700956
0.119438502117465,1.01449885892793,2074.46223111556,0.00267716828552669
0.109731981531084,1.01158236655188,2078.36418209105,0.00352246014053114
0.190096914309405,1.01158236655188,2057.95397698849,0.00149628532534667
0.192673277383652,2.60078095318014,2062.45622811406,0.0381476413571856
0.159744908713963,1.00577451078852,2063.20660330165,0.0118463838143341
0.160678009855995,1.01158236655188,2063.05652826413,0.0121470468449895
0.141290657883295,1.00867425853989,2067.55877938969,0.00313266409019855
0.176899093802317,1.017423759841,2060.05502751376,0.00872676672411025
0.159175131919432,1.01158236655188,2063.35667833917,0.00371672920077894
0.188724228296326,1.00288309926358,2058.10405202601,0.00543786761625328
0.170809238667868,1.01449885892793,2061.10555277639,0.00734990409559475
0.185175173306714,1.01449885892793,2058.70435217609,0.00159824000056147
0.1897715438278,1.00288309926358,2057.95397698849,0.0185751322753357
0.16036264165979,1.00288309926358,2063.05652826413,0.0134084478305977
0.174317675134332,1.017423759841,2060.50525262631,0.0102396356795111
0.194870918744173,3.4784466459882,2063.50675337669,0.0423747110902863
0.183116487488429,1.01158236655188,2059.00450225113,0.0176937880472537
0.143049254766719,1.01158236655188,2067.10855427714,0.00536955249966304
0.183324973655367,1.62668261683323,2061.55577788894,0.0284869116178926
0.195070587823705,1.00577451078852,2057.2036018009,0.0271054832270051
0.182822569744131,1.60343464412786,2061.55577788894,0.0281335261576667
0.199748413734124,1.01158236655188,2056.60330165083,0.00442495144252722
0.191827358620703,2.82724106811333,2063.05652826413,0.037817892967019
0.157574577438626,1.00577451078852,2063.65682841421,0.00307664027686371
0.152628327913582,4.80198009042612,2074.91245622811,0.0156355657894311
0.14376150196403,1.01449885892793,2066.95847923962,0.01023628490035
0.188060067865392,1.01158236655188,2058.25412706353,0.00506087916642663
0.14908533963921,1.01158236655188,2065.60780390195,0.00464164153092455
0.153653370865257,1.01158236655188,2064.55727863932,0.00804531194230956
0.192138611871537,1.01158236655188,2057.65382691346,0.0292167692141788
0.156713520500691,1.09966477838038,2064.4072036018,0.0147061110147195
0.17480495209633,1.00577451078852,2060.35517758879,0.0198024205353009
0.198232438751161,1.00288309926358,2056.75337668834,0.0177209514113355
0.196286799882989,1.00867425853989,2057.05352676338,0.0106160638840368
0.187717804206648,1.21274904899342,2059.15457728864,0.0292102206363849
0.104108330312565,1.00577451078852,2080.91545772886,0.00151093889808034
0.172314249145094,1.00867425853989,2060.80540270135,0.00203748347806634
0.196286000924789,1.59882507273807,2059.30465232616,0.0373706965781862
0.167511921451967,1.01158236655188,2061.70585292646,0.0115117726047065
0.192561511654838,1.34131840233837,2059.00450225113,0.0328635312891121
0.131216960976678,1.00577451078852,2070.41020510255,0.00496597629122105
0.168072061018601,3.20905081491668,2068.45922961481,0.0221745652994229
0.191210307463114,1.77853540743712,2060.65532766383,0.0346102844071428
0.133905718548688,1.01449885892793,2069.65982991496,0.00535356700461332
0.188435414630463,1.35295334494457,2059.75487743872,0.0300831736373131
0.189776535700014,1.00288309926358,2057.95397698849,0.00998929813375268
0.155841353794278,1.09966477838038,2064.55727863932,0.0144928972796476
0.141794295086566,1.00577451078852,2067.40870435218,0.00528132188942041
0.175885382004048,1.01158236655188,2060.20510255128,0.00634860541361688
0.183219790704328,1.01449885892793,2059.00450225113,0.0175223426717933
0.198368060630731,5.59354223610883,2065.30765382691,0.048444255759081
0.145474680358957,1.01449885892793,2066.50825412706,0.0102986506442052
0.174083871021228,1.01158236655188,2060.50525262631,0.00515281663212724
0.175069507303123,1.01449885892793,2060.35517758879,0.0112157207877724
0.193596466651844,7.45964533309522,2067.70885442721,0.043922067687458
0.190171798868445,1.01449885892793,2057.95397698849,0.00695007033953889
0.196125580324617,1.00288309926358,2057.05352676338,0.00405240552740663
0.170177892630741,1.12528574084121,2061.70585292646,0.0201416829737066
0.193056157805535,3.41887695499837,2063.80690345173,0.0400783450505851
0.139709959639932,1.01158236655188,2068.00900450225,0.00580996686744364
0.163403619212449,1.00288309926358,2062.45622811406,0.0145543855112425
0.16436774945692,1.01158236655188,2062.30615307654,0.00468944723147461
0.175708545276685,1.00577451078852,2060.20510255128,0.00766403025767642
0.155496871969971,1.00577451078852,2064.10705352676,0.00381963977080664
0.182942116229222,1.00577451078852,2059.00450225113,0.0164732970865546
0.188451441066707,1.15150364314254,2058.85442721361,0.0288345257903061
0.161215227850094,1.6741946565908,2066.05802901451,0.0174912100805849
0.117796718075463,1.01158236655188,2075.06253126563,0.00521056269160498
0.104050642621321,1.00288309926358,2080.91545772886,0.00279493417178617
0.152209523187213,2.61579919085284,2071.16058029014,0.0146675767272029
0.173220060630349,1.01158236655188,2060.65532766383,0.0029921271989027
0.149882084135227,1.017423759841,2065.45772886443,0.00846186240521005
0.110057432952778,2.23917234584048,2085.41770885443,0.00479124877953225
0.182350782577752,1.01449885892793,2059.15457728864,0.0131519364798289
0.159692543685619,1.00288309926358,2063.20660330165,0.0121547666108264
0.182258266968585,1.62200621191813,2061.70585292646,0.0279048373091992
0.198770691354116,1.01449885892793,2056.75337668834,0.0144422288778486
0.178368071937665,1.00577451078852,2059.75487743872,0.0147423625976298
0.191250430760045,1.017423759841,2057.80390195098,0.026888148809237
0.193640419065726,1.17494491051044,2058.10405202601,0.0323062757844365
0.199756690363168,1.30701047960937,2057.80390195098,0.0373390807891566
0.154443636530256,1.01449885892793,2064.4072036018,0.00549823788592402
0.184421253627692,3.13598584352336,2064.85742871436,0.0328937603965501
0.186790680539748,1.00577451078852,2058.40420210105,0.00233818036056396
0.19341522080726,1.017423759841,2057.50375187594,0.00850011738105165
0.0964451524603569,1.02035709353375,2085.11755877939,0.00158013977069166
0.114240347276143,1.00577451078852,2076.4132066033,0.00317054687026539
0.185713080582089,1.00867425853989,2058.55427713857,0.0262332730314651
0.101429927485072,1.00577451078852,2082.26613306653,0.00349628300810356
0.147752911358065,1.00867425853989,2065.90795397699,0.00782033586263206
0.185035577588943,1.01158236655188,2058.70435217609,0.0159412433559384
0.151526222202501,1.00577451078852,2065.00750375188,0.00366806601229698
0.132632277131958,1.00288309926358,2069.95997999,0.00516008840180024
0.182015373196754,1.00577451078852,2059.15457728864,0.0218608993244054
0.190229424158927,1.017423759841,2057.95397698849,0.0227869974745861
0.0828045470801216,1.00288309926358,2093.971985993,0.00132934345590099
0.136285257877138,1.00577451078852,2068.90945472736,0.00701780391984697
0.170927510514584,1.017423759841,2061.10555277639,0.0141273247295082
0.157884475829727,1.01449885892793,2063.65682841421,0.0127879947518802
0.191162411329049,1.01449885892793,2057.80390195098,0.00719627747900378
0.104341197157171,1.00288309926358,2080.76538269135,0.00107581212406322
0.177629117335495,1.05015961695978,2060.05502751376,0.0228212491552334
0.170738572911268,1.01158236655188,2061.10555277639,0.0105968496532373
0.174754659593509,2.96905439714284,2066.50825412706,0.0259506925871461
0.18485318199907,1.20926262481036,2059.6048024012,0.0275463635584815
0.16408599352223,1.00288309926358,2062.30615307654,0.00454558191868564
0.197565350505392,1.01449885892793,2056.90345172586,0.0112263271957028
0.177590340639975,1.01158236655188,2059.90495247624,0.0218590437947978
0.197417020799936,1.00867425853989,2056.90345172586,0.0164060699305793
0.197589824607818,1.01449885892793,2056.90345172586,0.0158415454659643
0.113596599919255,1.01158236655188,2076.71335667834,0.00499491101796762
0.169800605157491,1.00867425853989,2061.25562781391,0.013593179443348
0.159977976618172,1.53125056362849,2065.75787893947,0.0168138561580674
0.167811550296687,1.1028352210931,2062.15607803902,0.0187661231016382
0.159836533535127,1.00867425853989,2063.20660330165,0.00306486663046588
0.194633598529823,1.41265954868704,2059.00450225113,0.0344637908173764
0.185395679587655,1.70336542221432,2061.40570285143,0.0302491411769125
0.182378435804239,1.017423759841,2059.15457728864,0.0136478973791167
0.19539199030226,1.01449885892793,2057.2036018009,0.0185414282633
0.190006403702385,1.01158236655188,2057.95397698849,0.0228684917635975
0.19552859308025,1.017423759841,2057.2036018009,0.0176276182269806
0.18393844176081,1.00577451078852,2058.85442721361,0.00196475951942713
0.156172695232784,1.00577451078852,2063.95697848924,0.00610869843860853
0.154563034934615,2.37188579111585,2069.80990495248,0.0156272271019268
0.188133714411857,1.01449885892793,2058.25412706353,0.0150927330477098
0.196234738471532,1.78366310156055,2059.90495247624,0.0382262261729587
0.159503628824159,2.43414579263315,2068.75937968984,0.017631557270532
0.198762588264991,2.92662172166501,2062.0060030015,0.0447890059172733
0.14287217345149,1.00288309926358,2067.10855427714,0.0082386602069946
0.136242784924682,1.00288309926358,2068.90945472736,0.00140587276579993
0.15416174451893,1.00577451078852,2064.4072036018,0.00841278045128864
0.189912528299124,1.00867425853989,2057.95397698849,0.0100080938307631
0.134317411334378,1.00867425853989,2069.50975487744,0.00382865017955345
0.180403056980539,1.21624552488348,2060.35517758879,0.0253100525278676
0.148990324536035,1.00577451078852,2065.60780390195,0.010950897478152
0.189407435226654,1.18855355314224,2058.85442721361,0.0297317371820805
0.0778344446422005,1.00288309926358,2098.024012006,0.00118943918133085
0.153145389704106,1.017423759841,2064.70735367684,0.00402135930649475
0.152053855747453,1.00288309926358,2064.85742871436,0.0090329191271834
0.158393584025801,1.00867425853989,2063.50675337669,0.0024767504799275
0.189889785660604,1.00577451078852,2057.95397698849,0.0247116622686864
0.143397497203863,1.00288309926358,2066.95847923962,0.00235919229329711
0.179118692304515,1.00288309926358,2059.6048024012,0.0131293441010073
0.177059047652956,1.03813555048354,2060.05502751376,0.0225832287338663
0.187643102669265,4.40464567244553,2066.05802901451,0.0368454824196857
0.188077627998121,1.01158236655188,2058.25412706353,0.0254200268790832
0.193095589931324,1.00867425853989,2057.50375187594,0.00784102198736453
0.165658233139699,1.00288309926358,2062.0060030015,0.00932109443076969
0.144568232051572,3.10901742259474,2074.46223111556,0.0123367613305356
0.0868656557061545,1.01449885892793,2091.12056028014,0.00231082986256578
0.132203780676267,1.00577451078852,2070.11005502751,0.0063106000231815
0.17976137382121,6.66739199053658,2069.95997999,0.0313651368824116
0.193085193935378,1.00867425853989,2057.50375187594,0.0056217634922783
0.102868341909515,1.00577451078852,2081.51575787894,0.00316082867845317
0.194974751687862,1.00288309926358,2057.2036018009,0.00112141531105876
0.197210797835766,1.00288309926358,2056.90345172586,0.00585962300236756
0.170053283603948,2.36506706799381,2066.20810405203,0.0225436208641489
0.179902078470745,1.4963864293158,2061.70585292646,0.0259476213865987
0.185303814576025,1.017423759841,2058.70435217609,0.00216801897768043
0.148957586608583,1.00577451078852,2065.60780390195,0.0120421359163105
0.147044856625627,1.00288309926358,2066.05802901451,0.00526030556536454
0.183002262715713,1.00577451078852,2059.00450225113,0.021943100451394
0.181982756697641,1.00577451078852,2059.15457728864,0.00423677445391036
0.194429702821494,1.017423759841,2057.35367683842,0.00392103769130405
0.147980250731381,1.01449885892793,2065.90795397699,0.00974406743955184
0.196159955470214,1.00577451078852,2057.05352676338,0.0049769342929056
0.143626779566395,1.01158236655188,2066.95847923962,0.0104264790756501
0.177424253288486,1.00577451078852,2059.90495247624,0.00405748235489116
0.102549556732212,1.00288309926358,2081.66583291646,0.0022054344385505
0.199499107112454,2.25210247070889,2060.65532766383,0.0426981129928496
0.191202542137118,1.01449885892793,2057.80390195098,0.0115189867722221
0.10974453969496,1.01158236655188,2078.36418209105,0.00430507753516373
0.184163237550816,1.01449885892793,2058.85442721361,0.0252495654773558
0.144358691240122,1.01449885892793,2066.8084042021,0.00479815252873468
0.0893643813904358,1.02035709353375,2089.46973486743,0.00105748031486947
0.187132338244369,6.66739199053658,2068.45922961481,0.0370314702505285
0.182923285863069,1.00577451078852,2059.00450225113,0.0118296122567294
0.184177941064798,1.0808326105459,2059.15457728864,0.0261134335117611
0.156564146033618,1.017423759841,2063.95697848924,0.0108717499038902
0.103628327868276,1.01158236655188,2081.2156078039,0.00162842390815124
0.195345909878836,1.01158236655188,2057.2036018009,0.0272898924220068
0.168981693929849,1.00867425853989,2061.40570285143,0.00783323417943794
0.188874419646123,1.00577451078852,2058.10405202601,0.0105102751652775
0.138924937470808,1.00288309926358,2068.15907953977,0.0023680566064046
0.187831238785323,1.00577451078852,2058.25412706353,0.00695330077493139
0.117324255663955,1.00867425853989,2075.21260630315,0.00437579508478655
0.172306855148129,1.00867425853989,2060.80540270135,0.00286726222922982
0.154155386564924,1.00577451078852,2064.4072036018,0.0131415865661605
0.184793001689452,1.00288309926358,2058.70435217609,0.0178837425473422
0.195375217591768,1.01449885892793,2057.2036018009,0.0232402231870903
0.105856784039691,1.0808326105459,2080.76538269135,0.00406406342375767
0.162147521437408,1.01158236655188,2062.75637818909,0.0105142406592406
0.189865638099721,1.93897358646993,2061.40570285143,0.0338871949790205
0.183055513559796,1.00867425853989,2059.00450225113,0.0118232636423777
0.145435356084162,1.01158236655188,2066.50825412706,0.0106293718052883
0.198430394039794,2.31121826109334,2060.95547773887,0.0419364102097824
0.16141793093333,1.01158236655188,2062.90645322661,0.0116495633891797
0.0921886553655073,1.00867425853989,2087.51875937969,0.00197812995279507
0.196334765196674,1.00867425853989,2057.05352676338,0.00226204385521426
0.118404377467087,1.00288309926358,2074.7623811906,0.00367201148020282
0.130694525670997,1.00288309926358,2070.56028014007,0.00773146743174763
0.199778293409939,1.01158236655188,2056.60330165083,0.0250137751378508
0.129762942193259,1.00577451078852,2070.86043021511,0.00190028387031678
0.198826199811352,1.28833114804146,2057.95397698849,0.0361072227038999
0.186350769900413,2.49085867387056,2063.35667833917,0.0327822123076012
0.175544333862092,1.00288309926358,2060.20510255128,0.0200416893650814
0.184201490415374,1.01449885892793,2058.85442721361,0.0086051563043651
0.142036024109658,1.01449885892793,2067.40870435218,0.00216000108616431
0.110797083117056,1.02920793476607,2078.06403201601,0.00404544540329244
0.123985446631213,1.01158236655188,2072.81140570285,0.0024184955321792
0.144680417539776,1.00577451078852,2066.65832916458,0.00951309052988235
0.199358872148759,1.73304445225245,2059.30465232616,0.0402906041836225
0.180107007056321,1.00577451078852,2059.45472736368,0.00346115193997547
0.172162767997374,1.00288309926358,2060.80540270135,0.0123492107385421
0.1997551578552,1.01158236655188,2056.60330165083,0.0161175731407239
0.125735261126921,1.01158236655188,2072.21110555278,0.00525424294723323
0.195189544350105,2.29134256329585,2061.40570285143,0.0392413711616928
0.19339975613321,1.017423759841,2057.50375187594,0.029359791322114
0.173822818180766,1.97844545312916,2064.4072036018,0.0239596141529693
0.199774588163285,1.01158236655188,2056.60330165083,0.0159347564735342
0.178901086091111,4.41734470314007,2067.85892946473,0.0298409140409968
0.192367258332776,1.017423759841,2057.65382691346,0.0060710634940868
0.198701400694209,1.01449885892793,2056.75337668834,0.0183240149896068
0.189540905036772,2.63848930932274,2063.05652826413,0.0357513453940113
0.0905042393652947,1.00577451078852,2088.56928464232,0.00150932655622787
0.157005761292387,1.00867425853989,2063.80690345173,0.00273461430985449
0.157261752816988,1.017423759841,2063.80690345173,0.00478135462565974
0.142535195666918,5.41917883794353,2078.96448224112,0.0120407970584707
0.178416131781412,1.00867425853989,2059.75487743872,0.00109926436841674
0.111626367468113,1.00288309926358,2077.46373186593,0.00412735916339655
0.128494366379442,1.01158236655188,2071.31065532766,0.0049057254189419
0.186298061741026,1.017423759841,2058.55427713857,0.0109542677636001
0.155258296212208,1.03217524340486,2064.25712856428,0.014175448586101
0.188200684082357,1.017423759841,2058.25412706353,0.00774010424206938
0.148430238157421,9.5553161597167,2080.91545772886,0.0141217416097369
0.188812437389142,1.00577451078852,2058.10405202601,0.00591112561400727
0.17252320943457,1.01449885892793,2060.80540270135,0.00810258204117141
0.14852189696799,1.01158236655188,2065.75787893947,0.00775334789535229
0.109873958181732,1.37652687910296,2081.06553276638,0.00465108724827818
0.199813444193971,1.01449885892793,2056.60330165083,0.0195795535913759
0.135669116475131,1.00288309926358,2069.05952976488,0.00221461931205333
0.170565654789471,1.295770630155,2062.60630315158,0.0205887264071075
0.16990693109047,1.01158236655188,2061.25562781391,0.0130487225634505
0.170593815963991,1.00577451078852,2061.10555277639,0.00856429396255254
0.145951057091291,1.00867425853989,2066.35817908954,0.00222597324149771
0.195832356986193,1.36076598863131,2058.55427713857,0.0352877035824895
0.187076624126699,1.01158236655188,2058.40420210105,0.0166121681453873
0.193398158163329,2.79486986091936,2062.75637818909,0.0388950000036782
0.199513511968104,1.00577451078852,2056.60330165083,0.0257353538360026
0.190038184060861,2.71555413295041,2063.05652826413,0.0366907170545232
0.0912701124317368,1.0232988843187,2088.26913456728,0.00232857641446372
0.157824643518963,1.01449885892793,2063.65682841421,0.00990642454891545
0.187838344541224,1.59882507273807,2060.65532766383,0.0313883824643676
0.199137564612642,1.37256962462899,2058.10405202601,0.0377020759230004
0.192504925047649,2.47655776434198,2062.15607803902,0.0381163146990527
0.17895911451528,1.1715671660767,2060.50525262631,0.0239847061150683
0.178966277427674,4.46850800867783,2068.00900450225,0.0294209038261283
0.161275437552685,2.29794873135268,2068.00900450225,0.0182103366758746
0.163533908204699,1.00867425853989,2062.45622811406,0.00134518409299733
0.170054192987756,1.32214875407135,2062.75637818909,0.0206152578127573
0.19319220910806,2.44116367657533,2062.0060030015,0.03835871558
0.177426404701651,1.00577451078852,2059.90495247624,0.00865665456255167
0.196302451786832,1.00288309926358,2056.90345172586,0.0319440729676945
0.127072319759333,1.01158236655188,2071.76088044022,0.00361584416492406
0.161291262650436,1.00867425853989,2062.90645322661,0.0145196666470152
0.166843165678566,1.01449885892793,2061.85592796398,0.00482539725857082
0.181635419577098,1.32978351631576,2060.65532766383,0.0265485306150689
0.164123141828551,1.00288309926358,2062.30615307654,0.0141779327436052
0.174070223069432,1.00867425853989,2060.50525262631,0.0161660389289239
0.19679160834585,1.81474121907939,2059.90495247624,0.0388458657791441
0.135153222358778,1.00288309926358,2069.2096048024,0.00726807588660595
0.0965310828229916,1.01158236655188,2084.96748374187,0.00127586683807617
0.158652581359672,1.017423759841,2063.50675337669,0.0118694336471596
0.137620868209395,1.017423759841,2068.60930465233,0.00896106718207595
0.190484297154238,1.14489244934213,2058.55427713857,0.0297540718007055
0.136238155161441,1.00288309926358,2068.90945472736,0.00772721492549377
0.108268067863346,1.00577451078852,2078.96448224112,0.00278822905141441
0.186722044824623,1.00288309926358,2058.40420210105,0.0191382352560241
0.158582636552245,1.01449885892793,2063.50675337669,0.00490272557121918
0.146512269996205,4.29198469417562,2076.11305652826,0.013114255956848
0.199717292335599,1.01158236655188,2056.60330165083,0.00247493792797907
0.185277585211228,1.017423759841,2058.70435217609,0.0146934572180456
0.121319282943553,1.00577451078852,2073.71185592796,0.00405229243688068
0.194361797304657,1.01449885892793,2057.35367683842,0.0134845347820339
0.147168136091134,1.00867425853989,2066.05802901451,0.0036579090281631
0.195767500888303,2.82724106811333,2062.30615307654,0.0418275720496513
0.173986373249245,2.91820823764409,2066.65832916458,0.0250874949048096
0.175892705292094,1.01158236655188,2060.20510255128,0.0119796478580137
0.198338539649044,1.00577451078852,2056.75337668834,0.0125441270668788
0.153438214161074,1.00288309926358,2064.55727863932,0.013328519318547
0.163730709355992,1.13504676028852,2063.05652826413,0.0174609176521016
0.194340311631338,1.01449885892793,2057.35367683842,0.0280768446768197
0.186868753007185,1.32214875407135,2059.75487743872,0.029485031747255
0.173212293729338,1.00867425853989,2060.65532766383,0.00354982462659031
0.195137552152391,2.44820179377353,2061.70585292646,0.0399980713968039
0.171877761611386,3.15409462760941,2067.55877938969,0.0240392545938915
0.19330647189206,1.01449885892793,2057.50375187594,0.0115669384080252
0.185254661229603,1.017423759841,2058.70435217609,0.0148815424534899
0.123909398096011,1.00867425853989,2072.81140570285,0.0048956609049525
0.192100092066267,1.01158236655188,2057.65382691346,0.00422439840104238
0.178566569411559,1.01158236655188,2059.75487743872,0.00980836354854312
0.191208715057319,2.56361151152847,2062.60630315158,0.0369783864938346
0.126600022319074,9.80613514975012,2089.91995997999,0.00782193006561191
0.186302470393993,1.5896456468007,2060.95547773887,0.0300378897181044
0.138497774308024,1.00867425853989,2068.30915457729,0.00139657460403938
0.142278016049877,1.00288309926358,2067.25862931466,0.00546792834296908
0.127167110956207,1.01449885892793,2071.76088044022,0.00119442516207875
0.105104109758838,1.00867425853989,2080.46523261631,0.00379364132876079
0.18905103201772,1.01158236655188,2058.10405202601,0.00496530840489487
0.196229050282273,1.02624915657849,2057.05352676338,0.0321023602659974
0.199710358464626,1.01158236655188,2056.60330165083,0.00503041729392591
0.133368837347031,1.01158236655188,2069.80990495248,0.00474740486989785
0.123893057833718,1.00867425853989,2072.81140570285,0.0017877602930396
0.187750740157991,1.00288309926358,2058.25412706353,0.0195045389532527
0.135493554724547,1.01449885892793,2069.2096048024,0.00207980736489504
0.118284183410846,1.51371812544339,2078.21410705353,0.00591344966131528
0.0907416346126496,1.02035709353375,2088.56928464232,0.00190010229101732
0.184237320998339,1.01449885892793,2058.85442721361,0.019375638276314
0.190882503063525,1.00577451078852,2057.80390195098,0.0150203537139681
0.192292215798456,1.017423759841,2057.65382691346,0.0254563098382722
0.18877223984116,1.00288309926358,2058.10405202601,0.0256314699635731
0.157761785049732,1.01158236655188,2063.65682841421,0.00413844338122456
0.189237941925793,1.017423759841,2058.10405202601,0.0138408088538821
0.15185491189808,1.017423759841,2065.00750375188,0.0024300616311107
0.143758551039465,1.01449885892793,2066.95847923962,0.00107784595390308
0.141232966740524,1.00577451078852,2067.55877938969,0.00932122446575707
0.161908648681516,1.00577451078852,2062.75637818909,0.00266226050517389
0.127344811323868,1.00288309926358,2071.6108054027,0.00470823890940901
0.138678308309574,1.01449885892793,2068.30915457729,0.00239874353747939
0.145959848716743,1.00867425853989,2066.35817908954,0.00961406289772232
0.143760422980567,3.38947576589033,2075.36268134067,0.0120587270377217
0.190958582035005,1.00867425853989,2057.80390195098,0.0139409222286103
0.199704149502138,1.01158236655188,2056.60330165083,0.0139571302972364
0.188096079309931,2.32456441587663,2062.60630315158,0.0340714101176246
0.192700013404017,1.59422875299434,2059.90495247624,0.0344503841103021
0.154400582593984,1.01449885892793,2064.4072036018,0.00426934509983575
0.173807112126931,1.00288309926358,2060.50525262631,0.00904008912415026
0.108417643258386,1.02920793476607,2079.11455727864,0.001751985973613
0.194539401844814,1.11882507338448,2057.80390195098,0.0319626140717826
0.171666073836695,1.01449885892793,2060.95547773887,0.0190227392472063
0.196597184592456,1.017423759841,2057.05352676338,0.0259281760754944
0.160515541468385,1.00577451078852,2063.05652826413,0.0076365460906138
0.154507054528396,1.95579274466099,2068.60930465233,0.0152300461072609
0.1994994132981,1.00577451078852,2056.60330165083,0.0303602363775322
0.1020797674158,1.00867425853989,2081.9659829915,0.00135668542645604
0.138370622892918,1.00288309926358,2068.30915457729,0.00318286467819611
0.194711056721148,3.13598584352336,2063.05652826413,0.0412260170566427
0.125988288362591,1.00288309926358,2072.06103051526,0.00651145041575141
0.148267511311608,1.00288309926358,2065.75787893947,0.0033530629409191
0.19332165863872,2.46943812909056,2062.0060030015,0.0387836056166118
0.150520750211865,1.017423759841,2065.30765382691,0.00498560448886443
0.187738174110756,1.00288309926358,2058.25412706353,0.0128945761072003
0.172366447513733,1.00867425853989,2060.80540270135,0.00148002010711908
0.165339655247338,1.61734325078285,2064.85742871436,0.0193831731849895
0.198736658131189,1.68871705388817,2059.30465232616,0.0393207766798293
0.141781110029122,1.00577451078852,2067.40870435218,0.00114302255894224
0.171382452154042,5.23515726431772,2070.56028014007,0.0249468871352248
0.181261842351121,4.88564863828298,2068.00900450225,0.0313686885757406
0.178116688397868,2.26510726072284,2064.25712856428,0.0272902089233235
0.196633550316692,1.017423759841,2057.05352676338,0.0192626182903466
0.197447464447621,1.01158236655188,2056.90345172586,0.0212474512842833
0.144837381973259,1.01158236655188,2066.65832916458,0.00639811381375624
0.196119818563559,1.00288309926358,2057.05352676338,0.00483653513170071
0.183756558885258,1.77342245446464,2061.85592796398,0.0296888589978899
0.156492566257613,1.97844545312916,2068.15907953977,0.0160827123890239
0.185219678010475,1.55345194953386,2060.95547773887,0.0294506856794347
0.173696446108767,1.43727338940046,2062.60630315158,0.0225244268093598
0.138861693107156,1.00288309926358,2068.15907953977,0.00493414454459124
0.135987974735312,1.01449885892793,2069.05952976488,0.00450865749625776
0.170467164870842,1.00288309926358,2061.10555277639,0.0158861468402713
0.132802750259245,1.00867425853989,2069.95997999,0.00173314074274123
0.172638280308276,1.4249133228412,2062.75637818909,0.0219783424404754
0.178304663562256,1.00577451078852,2059.75487743872,0.0172774594421598
0.125267658982474,1.01158236655188,2072.3611805903,0.00388861701300627
0.171584958478307,1.01158236655188,2060.95547773887,0.0174789040672226
0.19375442690107,9.83440721077889,2069.2096048024,0.0439178898649139
0.196094882612616,6.02830266228601,2066.20810405203,0.0453436958674531
0.134632309556329,1.00288309926358,2069.35967983992,0.00263905522396949
0.19023772488565,1.017423759841,2057.95397698849,0.0249937850857395
0.19004228746898,1.01158236655188,2057.95397698849,0.0239332573714276
0.19392272182954,2.33798763817471,2061.70585292646,0.0383919726404793
0.174941218835831,1.01158236655188,2060.35517758879,0.00989692790776234
0.120083546127434,1.00867425853989,2074.16208104052,0.00271722793025064
0.154750595994898,1.00288309926358,2064.25712856428,0.00998442778643163
0.147113488655647,1.00577451078852,2066.05802901451,0.00851536722767286
0.186949611193478,1.00867425853989,2058.40420210105,0.00999442083696184
0.16062641966657,2.52697328239242,2068.75937968984,0.0180846874800173
0.146686171979289,1.01449885892793,2066.20810405203,0.00105786278139008
0.174091590682018,1.01158236655188,2060.50525262631,0.00140721569984914
0.137629592891622,1.017423759841,2068.60930465233,0.00673207896867425
0.116007048045085,1.00288309926358,2075.66283141571,0.00487649966694241
0.179398681190163,1.01158236655188,2059.6048024012,0.0212823746998661
0.148304403257491,1.00577451078852,2065.75787893947,0.00873130453822177
0.0950910775163166,1.00288309926358,2085.71785892946,0.00137511865334967
0.198252401341075,1.00288309926358,2056.75337668834,0.00873142525664322
0.196925832996054,1.68386231169735,2059.45472736368,0.0384921786269666
0.167246584291065,1.00288309926358,2061.70585292646,0.01648829711485
0.195566284049995,1.017423759841,2057.2036018009,0.0165027111899745
0.119156167718978,1.00288309926358,2074.46223111556,0.00155292491758658
