0.114992684029442,113.239529070391,2070.28405681136,1.04
0.137082003242107,34.9268431145398,2054.86097219444,1.04
0.142521265956832,31.8773741273602,2053.24064812963,1.04
0.154550503535424,28.050139672377,2050.5401080216,1.04
0.148702375123021,29.495602018995,2051.68033606721,1.04
0.130334051911462,41.2638249329961,2057.50150030006,1.04
0.116707811738676,89.9112737099501,2067.64352870574,1.04
0.150564363403245,28.9615569832397,2051.32026405281,1.04
0.122253946989689,57.9916598558987,2062.2424484897,1.04
0.154368356653908,28.050139672377,2050.5401080216,1.04
0.152566698626432,28.5022055025463,2050.90018003601,1.04
0.141638563084404,32.243497093466,2053.48069613923,1.04
0.114407270480774,124.072304400107,2071.30426085217,1.04
0.114558698370393,120.717938478964,2071.00420084017,1.04
0.11620480978986,94.1136348416669,2068.18363672735,1.04
0.111590072598577,225.713662786702,2077.72554510902,1.04
0.151344990164603,28.7637924542932,2051.14022804561,1.04
0.139026201619887,33.5967057749668,2054.20084016803,1.04
0.148797478100611,29.495602018995,2051.68033606721,1.04
0.121634901212114,59.8759500339751,2062.6625325065,1.04
0.140579358145997,32.8380604164296,2053.78075615123,1.04
0.110902884084835,312.897711289068,2081.02620524105,1.04
0.116040046423677,96.0682380646005,2068.42368473695,1.04
0.128837701641674,43.2912174176546,2058.22164432887,1.04
0.150463033693243,29.0277801933518,2051.32026405281,1.04
0.138783303851398,33.8276988438502,2054.32086417283,1.04
0.155719398907456,27.7950429029008,2050.300060012,1.04
0.111842855598731,210.765854198472,2077.00540108022,1.04
0.131590570095207,39.783113123507,2056.96139227846,1.04
0.141610828049749,32.3172247554147,2053.48069613923,1.04
0.121285788783357,60.9800499929407,2062.9025805161,1.04
0.115971571017192,97.6165072818245,2068.60372074415,1.04
0.157328397211978,27.5422660634698,2050.0600120024,1.04
0.117948663125517,79.6603844745739,2066.20324064813,1.04
0.127600541627375,45.3146047184233,2058.88177635527,1.04
0.156248964910021,27.7316320270443,2050.2400480096,1.04
0.111921144985417,206.006562079274,2076.76535307061,1.04
0.120485452828859,64.5633077355281,2063.62272454491,1.04
0.112483179963681,177.584993795008,2075.2050410082,1.04
0.125949864231854,48.3072095893017,2059.78195639128,1.04
0.147451828639217,29.9025884608853,2051.98039607922,1.04
0.136095476729804,35.5708867752697,2055.16103220644,1.04
0.132422270812632,38.8847728421275,2056.60132026405,1.04
0.117758326509851,81.6871071808705,2066.50330066013,1.04
0.110023138868412,485.122030182186,2085.40708141628,1.04
0.152680403326515,28.4371813246353,2050.90018003601,1.04
0.150094880425551,29.0941548288019,2051.38027605521,1.04
0.151252185782816,28.8295634579869,2051.20024004801,1.04
0.148662883877512,29.495602018995,2051.68033606721,1.04
0.135357525184606,36.226806466008,2055.46109221844,1.04
0.136389682703842,35.4087709489502,2055.10102020404,1.04
0.122776959523592,56.4238220658969,2061.8823764753,1.04
0.145273033425738,30.6633713193971,2052.52050410082,1.04
0.129483224356654,42.4104148257264,2057.92158431686,1.04
0.147252641195119,29.9709634242785,2052.04040808162,1.04
0.153521796693639,28.242997504598,2050.72014402881,1.04
0.123560318063413,54.1511824096624,2061.34226845369,1.04
0.151064890668142,28.8295634579869,2051.20024004801,1.04
0.154449453489116,28.050139672377,2050.5401080216,1.04
0.138620932026226,33.982575875828,2054.38087617524,1.04
0.14022390836223,32.9884064791838,2053.90078015603,1.04
0.120745591988459,63.9761487615482,2063.50270054011,1.04
0.111622945260946,227.265549808162,2077.78555711142,1.04
0.129559646002094,42.4104148257264,2057.92158431686,1.04
0.132259890284254,39.0628032258884,2056.66133226645,1.04
0.131670815036702,39.783113123507,2056.96139227846,1.04
0.120148951487755,66.8135534222751,2064.04280856171,1.04
0.153392475048648,28.3075776637043,2050.72014402881,1.04
0.13868934131081,33.8276988438502,2054.32086417283,1.04
0.135752873128934,35.8154532620603,2055.28105621124,1.04
0.14985907289554,29.1606812358378,2051.44028805761,1.04
0.115882896735468,99.1897289455312,2068.78375675135,1.04
0.144943127806089,30.8037607665866,2052.58051610322,1.04
0.148023140807288,29.6983980810424,2051.86037207441,1.04
0.153226392496261,28.3075776637043,2050.78015603121,1.04
0.149691815237256,29.2273597614989,2051.50030006001,1.04
0.129401635777053,42.6045870395527,2057.98159631926,1.04
0.113116524175545,151.692390369558,2073.52470494099,1.04
0.154703644534181,27.9861468254964,2050.4800960192,1.04
0.153362508478085,28.3075776637043,2050.78015603121,1.04
0.116827590009453,89.5014992636448,2067.58351670334,1.04
0.124662935731981,50.9126975420615,2060.50210042008,1.04
0.116808886563478,88.4852151339695,2067.46349269854,1.04
0.142398184918524,31.8773741273602,2053.24064812963,1.04
0.145948201809466,30.4539859196963,2052.34046809362,1.04
0.121701199708281,59.6030628502018,2062.6025205041,1.04
0.115837496262637,100.788305198048,2068.96379275855,1.04
0.14074419149885,32.6883995622381,2053.72074414883,1.04
0.133257603247546,38.0067179330526,2056.24124824965,1.04
0.113467865438097,141.970502478276,2072.80456091218,1.04
0.149010686571453,29.4283115325412,2051.62032406481,1.04
0.151553423425074,28.698171498828,2051.08021604321,1.04
0.128145279493804,44.3926343126682,2058.58171634327,1.04
0.140116221375554,33.0638374435755,2053.90078015603,1.04
0.130979624715271,40.6093504828478,2057.26145229046,1.04
0.129639469708359,42.1208145215961,2057.80156031206,1.04
0.154221235117844,28.1142788446691,2050.600120024,1.04
0.141151064112503,32.4651862196273,2053.60072014403,1.04
0.13420758084458,37.1484903334101,2055.88117623525,1.04
0.130368439551034,41.2638249329961,2057.50150030006,1.04
0.126421328299318,47.3243516806276,2059.48189637928,1.04
0.150116257020171,29.0941548288019,2051.38027605521,1.04
0.132906636411208,38.4432385901807,2056.42128425685,1.04
0.140271596045679,32.9131476009994,2053.84076815363,1.04
0.152906919222174,28.3723054911643,2050.84016803361,1.04
0.129787953595603,41.9288471215546,2057.74154830966,1.04
0.129780274345819,41.9288471215546,2057.74154830966,1.04
0.153283717069956,28.3075776637043,2050.78015603121,1.04
0.150744620756511,28.9615569832397,2051.26025205041,1.04
0.138719734966288,33.8276988438502,2054.32086417283,1.04
0.142316054359883,31.9502646161512,2053.30066013203,1.04
0.125715218412582,48.750562497649,2059.90198039608,1.04
0.124047702941236,52.6871741304354,2060.98219643929,1.04
0.154908231272409,27.9861468254964,2050.4800960192,1.04
0.149541503147026,29.2273597614989,2051.50030006001,1.04
0.110083919880366,495.197308703788,2085.58711742348,1.04
0.144220229184581,31.0864708846003,2052.76055211042,1.04
0.133408202053406,38.0067179330526,2056.24124824965,1.04
0.13355001626794,37.7471883548195,2056.12122424485,1.04
0.122328679014423,57.9916598558987,2062.2424484897,1.04
0.139250484580207,33.5967057749668,2054.20084016803,1.04
0.143913029139196,31.2287974545362,2052.88057611522,1.04
0.132624990986016,38.6192474496644,2056.48129625925,1.04
0.140289335301861,32.9131476009994,2053.84076815363,1.04
0.112475469019965,177.584993795008,2075.2050410082,1.04
0.113326313256924,150.312852185815,2073.40468093619,1.04
0.136094641834928,35.5708867752697,2055.16103220644,1.04
0.140828497207163,32.6883995622381,2053.72074414883,1.04
0.12809183566716,44.3926343126682,2058.58171634327,1.04
0.147262155287078,29.9709634242785,2052.04040808162,1.04
0.149504715822019,29.2941907536181,2051.56031206241,1.04
0.125913084952192,48.3072095893017,2059.78195639128,1.04
0.151063913532179,28.8295634579869,2051.20024004801,1.04
0.138390857854387,34.0602800981416,2054.44088817764,1.04
0.130427691091289,41.2638249329961,2057.50150030006,1.04
0.12872096086275,43.4894223057643,2058.28165633127,1.04
0.14372509558823,31.3002049143139,2052.88057611522,1.04
0.13385900669719,37.575153941676,2056.06121224245,1.04
0.144518993286097,30.9447929740479,2052.70054010802,1.04
0.144961307137548,30.8037607665866,2052.58051610322,1.04
0.144479112870454,31.0155510319859,2052.70054010802,1.04
0.114328490838997,124.640358122733,2071.36427285457,1.04
0.138846163790869,33.8276988438502,2054.32086417283,1.04
0.130947911026447,40.6093504828478,2057.26145229046,1.04
0.119434364349379,70.4171958185721,2064.70294058812,1.04
0.151786324367911,28.698171498828,2051.08021604321,1.04
0.132113478699871,39.3313782718103,2056.78135627125,1.04
0.123451724568321,54.3991086563875,2061.40228045609,1.04
0.138567498159646,33.982575875828,2054.38087617524,1.04
0.147669316240773,29.8343694863254,2051.92038407682,1.04
0.156621657153092,27.668365815083,2050.1800360072,1.04
0.153308099724015,28.3075776637043,2050.78015603121,1.04
0.122270576530505,57.9916598558987,2062.2424484897,1.04
0.142668871997929,31.8046499290028,2053.18063612723,1.04
0.154587269946389,28.050139672377,2050.5401080216,1.04
0.156893824425029,27.6052439369847,2050.1200240048,1.04
0.140801009109063,32.6883995622381,2053.72074414883,1.04
0.156931948997369,27.6052439369847,2050.1200240048,1.04
0.122025328340874,58.5238945114623,2062.3624724945,1.04
0.150181348244598,29.0941548288019,2051.38027605521,1.04
0.119718328431783,68.0455813324799,2064.28285657131,1.04
0.134302034674027,37.1484903334101,2055.88117623525,1.04
0.138659686435082,33.8276988438502,2054.32086417283,1.04
0.132628117180318,38.6192474496644,2056.48129625925,1.04
0.142975750240786,31.6596988869718,2053.12062412483,1.04
0.11998272061634,67.4267534700241,2064.16283256651,1.04
0.145431567605506,30.5934167149422,2052.46049209842,1.04
0.152253243049278,28.5673783641001,2050.96019203841,1.04
0.114181757782548,125.211012627487,2071.42428485697,1.04
0.148354245958564,29.6306449410155,2051.80036007201,1.04
0.135633770403038,36.0617012578568,2055.40108021604,1.04
0.127619994207662,45.3146047184233,2058.88177635527,1.04
0.135630946805666,36.0617012578568,2055.40108021604,1.04
0.137021035243201,34.9268431145398,2054.86097219444,1.04
0.131860479669363,39.511453397773,2056.84136827365,1.04
0.11252537907468,175.568526893927,2075.0850170034,1.04
0.146063722420248,30.3845090015553,2052.34046809362,1.04
0.131374403801067,39.965256476262,2057.02140428086,1.04
0.15451983424998,28.050139672377,2050.5401080216,1.04
0.135825547824554,35.8154532620603,2055.28105621124,1.04
0.135264839424848,36.226806466008,2055.46109221844,1.04
0.155867355528138,27.7950429029008,2050.300060012,1.04
0.154610586673631,28.050139672377,2050.5401080216,1.04
0.122527314548552,57.2023696800687,2062.0624124825,1.04
0.117737200420192,81.6871071808705,2066.50330066013,1.04
0.122632887907399,56.9416674522411,2062.0024004801,1.04
0.123949952644273,52.9283975488621,2061.04220844169,1.04
0.128573006740457,43.6885346568656,2058.34166833367,1.04
0.138770718268213,33.8276988438502,2054.32086417283,1.04
0.133847856750537,37.575153941676,2056.06121224245,1.04
0.14649803007128,30.2460303120804,2052.22044408882,1.04
0.156280958725529,27.7316320270443,2050.2400480096,1.04
0.148091248447095,29.6983980810424,2051.86037207441,1.04
0.117662522049021,82.0611041461807,2066.56331266253,1.04
0.140309364636026,32.9131476009994,2053.84076815363,1.04
0.136400391598671,35.4087709489502,2055.10102020404,1.04
0.130965700467716,40.6093504828478,2057.26145229046,1.04
0.141817463642449,32.1699376318556,2053.42068413683,1.04
0.120583459857587,64.2690577200705,2063.56271254251,1.04
0.122913924766641,56.1666681018671,2061.82236447289,1.04
0.13893979341257,33.7505252262597,2054.26085217043,1.04
0.157324233299697,27.5422660634698,2050.0600120024,1.04
0.136214971057864,35.5708867752697,2055.16103220644,1.04
0.121598201582317,59.8759500339751,2062.6625325065,1.04
0.133653577066812,37.575153941676,2056.06121224245,1.04
0.114810429956175,113.75798591979,2070.34406881376,1.04
0.14220613652853,31.9502646161512,2053.30066013203,1.04
0.122102574120604,58.2571693781222,2062.3024604921,1.04
0.132147153621098,39.1521238458776,2056.72134426885,1.04
0.122337646091964,57.9916598558987,2062.2424484897,1.04
0.122990939121115,55.9106861279436,2061.76235247049,1.04
0.154226015501423,28.1142788446691,2050.600120024,1.04
0.14956467665084,29.2273597614989,2051.50030006001,1.04
0.125447712460159,49.4232328828234,2060.08201640328,1.04
0.114953107799805,110.682473515373,2070.04400880176,1.04
0.132927697545112,38.4432385901807,2056.42128425685,1.04
0.114115571834131,129.575032238322,2071.78435687137,1.04
0.124362179500868,51.8515170052203,2060.74214842969,1.04
0.122476819681942,57.4642655092542,2062.1224244849,1.04
0.153366645531079,28.3075776637043,2050.78015603121,1.04
0.114926460561902,111.953701043007,2070.16403280656,1.04
0.14979527525485,29.1606812358378,2051.44028805761,1.04
0.135827631821425,35.8154532620603,2055.28105621124,1.04
0.137693412480296,34.4514745147866,2054.62092418484,1.04
0.140007176802059,33.1394408876654,2053.96079215843,1.04
0.133868998164304,37.575153941676,2056.06121224245,1.04
0.135603453944631,36.0617012578568,2055.40108021604,1.04
0.135985259842328,35.8154532620603,2055.28105621124,1.04
0.143662140743243,31.3002049143139,2052.88057611522,1.04
0.128373824507068,43.9889137703121,2058.46169233847,1.04
0.150014548166443,29.1606812358378,2051.44028805761,1.04
0.144909024506977,30.8037607665866,2052.58051610322,1.04
0.154831385572184,27.9861468254964,2050.4800960192,1.04
0.140792426447624,32.6883995622381,2053.72074414883,1.04
0.152176675429128,28.5673783641001,2050.96019203841,1.04
0.136159675442578,35.5708867752697,2055.16103220644,1.04
0.142448014948053,31.8773741273602,2053.24064812963,1.04
0.153056169423881,28.3723054911643,2050.78015603121,1.04
0.127313063148387,45.730492159725,2059.00180036007,1.04
0.137697689015808,34.4514745147866,2054.62092418484,1.04
0.136488315282077,35.4087709489502,2055.10102020404,1.04
0.13562680075585,36.0617012578568,2055.40108021604,1.04
0.115738762562238,99.6438600672692,2068.84376875375,1.04
0.132447185929436,38.8847728421275,2056.60132026405,1.04
0.114214869064281,127.519877435905,2071.60432086417,1.04
0.14731270265489,29.9709634242785,2052.04040808162,1.04
0.148772147705407,29.495602018995,2051.68033606721,1.04
0.125902670444126,48.5283797398005,2059.84196839368,1.04
0.135820057444839,35.8154532620603,2055.28105621124,1.04
0.144273162907333,31.0864708846003,2052.76055211042,1.04
0.146336429025312,30.315190586218,2052.28045609122,1.04
0.11060576855647,377.346054958864,2082.88657731546,1.04
0.156967206287048,27.6052439369847,2050.1200240048,1.04
0.136180426182876,35.5708867752697,2055.16103220644,1.04
0.118486039895719,75.7565453123505,2065.60312062413,1.04
0.113589223977734,139.718746449899,2072.62452490498,1.04
0.14824328143012,29.6306449410155,2051.80036007201,1.04
0.154096732667097,28.1142788446691,2050.600120024,1.04
0.112946448106234,162.450626442276,2074.24484896979,1.04
0.129845590562339,41.9288471215546,2057.74154830966,1.04
0.141494306771114,32.3172247554147,2053.48069613923,1.04
0.136846215094078,35.1669814998765,2054.98099619924,1.04
0.12237031614449,57.7273604045926,2062.1824364873,1.04
0.150424824216207,29.0277801933518,2051.32026405281,1.04
0.110992714726673,285.578555543834,2080.12602520504,1.04
0.118341453887827,77.3298985026183,2065.84316863373,1.04
0.128993517144348,42.9956025366909,2058.10162032406,1.04
0.148641338151376,29.5630463712104,2051.74034806961,1.04
0.155058409575532,27.9222999702044,2050.4200840168,1.04
0.132267635453934,39.0628032258884,2056.66133226645,1.04
0.135119381007813,36.4758827075144,2055.58111622324,1.04
0.120433697544519,64.5633077355281,2063.62272454491,1.04
0.135368764666277,36.226806466008,2055.46109221844,1.04
0.144561323822125,30.9447929740479,2052.70054010802,1.04
0.130642899306201,40.7952766879486,2057.32146429286,1.04
0.1118893354658,208.372620627396,2076.88537707541,1.04
0.112073844443252,199.06836834438,2076.40528105621,1.04
0.125556226551067,48.9737624989775,2059.96199239848,1.04
0.144474787378652,31.0155510319859,2052.70054010802,1.04
0.116029353898524,96.0682380646005,2068.42368473695,1.04
0.146213554925511,30.315190586218,2052.28045609122,1.04
0.150553511937401,28.9615569832397,2051.32026405281,1.04
0.146235109667263,30.315190586218,2052.28045609122,1.04
0.131577828124675,39.783113123507,2056.96139227846,1.04
0.127104702263977,46.2557231076727,2059.18183636727,1.04
0.13569041126549,35.9794310462357,2055.34106821364,1.04
0.117739425809179,81.6871071808705,2066.50330066013,1.04
0.137305387293961,34.6883445186206,2054.74094818964,1.04
0.140935655989245,32.6138251119006,2053.66073214643,1.04
0.122250089206465,57.9916598558987,2062.2424484897,1.04
0.113528483492181,144.588408764049,2072.98459691938,1.04
0.135597420379137,36.0617012578568,2055.40108021604,1.04
0.110491485932389,358.035143385096,2082.40648129626,1.04
0.142541570179284,31.8046499290028,2053.18063612723,1.04
0.140530470147413,32.8380604164296,2053.78075615123,1.04
0.129077578830596,42.9956025366909,2058.10162032406,1.04
0.14401816963687,31.157552901849,2052.82056411282,1.04
0.11971367168685,68.0455813324799,2064.28285657131,1.04
0.156495139618075,27.668365815083,2050.1800360072,1.04
0.110957608800169,309.344776636453,2080.90618123625,1.04
0.118263177042029,77.6839463856421,2065.90318063613,1.04
0.150866937206509,28.895484853008,2051.26025205041,1.04
0.125613048691434,48.9737624989775,2059.96199239848,1.04
0.115906998084155,99.1897289455312,2068.78375675135,1.04
0.132665027881466,38.6192474496644,2056.48129625925,1.04
0.156669619121543,27.668365815083,2050.1800360072,1.04
0.135138268136364,36.4758827075144,2055.58111622324,1.04
0.117666894347686,82.0611041461807,2066.56331266253,1.04
0.143779625639772,31.3002049143139,2052.88057611522,1.04
0.113026345347778,156.979373938301,2073.88477695539,1.04
0.121203055828219,62.2465168810954,2063.14262852571,1.04
0.142136732470481,32.0233217756139,2053.30066013203,1.04
0.127032304566001,46.2557231076727,2059.18183636727,1.04
0.124081159323256,52.6871741304354,2060.98219643929,1.04
0.140354797091096,32.9131476009994,2053.84076815363,1.04
0.154038556199497,28.178564676959,2050.600120024,1.04
0.123446705520882,54.3991086563875,2061.40228045609,1.04
0.11221869574353,199.523556109014,2076.40528105621,1.04
0.110254909339155,455.068989179893,2084.74694938988,1.04
0.148234027060973,29.6306449410155,2051.80036007201,1.04
0.155172765886864,27.9222999702044,2050.4200840168,1.04
0.139406518603676,33.4435873623523,2054.14082816563,1.04
0.110503694136951,386.063738936741,2083.12662532507,1.04
0.130409847905797,41.2638249329961,2057.50150030006,1.04
0.144274130740374,31.0864708846003,2052.76055211042,1.04
0.152093013138858,28.6327002492754,2051.02020404081,1.04
0.147510601972355,29.9025884608853,2051.98039607922,1.04
0.157045224601921,27.6052439369847,2050.1200240048,1.04
0.149721996931461,29.2273597614989,2051.50030006001,1.04
0.128736550330753,43.4894223057643,2058.28165633127,1.04
0.149125212987318,29.3611745608237,2051.62032406481,1.04
0.121701160176279,59.6030628502018,2062.6025205041,1.04
0.13702932197952,34.9268431145398,2054.86097219444,1.04
0.130651213191691,40.7952766879486,2057.32146429286,1.04
0.138105664463473,34.2944604573588,2054.56091218244,1.04
0.12366484769896,53.9043860973304,2061.28225645129,1.04
0.111660153454954,237.344998833014,2078.20564112823,1.04
0.151846688023378,28.6327002492754,2051.02020404081,1.04
0.122591293213769,57.2023696800687,2062.0624124825,1.04
0.130671656560792,40.7952766879486,2057.32146429286,1.04
0.140684087901273,32.7631445337771,2053.72074414883,1.04
0.122534003503542,57.2023696800687,2062.0624124825,1.04
0.147424249034688,29.9025884608853,2051.98039607922,1.04
0.149923618756416,29.1606812358378,2051.44028805761,1.04
0.13848534760511,34.0602800981416,2054.44088817764,1.04
0.115610477785861,102.881531609986,2069.20384076815,1.04
0.143225467227019,31.5154084654675,2053.00060012002,1.04
0.143624732067455,31.3717756536837,2052.94058811762,1.04
0.118527929224222,75.4112816415286,2065.54310862172,1.04
0.1505427990012,28.9615569832397,2051.32026405281,1.04
0.127682207318006,45.1080814839962,2058.82176435287,1.04
0.129934773532074,41.7377546210871,2057.68153630726,1.04
0.115047787621529,110.1780334443,2069.98399679936,1.04
0.121141753734641,62.5315068779026,2063.20264052811,1.04
0.15514327868541,27.9222999702044,2050.4200840168,1.04
0.134484285285486,36.8948211782569,2055.76115223045,1.04
0.115173250334185,108.430529232706,2069.80396079216,1.04
0.145054372801741,30.8037607665866,2052.58051610322,1.04
0.147528209451627,29.9025884608853,2051.98039607922,1.04
0.127144869835068,45.9398650446285,2059.06181236247,1.04
0.141777063556462,32.1699376318556,2053.42068413683,1.04
0.153998419634542,28.178564676959,2050.66013202641,1.04
0.138083253796635,34.2162219821665,2054.50090018004,1.04
0.130425471178094,41.2638249329961,2057.50150030006,1.04
0.111583781976222,229.875775382483,2077.90558111622,1.04
0.14206250011699,32.0965459868557,2053.36067213443,1.04
0.124274740232743,52.0889144437628,2060.80216043209,1.04
0.145282371186325,30.6633713193971,2052.52050410082,1.04
0.126386112530245,47.3243516806276,2059.48189637928,1.04
0.128240932613821,44.3926343126682,2058.58171634327,1.04
0.110193470455398,472.006477815311,2085.10702140428,1.04
0.119120104812793,71.3888269097306,2064.88297659532,1.04
0.113544534113647,142.946616097213,2072.86457291458,1.04
0.148898035502999,29.495602018995,2051.68033606721,1.04
0.149939545356897,29.1606812358378,2051.44028805761,1.04
0.148625772088634,29.5630463712104,2051.74034806961,1.04
0.125971315129281,48.3072095893017,2059.78195639128,1.04
0.155733474891731,27.7950429029008,2050.300060012,1.04
0.112547602852789,173.574956852969,2074.9649929986,1.04
0.11419538786487,125.211012627487,2071.42428485697,1.04
0.134250073171282,37.1484903334101,2055.88117623525,1.04
0.152203149047347,28.5673783641001,2050.96019203841,1.04
0.12016615097537,66.8135534222751,2064.04280856171,1.04
0.120564563941338,64.2690577200705,2063.56271254251,1.04
0.112489179092099,177.584993795008,2075.2050410082,1.04
0.137380344410505,34.6883445186206,2054.74094818964,1.04
0.117050862889377,86.2898259119413,2067.16343268654,1.04
0.123084961937265,55.6558708027315,2061.70234046809,1.04
0.146653680099363,30.1770278183633,2052.16043208642,1.04
0.129193175102328,42.7996482531394,2058.04160832166,1.04
0.115629790440441,102.881531609986,2069.20384076815,1.04
0.142689683870528,31.7320916417084,2053.18063612723,1.04
0.13581709582532,35.8154532620603,2055.28105621124,1.04
0.116471866033126,93.2577359230811,2068.06361272254,1.04
0.127432696244444,45.5220735006315,2058.94178835767,1.04
0.14047016596228,32.8380604164296,2053.78075615123,1.04
0.151648010376592,28.698171498828,2051.08021604321,1.04
0.121642554795472,59.8759500339751,2062.6625325065,1.04
0.123563670730563,54.1511824096624,2061.34226845369,1.04
0.147777873683495,29.8343694863254,2051.92038407682,1.04
0.126247537648191,47.8678886713823,2059.66193238648,1.04
0.142211975738444,31.9502646161512,2053.30066013203,1.04
0.132142200187577,39.1521238458776,2056.72134426885,1.04
0.131794679398582,39.511453397773,2056.84136827365,1.04
0.147671476736156,29.8343694863254,2051.92038407682,1.04
0.149610803504377,29.2273597614989,2051.50030006001,1.04
0.136557405066451,35.3279903152696,2055.04100820164,1.04
0.137142953733784,34.9268431145398,2054.86097219444,1.04
0.124477029465743,51.3799630438154,2060.62212442488,1.04
0.137027980256408,34.9268431145398,2054.86097219444,1.04
0.14166322511357,32.243497093466,2053.48069613923,1.04
0.142608789662975,31.8046499290028,2053.18063612723,1.04
0.118370476595501,75.7565453123505,2065.60312062413,1.04
0.126855326861428,46.6802479258487,2059.30186037207,1.04
0.148592593663899,29.5630463712104,2051.74034806961,1.04
0.148275341832544,29.6306449410155,2051.80036007201,1.04
0.15236106811281,28.5022055025463,2050.96019203841,1.04
0.129874305777264,41.9288471215546,2057.74154830966,1.04
0.110142937171133,477.427639890595,2085.22704540908,1.04
0.114661066260348,118.803263663012,2070.82416483297,1.04
0.138598605012393,33.982575875828,2054.38087617524,1.04
0.123015429988311,55.6558708027315,2061.70234046809,1.04
0.134893191626406,36.4758827075144,2055.58111622324,1.04
0.112991927751747,158.782337813999,2074.00480096019,1.04
0.15564612114083,27.8585987734397,2050.3600720144,1.04
0.157204328711192,27.5422660634698,2050.0600120024,1.04
0.148910449313951,29.4283115325412,2051.68033606721,1.04
0.12096107899109,63.1054072475028,2063.32266453291,1.04
0.117838065046061,80.0251022749359,2066.26325265053,1.04
0.13438313991118,37.1484903334101,2055.88117623525,1.04
0.15405421989331,28.1142788446691,2050.600120024,1.04
0.127835841973709,44.8000601130621,2058.70174034807,1.04
0.133534473585196,37.7471883548195,2056.12122424485,1.04
0.14045042027868,32.9131476009994,2053.84076815363,1.04
0.125883492877948,48.5283797398005,2059.84196839368,1.04
0.149910382682275,29.1606812358378,2051.44028805761,1.04
0.155917860228172,27.7950429029008,2050.300060012,1.04
0.115517234312948,104.539606241328,2069.38387677536,1.04
0.126069794316189,48.3072095893017,2059.78195639128,1.04
0.126175227585197,47.8678886713823,2059.66193238648,1.04
0.122412249186564,57.7273604045926,2062.1824364873,1.04
0.131913158679802,39.511453397773,2056.84136827365,1.04
0.141980736948315,32.0965459868557,2053.36067213443,1.04
0.11079097681204,312.183874724913,2081.02620524105,1.04
0.140884276943058,32.6138251119006,2053.66073214643,1.04
0.142044506835723,32.0965459868557,2053.36067213443,1.04
0.156185131879807,27.7316320270443,2050.2400480096,1.04
0.112112685457905,196.807959020143,2076.28525705141,1.04
0.156311361843704,27.7316320270443,2050.2400480096,1.04
0.150501458685665,29.0277801933518,2051.32026405281,1.04
0.13185608724835,39.511453397773,2056.84136827365,1.04
0.125801039530074,48.5283797398005,2059.84196839368,1.04
0.12573919505206,48.5283797398005,2059.84196839368,1.04
0.126529916867993,47.1086689391147,2059.42188437688,1.04
0.1215570210878,60.150086606815,2062.7225445089,1.04
0.12270144633385,56.6821533858826,2061.9423884777,1.04
0.134567375658988,36.8948211782569,2055.76115223045,1.04
0.126213567044419,47.8678886713823,2059.66193238648,1.04
0.154922943781726,27.9861468254964,2050.4800960192,1.04
0.153752225786785,28.178564676959,2050.66013202641,1.04
0.133823696183228,37.575153941676,2056.06121224245,1.04
0.121972706602147,58.5238945114623,2062.3624724945,1.04
0.133655545344622,37.575153941676,2056.06121224245,1.04
0.115950604824276,97.6165072818245,2068.60372074415,1.04
0.118653471896572,75.0675915245416,2065.48309661932,1.04
0.145805873208317,30.4539859196963,2052.34046809362,1.04
0.134871271267271,36.6428842076339,2055.64112822564,1.04
0.122512423404567,57.4642655092542,2062.1224244849,1.04
0.125896174434003,48.5283797398005,2059.84196839368,1.04
0.114296161028485,124.640358122733,2071.36427285457,1.04
0.13992409504522,33.1394408876654,2053.96079215843,1.04
0.147303878973876,29.9709634242785,2052.04040808162,1.04
0.133053100440676,38.1807282225453,2056.30126025205,1.04
0.148853815435825,29.495602018995,2051.68033606721,1.04
0.115481016963612,104.539606241328,2069.38387677536,1.04
0.122219708048244,57.9916598558987,2062.2424484897,1.04
0.113145017102369,156.263933778434,2073.82476495299,1.04
0.110971301801234,296.207676960698,2080.48609721944,1.04
0.138736012459474,33.8276988438502,2054.32086417283,1.04
0.140326948915073,32.9131476009994,2053.84076815363,1.04
0.144199486168817,31.0864708846003,2052.76055211042,1.04
0.134841402401298,36.7266714647001,2055.70114022805,1.04
0.13328756214285,38.0067179330526,2056.24124824965,1.04
0.117736582563004,80.391489902462,2066.32326465293,1.04
0.125002841651119,50.4496814993611,2060.38207641528,1.04
0.139522612655917,33.3672900465381,2054.08081616323,1.04
0.142457055752286,31.8773741273602,2053.24064812963,1.04
0.140437551396792,32.9131476009994,2053.84076815363,1.04
0.130968045683973,40.6093504828478,2057.26145229046,1.04
0.146619664672443,30.1770278183633,2052.16043208642,1.04
0.129556736934793,42.4104148257264,2057.92158431686,1.04
0.136838940796938,35.1669814998765,2054.98099619924,1.04
0.115752877277015,99.6438600672692,2068.84376875375,1.04
0.156756511800943,27.6052439369847,2050.1200240048,1.04
0.145739016757057,30.5236217030721,2052.40048009602,1.04
0.120933057067823,63.3943295954686,2063.38267653531,1.04
0.13970933628041,33.2911667934025,2054.02080416083,1.04
0.110870709331776,324.543640928348,2081.38627725545,1.04
0.129863030850257,41.9288471215546,2057.74154830966,1.04
0.15197384627483,28.6327002492754,2051.02020404081,1.04
0.146131759513719,30.315190586218,2052.28045609122,1.04
0.146843051256089,30.1081827451107,2052.10042008402,1.04
0.131182451821252,40.148233755735,2057.08141628326,1.04
0.147438446496944,29.9025884608853,2051.98039607922,1.04
0.113322427348766,152.039248690941,2073.52470494099,1.04
0.13242553090276,38.8847728421275,2056.60132026405,1.04
0.123026731351882,55.6558708027315,2061.70234046809,1.04
0.110837716139435,322.327488657669,2081.32626525305,1.04
0.110697373326976,350.750564638961,2082.16643328666,1.04
0.144284125068029,31.0864708846003,2052.76055211042,1.04
0.119901587648168,67.7354607072957,2064.22284456891,1.04
0.15459844907148,28.050139672377,2050.5401080216,1.04
0.136598967298313,35.1669814998765,2054.98099619924,1.04
0.121811961397698,59.0610138992319,2062.4824964993,1.04
0.139812068429739,33.2152172058436,2054.02080416083,1.04
0.136047978951483,35.6522228135964,2055.22104420884,1.04
0.114314050743702,124.640358122733,2071.36427285457,1.04
0.117241549663558,85.8965563676913,2067.10342068414,1.04
0.153356050760021,28.3075776637043,2050.78015603121,1.04
0.114195093041404,125.211012627487,2071.42428485697,1.04
0.155037584655282,27.9222999702044,2050.4200840168,1.04
0.151166881873843,28.8295634579869,2051.20024004801,1.04
0.119247923236638,70.7395945232231,2064.76295259052,1.04
0.111061915974426,289.519027758169,2080.24604920984,1.04
0.152177557014345,28.5673783641001,2050.96019203841,1.04
0.132874461757544,38.4432385901807,2056.42128425685,1.04
0.14674518451481,30.1770278183633,2052.16043208642,1.04
0.111431492752974,242.274309027511,2078.44568913783,1.04
0.131416491541666,39.965256476262,2057.02140428086,1.04
0.137267842944131,34.7676625445411,2054.80096019204,1.04
0.136101347015563,35.5708867752697,2055.16103220644,1.04
0.156745065598298,27.6052439369847,2050.1200240048,1.04
0.115595189466528,102.881531609986,2069.20384076815,1.04
0.120097917938071,67.1194531790898,2064.10282056411,1.04
0.136317003265518,35.4087709489502,2055.10102020404,1.04
0.133694825455267,37.575153941676,2056.06121224245,1.04
0.148040011326278,29.6983980810424,2051.86037207441,1.04
0.119053359370327,71.3888269097306,2064.88297659532,1.04
0.127340179929474,45.5220735006315,2058.94178835767,1.04
0.154231901828074,28.1142788446691,2050.600120024,1.04
0.13316886793075,38.1807282225453,2056.30126025205,1.04
0.112845612866475,168.112570265825,2074.6049209842,1.04
0.132949568755763,38.4432385901807,2056.42128425685,1.04
0.134709995590671,36.7266714647001,2055.70114022805,1.04
0.115589336816081,102.881531609986,2069.20384076815,1.04
0.121558252151266,60.150086606815,2062.7225445089,1.04
0.124161186196866,52.3273987848124,2060.86217243449,1.04
0.12374415052575,53.6587145696673,2061.22224444889,1.04
0.11901172153623,72.8714689455414,2065.12302460492,1.04
0.118644432030045,75.0675915245416,2065.48309661932,1.04
0.126695589929309,46.893969180851,2059.36187237447,1.04
0.131045136455902,40.4242716443185,2057.20144028806,1.04
0.149508171381305,29.2941907536181,2051.56031206241,1.04
0.136467497608506,35.4087709489502,2055.10102020404,1.04
0.143744657113808,31.3002049143139,2052.88057611522,1.04
0.132333533990003,38.8847728421275,2056.60132026405,1.04
0.154000451625512,28.178564676959,2050.66013202641,1.04
0.146993153047797,30.0394947331876,2052.10042008402,1.04
0.118429913108332,75.7565453123505,2065.60312062413,1.04
0.154559032905967,28.050139672377,2050.5401080216,1.04
0.114180318528105,125.211012627487,2071.42428485697,1.04
0.125758705351466,48.5283797398005,2059.84196839368,1.04
0.154653807818964,28.050139672377,2050.5401080216,1.04
0.150006622580286,29.1606812358378,2051.44028805761,1.04
0.119940004320588,67.7354607072957,2064.22284456891,1.04
0.117131111671932,85.8965563676913,2067.10342068414,1.04
0.122329745731019,57.9916598558987,2062.2424484897,1.04
0.125899518876509,48.5283797398005,2059.84196839368,1.04
0.111405232204268,255.925428998611,2078.98579715943,1.04
0.147893540473383,29.7663061447301,2051.86037207441,1.04
0.130287303465422,41.2638249329961,2057.50150030006,1.04
0.144940769945179,30.8037607665866,2052.58051610322,1.04
0.134555938435306,36.8948211782569,2055.76115223045,1.04
0.144960438461252,30.8037607665866,2052.58051610322,1.04
0.140966754210312,32.6138251119006,2053.66073214643,1.04
0.155878530363108,27.7950429029008,2050.300060012,1.04
0.128373878555939,43.9889137703121,2058.46169233847,1.04
0.149518517723786,29.2941907536181,2051.56031206241,1.04
0.154434347673838,28.050139672377,2050.5401080216,1.04
0.130080432633477,41.7377546210871,2057.68153630726,1.04
0.128884678429522,43.2912174176546,2058.22164432887,1.04
0.148060841499662,29.6983980810424,2051.86037207441,1.04
0.123840481505951,53.4141627004192,2061.16223244649,1.04
0.138077056274231,34.2162219821665,2054.50090018004,1.04
0.128519442307929,43.6885346568656,2058.34166833367,1.04
0.144267150977499,31.0864708846003,2052.76055211042,1.04
0.122705314421548,56.6821533858826,2061.9423884777,1.04
0.147416697051011,29.9025884608853,2051.98039607922,1.04
0.135802485557106,35.8154532620603,2055.28105621124,1.04
0.137129174310356,34.9268431145398,2054.86097219444,1.04
0.141904427550832,32.0965459868557,2053.36067213443,1.04
0.118803896005722,73.2051043157228,2065.18303660732,1.04
0.14528809165619,30.6633713193971,2052.52050410082,1.04
0.124588383567751,51.1457966813703,2060.56211242248,1.04
0.124493859144981,51.3799630438154,2060.62212442488,1.04
0.154972718873279,27.9861468254964,2050.4800960192,1.04
0.150518340981215,29.0277801933518,2051.32026405281,1.04
0.14267635335689,31.7320916417084,2053.18063612723,1.04
0.147082731135192,30.0394947331876,2052.10042008402,1.04
0.144751941356284,30.8741963416722,2052.64052810562,1.04
0.143314844078217,31.4435100459991,2053.00060012002,1.04
0.11366348796472,140.67937819276,2072.68453690738,1.04
0.151970990255889,28.6327002492754,2051.02020404081,1.04
0.110901929140913,305.13446788257,2080.78615723145,1.04
0.150269672917624,29.0941548288019,2051.38027605521,1.04
0.12518111264728,49.9908762698007,2060.26205241048,1.04
0.111696823134226,234.6499606766,2078.08561712342,1.04
0.11532474552224,107.936352493288,2069.74394878976,1.04
0.149720260491681,29.2273597614989,2051.50030006001,1.04
0.153040818605922,28.3723054911643,2050.84016803361,1.04
0.153235421453886,28.3075776637043,2050.78015603121,1.04
0.127844598342483,44.8000601130621,2058.70174034807,1.04
0.12868401256333,43.4894223057643,2058.28165633127,1.04
0.15644107269755,27.668365815083,2050.1800360072,1.04
0.137749784657971,34.5302509160962,2054.68093618724,1.04
0.144989882000025,30.8037607665866,2052.58051610322,1.04
0.131253736658604,40.148233755735,2057.08141628326,1.04
0.146969160619082,30.0394947331876,2052.10042008402,1.04
0.112608584597906,174.768365880429,2075.025005001,1.04
0.111625197830295,227.265549808162,2077.78555711142,1.04
0.113101757113445,153.434631360798,2073.64472894579,1.04
0.12259614188188,57.2023696800687,2062.0624124825,1.04
0.149839843090274,29.1606812358378,2051.44028805761,1.04
0.135702620481694,35.9794310462357,2055.34106821364,1.04
0.151665514236682,28.698171498828,2051.08021604321,1.04
0.157203097234554,27.5422660634698,2050.0600120024,1.04
0.117299573036487,84.1489060589359,2066.86337267453,1.04
0.128276783566646,44.1903129974993,2058.52170434087,1.04
0.151906611791129,28.6327002492754,2051.02020404081,1.04
0.119688845580475,68.3571218166443,2064.34286857371,1.04
0.122138767616301,58.2571693781222,2062.3024604921,1.04
0.111841845277121,210.765854198472,2077.00540108022,1.04
0.129551437464617,42.4104148257264,2057.92158431686,1.04
0.123461046263093,54.3991086563875,2061.40228045609,1.04
0.128531868922076,43.6885346568656,2058.34166833367,1.04
0.112279795073848,188.020091897699,2075.80516103221,1.04
0.144939575407515,30.8037607665866,2052.58051610322,1.04
0.141294472584247,32.3911210023069,2053.54070814163,1.04
0.134004186796057,37.3185713061613,2055.94118823765,1.04
0.150301968049009,29.0277801933518,2051.38027605521,1.04
0.136017453022376,35.8154532620603,2055.28105621124,1.04
0.120763466879878,63.9761487615482,2063.50270054011,1.04
0.147910678959592,29.7663061447301,2051.86037207441,1.04
0.123010499822069,55.6558708027315,2061.70234046809,1.04
0.110658838745379,331.283940010498,2081.62632526505,1.04
0.150656560072512,28.9615569832397,2051.26025205041,1.04
0.132920275538569,38.4432385901807,2056.42128425685,1.04
0.133034235583494,38.268031898545,2056.36127225445,1.04
0.143943612825662,31.157552901849,2052.82056411282,1.04
0.137814356808302,34.4514745147866,2054.62092418484,1.04
0.137163268113695,34.9268431145398,2054.86097219444,1.04
0.116238092874868,94.1136348416669,2068.18363672735,1.04
0.117803617732189,80.0251022749359,2066.26325265053,1.04
0.134548245073382,36.8948211782569,2055.76115223045,1.04
0.14197910603115,32.0965459868557,2053.36067213443,1.04
0.150650808112591,28.9615569832397,2051.26025205041,1.04
0.138588404853443,33.982575875828,2054.38087617524,1.04
0.113653300448335,142.29513082684,2072.80456091218,1.04
0.131279573523539,40.148233755735,2057.08141628326,1.04
0.15272881032724,28.4371813246353,2050.90018003601,1.04
0.126043702362428,48.3072095893017,2059.78195639128,1.04
0.110700358371146,359.674374614132,2082.40648129626,1.04
0.146381087769637,30.2460303120804,2052.22044408882,1.04
0.120205701423476,65.4541656632636,2063.80276055211,1.04
0.149147632139511,29.3611745608237,2051.62032406481,1.04
0.127179609357813,45.9398650446285,2059.06181236247,1.04
0.137772966357009,34.4514745147866,2054.62092418484,1.04
0.150932411166504,28.895484853008,2051.26025205041,1.04
0.11096775011058,296.207676960698,2080.48609721944,1.04
0.134973541186063,36.4758827075144,2055.58111622324,1.04
0.11035590062626,444.793101455425,2084.50690138028,1.04
0.130984930846202,40.4242716443185,2057.20144028806,1.04
0.129850948177521,41.9288471215546,2057.74154830966,1.04
0.118602810612817,75.4112816415286,2065.54310862172,1.04
0.121098234979013,62.5315068779026,2063.20264052811,1.04
0.13771525276179,34.4514745147866,2054.62092418484,1.04
0.13848901270571,34.0602800981416,2054.44088817764,1.04
0.120410288629992,64.8589049478277,2063.68273654731,1.04
0.152587028478894,28.5022055025463,2050.90018003601,1.04
0.147295774956859,29.9709634242785,2052.04040808162,1.04
0.136544584740561,35.3279903152696,2055.04100820164,1.04
0.155586942901793,27.8585987734397,2050.3600720144,1.04
0.141914077860298,32.0965459868557,2053.36067213443,1.04
0.144334591415181,31.0864708846003,2052.76055211042,1.04
0.129044206821946,43.0939158567354,2058.16163232647,1.04
0.123540751177656,54.1511824096624,2061.34226845369,1.04
0.140027828243956,33.0638374435755,2053.90078015603,1.04
0.150892243406017,28.895484853008,2051.26025205041,1.04
0.110971336698395,303.743804593464,2080.72614522905,1.04
0.116032607648863,96.0682380646005,2068.42368473695,1.04
0.147002371491743,30.0394947331876,2052.10042008402,1.04
0.110898602691282,305.13446788257,2080.78615723145,1.04
0.150897669775786,28.895484853008,2051.26025205041,1.04
0.13923471957078,33.5967057749668,2054.20084016803,1.04
0.118676193534172,75.0675915245416,2065.48309661932,1.04
0.128506018617589,43.6885346568656,2058.34166833367,1.04
0.133024720721875,38.268031898545,2056.36127225445,1.04
0.147357519635493,29.9709634242785,2052.04040808162,1.04
0.147912899281387,29.7663061447301,2051.86037207441,1.04
0.112700177107596,170.821931057849,2074.7849569914,1.04
0.151256056316126,28.8295634579869,2051.20024004801,1.04
0.126882503268292,46.6802479258487,2059.30186037207,1.04
0.137506819827233,34.6883445186206,2054.74094818964,1.04
0.110213490112144,437.738357476225,2084.38687737548,1.04
0.139582618456782,33.3672900465381,2054.08081616323,1.04
0.115828162581205,100.788305198048,2068.96379275855,1.04
0.133378661954393,38.0067179330526,2056.24124824965,1.04
0.133944738242801,37.4039035826726,2056.00120024005,1.04
0.137410344945138,34.6883445186206,2054.74094818964,1.04
0.131582351208524,39.783113123507,2056.96139227846,1.04
0.137582253815416,34.5302509160962,2054.68093618724,1.04
0.134246736108947,37.1484903334101,2055.88117623525,1.04
0.119182891887024,71.0634693009207,2064.82296459292,1.04
0.130142338948745,41.4527475896384,2057.56151230246,1.04
0.138546878462021,33.982575875828,2054.38087617524,1.04
0.124526782800811,51.3799630438154,2060.62212442488,1.04
0.153568540510199,28.242997504598,2050.72014402881,1.04
0.142306246266595,31.9502646161512,2053.30066013203,1.04
0.12508375484662,50.2197549345416,2060.32206441288,1.04
0.153702041140032,28.242997504598,2050.72014402881,1.04
0.136097078984884,35.5708867752697,2055.16103220644,1.04
0.113036971572694,156.979373938301,2073.88477695539,1.04
0.113553640144944,142.946616097213,2072.86457291458,1.04
0.114505633740811,119.347193563487,2070.88417683537,1.04
0.123697398150517,53.6587145696673,2061.22224444889,1.04
0.153729573682128,28.242997504598,2050.66013202641,1.04
0.147340880423651,29.9709634242785,2052.04040808162,1.04
0.134878520222339,36.6428842076339,2055.64112822564,1.04
0.140017080309715,33.1394408876654,2053.96079215843,1.04
0.149566723372944,29.2273597614989,2051.50030006001,1.04
0.115186953256266,108.430529232706,2069.80396079216,1.04
0.113080990584656,159.874040665516,2074.06481296259,1.04
0.137504195836018,34.6883445186206,2054.74094818964,1.04
0.157379320567094,27.5422660634698,2050.0600120024,1.04
0.123170569119991,55.4022168091801,2061.64232846569,1.04
0.136201131454712,35.5708867752697,2055.16103220644,1.04
0.136049155558722,35.6522228135964,2055.22104420884,1.04
0.127187411677211,45.9398650446285,2059.06181236247,1.04
0.131724374446256,39.511453397773,2056.84136827365,1.04
0.133842869994093,37.575153941676,2056.06121224245,1.04
0.142465590532934,31.8773741273602,2053.24064812963,1.04
0.146969496383535,30.0394947331876,2052.10042008402,1.04
0.146271423109344,30.315190586218,2052.28045609122,1.04
0.128227243393897,44.3926343126682,2058.58171634327,1.04
0.133004957129478,38.4432385901807,2056.42128425685,1.04
0.153121739036941,28.3723054911643,2050.78015603121,1.04
0.156498485299712,27.668365815083,2050.1800360072,1.04
0.133035184822716,38.268031898545,2056.36127225445,1.04
0.148400203353296,29.6306449410155,2051.80036007201,1.04
0.137626842474679,34.5302509160962,2054.68093618724,1.04
0.140723693139134,32.6883995622381,2053.72074414883,1.04
0.110985718781243,290.844564204715,2080.30606121224,1.04
0.118302531864371,76.1033897413798,2065.66313262653,1.04
0.120345358846313,65.155855524987,2063.74274854971,1.04
0.133055859265676,38.1807282225453,2056.30126025205,1.04
0.124222679588354,52.0889144437628,2060.80216043209,1.04
0.145224046077488,30.7334858813595,2052.52050410082,1.04
0.134626973983377,36.8948211782569,2055.76115223045,1.04
0.148010825222983,29.6983980810424,2051.86037207441,1.04
0.137999378690621,34.2944604573588,2054.56091218244,1.04
0.121592535687611,59.8759500339751,2062.6625325065,1.04
0.146938102425396,30.1081827451107,2052.10042008402,1.04
0.144107442454222,31.157552901849,2052.82056411282,1.04
0.127111194492962,46.1501965241778,2059.12182436487,1.04
0.129282967025115,42.6045870395527,2057.98159631926,1.04
0.146186528138717,30.315190586218,2052.28045609122,1.04
0.122421431337411,57.7273604045926,2062.1824364873,1.04
0.149983537306583,29.1606812358378,2051.44028805761,1.04
0.140208875187428,33.0638374435755,2053.90078015603,1.04
0.135000419020381,36.4758827075144,2055.58111622324,1.04
0.154140803797415,28.1142788446691,2050.600120024,1.04
0.110584579931404,341.267821922648,2081.92638527706,1.04
0.127408143508624,45.5220735006315,2058.94178835767,1.04
0.137869047824524,34.4514745147866,2054.62092418484,1.04
0.125984442574573,48.3072095893017,2059.78195639128,1.04
0.150001426366705,29.1606812358378,2051.44028805761,1.04
0.142618368021221,31.8046499290028,2053.18063612723,1.04
0.134466285045299,36.8948211782569,2055.76115223045,1.04
0.153495974380565,28.242997504598,2050.72014402881,1.04
0.126966495266185,46.4675007145378,2059.24184836967,1.04
0.122747586893659,56.6821533858826,2061.9423884777,1.04
0.150104369622072,29.0941548288019,2051.38027605521,1.04
0.115121907743646,110.1780334443,2069.98399679936,1.04
0.15363809967689,28.242997504598,2050.72014402881,1.04
0.144327731812398,31.0864708846003,2052.76055211042,1.04
0.124987088259341,50.4496814993611,2060.38207641528,1.04
0.120877924950464,63.3943295954686,2063.38267653531,1.04
0.118252209069341,77.6839463856421,2065.90318063613,1.04
0.152413374400412,28.5022055025463,2050.96019203841,1.04
0.129055009023417,43.0939158567354,2058.16163232647,1.04
0.156755410732715,27.6052439369847,2050.1200240048,1.04
0.120266636791919,65.4541656632636,2063.80276055211,1.04
0.142352370872499,31.9502646161512,2053.30066013203,1.04
0.155042756908526,27.9222999702044,2050.4200840168,1.04
0.135544543458545,36.0617012578568,2055.40108021604,1.04
0.121589773447536,59.8759500339751,2062.6625325065,1.04
0.138932596533529,33.7505252262597,2054.26085217043,1.04
0.142415744014153,31.8773741273602,2053.24064812963,1.04
0.118933068480583,73.2051043157228,2065.18303660732,1.04
0.1419920302419,32.0965459868557,2053.36067213443,1.04
0.124627419643408,51.1457966813703,2060.56211242248,1.04
0.119960970063219,67.4267534700241,2064.16283256651,1.04
0.111495210151872,250.146391013699,2078.74574914983,1.04
0.145368843262346,30.5934167149422,2052.46049209842,1.04
0.139446279441203,33.3672900465381,2054.08081616323,1.04
0.147922957066651,29.7663061447301,2051.86037207441,1.04
0.12005120917447,67.1194531790898,2064.10282056411,1.04
0.11063592187591,337.392746373721,2081.80636127225,1.04
0.146213305450221,30.315190586218,2052.28045609122,1.04
0.111342418837802,263.638236511578,2079.28585717143,1.04
0.128772040796324,43.4894223057643,2058.28165633127,1.04
0.122978782522408,55.9106861279436,2061.76235247049,1.04
0.134193702485524,37.1484903334101,2055.88117623525,1.04
0.155807290806877,27.7950429029008,2050.300060012,1.04
0.137284456279114,34.7676625445411,2054.80096019204,1.04
0.148708607256349,29.495602018995,2051.68033606721,1.04
0.116550279797173,91.7786000082829,2067.88357671534,1.04
0.136105108887736,35.5708867752697,2055.16103220644,1.04
0.110733452900752,329.774099392229,2081.56631326265,1.04
0.141100797816742,32.539420793742,2053.60072014403,1.04
0.131060594396671,40.4242716443185,2057.20144028806,1.04
0.150597654407846,28.9615569832397,2051.32026405281,1.04
0.152384129842999,28.5022055025463,2050.96019203841,1.04
0.120216704260033,65.4541656632636,2063.80276055211,1.04
0.118265597290206,77.6839463856421,2065.90318063613,1.04
0.146207823856554,30.315190586218,2052.28045609122,1.04
0.15170898010508,28.698171498828,2051.08021604321,1.04
0.128000638518584,44.5958819375144,2058.64172834567,1.04
0.148724288878998,29.495602018995,2051.68033606721,1.04
0.137538559280295,34.6883445186206,2054.74094818964,1.04
0.112987867384691,158.782337813999,2074.00480096019,1.04
0.140091752527088,33.0638374435755,2053.90078015603,1.04
0.15143038604277,28.7637924542932,2051.14022804561,1.04
0.130485149995542,41.0757632993805,2057.44148829766,1.04
0.145135389693383,30.7334858813595,2052.52050410082,1.04
0.146694199145767,30.1770278183633,2052.16043208642,1.04
0.133422538206606,38.0067179330526,2056.24124824965,1.04
0.119972054499101,67.4267534700241,2064.16283256651,1.04
0.149041321556,29.4283115325412,2051.62032406481,1.04
0.112997192013658,158.782337813999,2074.00480096019,1.04
0.116650623382899,91.3603151431124,2067.82356471294,1.04
0.139331033373863,33.5200591388552,2054.14082816563,1.04
0.125591669689825,48.9737624989775,2059.96199239848,1.04
0.150365477798492,29.0277801933518,2051.32026405281,1.04
0.147079856121985,30.0394947331876,2052.10042008402,1.04
0.124127985665195,52.3273987848124,2060.86217243449,1.04
0.151853050573375,28.6327002492754,2051.02020404081,1.04
0.149710639592769,29.2273597614989,2051.50030006001,1.04
0.137050402831905,34.9268431145398,2054.86097219444,1.04
0.120252090821874,66.5090478165863,2063.98279655931,1.04
0.130993036555417,40.4242716443185,2057.20144028806,1.04
0.143339205401075,31.4435100459991,2053.00060012002,1.04
0.133816504676122,37.575153941676,2056.06121224245,1.04
0.130307308753227,41.2638249329961,2057.50150030006,1.04
0.125507553072587,49.1979844011424,2060.02200440088,1.04
0.135371193396201,36.226806466008,2055.46109221844,1.04
0.114976072716283,111.953701043007,2070.16403280656,1.04
0.15320876997866,28.3075776637043,2050.78015603121,1.04
0.142720876586237,31.7320916417084,2053.18063612723,1.04
0.15046787530655,29.0277801933518,2051.32026405281,1.04
0.120818367780148,63.6845747480371,2063.44268853771,1.04
0.124019638338579,52.9283975488621,2061.04220844169,1.04
0.144620356982261,30.9447929740479,2052.70054010802,1.04
0.113319858161232,152.039248690941,2073.52470494099,1.04
0.1551605071021,27.9222999702044,2050.4200840168,1.04
0.130952788077141,40.6093504828478,2057.26145229046,1.04
0.113659451283578,140.67937819276,2072.68453690738,1.04
0.134783014715029,36.7266714647001,2055.70114022805,1.04
0.14794945857176,29.7663061447301,2051.86037207441,1.04
0.133560113050212,37.8335007028403,2056.18123624725,1.04
0.156490827196681,27.668365815083,2050.1800360072,1.04
0.12728474722747,45.730492159725,2059.00180036007,1.04
0.110467838829826,413.443918209274,2083.78675735147,1.04
0.116455398340365,92.1987999525351,2067.94358871774,1.04
0.126086344074805,48.0870474311516,2059.72194438888,1.04
0.136167472013952,35.5708867752697,2055.16103220644,1.04
0.119177110760645,71.0634693009207,2064.82296459292,1.04
0.13074334215729,40.7952766879486,2057.32146429286,1.04
0.134969562929998,36.4758827075144,2055.58111622324,1.04
0.144433947863505,31.0155510319859,2052.70054010802,1.04
0.137896653651379,34.4514745147866,2054.62092418484,1.04
0.133177767546315,38.0067179330526,2056.24124824965,1.04
0.155962382772859,27.7950429029008,2050.300060012,1.04
0.157023660719902,27.6052439369847,2050.1200240048,1.04
0.111739816394031,231.985524516016,2077.96559311862,1.04
0.135692021318679,35.9794310462357,2055.34106821364,1.04
0.146584900898773,30.1770278183633,2052.16043208642,1.04
0.122145544358311,58.2571693781222,2062.3024604921,1.04
0.128450368461377,43.9889137703121,2058.46169233847,1.04
0.110872693606396,310.761083464903,2080.96619323865,1.04
0.153734647295363,28.242997504598,2050.66013202641,1.04
0.114179580547709,125.211012627487,2071.42428485697,1.04
0.144539559262545,30.9447929740479,2052.70054010802,1.04
0.149967789903898,29.1606812358378,2051.44028805761,1.04
0.146749845838773,30.1770278183633,2052.16043208642,1.04
0.148648655919601,29.495602018995,2051.68033606721,1.04
0.150989894475407,28.895484853008,2051.20024004801,1.04
0.112227091931595,186.736193213379,2075.74514902981,1.04
0.128564645603104,43.6885346568656,2058.34166833367,1.04
0.139500596572631,33.3672900465381,2054.08081616323,1.04
0.121798742629178,59.3314193613515,2062.5425085017,1.04
0.118989025795496,72.8714689455414,2065.12302460492,1.04
0.116440232492473,92.1987999525351,2067.94358871774,1.04
0.112562855408214,173.574956852969,2074.9649929986,1.04
0.111546794985992,247.305993820643,2078.62572514503,1.04
0.131542948527021,39.965256476262,2057.02140428086,1.04
0.15726883761075,27.5422660634698,2050.0600120024,1.04
0.114747330252575,115.591349280681,2070.52410482096,1.04
0.120341175013931,65.155855524987,2063.74274854971,1.04
0.119232583796259,70.7395945232231,2064.76295259052,1.04
0.155577754542577,27.8585987734397,2050.3600720144,1.04
0.135592105058113,36.0617012578568,2055.40108021604,1.04
0.133535312224817,37.7471883548195,2056.12122424485,1.04
0.145614426539798,30.5236217030721,2052.40048009602,1.04
0.114544975838956,120.717938478964,2071.00420084017,1.04
0.151221031954811,28.8295634579869,2051.20024004801,1.04
0.13883198898748,33.8276988438502,2054.32086417283,1.04
0.150439740807571,29.0277801933518,2051.32026405281,1.04
0.135052447216339,36.4758827075144,2055.58111622324,1.04
0.142111292237517,32.0233217756139,2053.30066013203,1.04
0.156981670331408,27.6052439369847,2050.1200240048,1.04
0.150675402340481,28.9615569832397,2051.26025205041,1.04
0.146562625602265,30.1770278183633,2052.16043208642,1.04
0.115052745306202,108.926968515227,2069.86397279456,1.04
0.116675837547692,91.3603151431124,2067.82356471294,1.04
0.119002839013049,72.8714689455414,2065.12302460492,1.04
0.125722200840453,48.750562497649,2059.90198039608,1.04
0.137037415215494,34.9268431145398,2054.86097219444,1.04
0.134667651940933,36.7266714647001,2055.70114022805,1.04
0.114970202429396,111.953701043007,2070.16403280656,1.04
0.144354570533213,31.0155510319859,2052.70054010802,1.04
0.138383684592327,34.0602800981416,2054.44088817764,1.04
0.115441711298841,103.352565313302,2069.26385277055,1.04
0.144316387038553,31.0864708846003,2052.76055211042,1.04
0.116313477041265,95.1945633711486,2068.30366073215,1.04
0.133005122200354,38.4432385901807,2056.42128425685,1.04
0.11430358702279,124.640358122733,2071.36427285457,1.04
0.13452867407568,36.8948211782569,2055.76115223045,1.04
0.127729280649681,45.1080814839962,2058.82176435287,1.04
0.149753048249091,29.2273597614989,2051.50030006001,1.04
0.135177112051262,36.4758827075144,2055.58111622324,1.04
0.155843958032694,27.7950429029008,2050.300060012,1.04
0.147972253565259,29.7663061447301,2051.86037207441,1.04
0.116604399630584,90.322924271161,2067.70354070814,1.04
0.144758539467141,30.8741963416722,2052.64052810562,1.04
0.126849012281088,46.6802479258487,2059.30186037207,1.04
0.141243224550541,32.4651862196273,2053.60072014403,1.04
0.11347714496126,141.970502478276,2072.80456091218,1.04
0.131523216807295,39.965256476262,2057.02140428086,1.04
0.113910249945173,130.764243287366,2071.90438087618,1.04
0.119386569116133,70.4171958185721,2064.70294058812,1.04
0.118594706454747,75.4112816415286,2065.54310862172,1.04
0.122221062304938,57.9916598558987,2062.2424484897,1.04
0.111489109007562,235.186508958782,2078.14562912583,1.04
0.13961509894481,33.2911667934025,2054.02080416083,1.04
0.147325352259446,29.9709634242785,2052.04040808162,1.04
0.116538105302826,91.7786000082829,2067.88357671534,1.04
0.137835835566939,34.4514745147866,2054.62092418484,1.04
0.131809484380861,39.511453397773,2056.84136827365,1.04
0.120259933244861,66.5090478165863,2063.98279655931,1.04
0.146281166731943,30.315190586218,2052.28045609122,1.04
0.127548250254566,45.5220735006315,2058.94178835767,1.04
0.137572577447135,34.6883445186206,2054.74094818964,1.04
0.143015125588613,31.5874712871515,2053.06061212242,1.04
0.128577303394341,43.6885346568656,2058.34166833367,1.04
0.127286498047568,45.730492159725,2059.00180036007,1.04
0.136685024131877,35.1669814998765,2054.98099619924,1.04
0.140941027367224,32.6138251119006,2053.66073214643,1.04
0.129276288475913,42.6045870395527,2057.98159631926,1.04
0.155061424923722,27.9222999702044,2050.4200840168,1.04
0.111512333683056,245.617260255597,2078.56571314263,1.04
0.130037016464624,41.7377546210871,2057.68153630726,1.04
0.116972930011008,88.0819400101547,2067.40348069614,1.04
0.120779323260234,63.9761487615482,2063.50270054011,1.04
0.128899727167199,43.2912174176546,2058.22164432887,1.04
0.151312944971088,28.7637924542932,2051.14022804561,1.04
0.145645763978571,30.5236217030721,2052.40048009602,1.04
0.12298331087642,55.9106861279436,2061.76235247049,1.04
0.130962804883326,40.6093504828478,2057.26145229046,1.04
0.11765441625811,82.0611041461807,2066.56331266253,1.04
0.119463265509961,70.4171958185721,2064.70294058812,1.04
0.133717707324646,37.575153941676,2056.06121224245,1.04
0.152548085872379,28.5022055025463,2050.90018003601,1.04
0.126553261035432,47.1086689391147,2059.42188437688,1.04
0.140905191022517,32.6138251119006,2053.66073214643,1.04
0.129526716008843,42.4104148257264,2057.92158431686,1.04
0.120417691238006,64.8589049478277,2063.68273654731,1.04
0.138844864568954,33.8276988438502,2054.32086417283,1.04
0.114424964298017,122.66347086177,2071.18423684737,1.04
0.11040452734139,428.832138089237,2084.14682936587,1.04
0.143976595504931,31.157552901849,2052.82056411282,1.04
0.125660504143016,48.750562497649,2059.90198039608,1.04
0.116475019571158,93.2577359230811,2068.06361272254,1.04
0.146821440027107,30.1081827451107,2052.16043208642,1.04
0.144214211101696,31.0864708846003,2052.76055211042,1.04
0.13751089695593,34.6883445186206,2054.74094818964,1.04
0.148572951978525,29.5630463712104,2051.74034806961,1.04
0.134948628830715,36.4758827075144,2055.58111622324,1.04
0.115197415801043,109.675892380264,2069.92398479696,1.04
0.127445400258841,45.5220735006315,2058.94178835767,1.04
