0.0687845972296417,5.38806539618403,2085.86793396698,0.0261391141812518
0.0994803835128573,4.06351835261943,2065.75787893947,0.0561435864802626
0.0858934639242501,4.39198314906283,2072.3611805903,0.0409770366548487
0.062619803117308,5.6910027726913,2092.32116058029,0.0215362216361165
0.0798486203035933,3.42873391662958,2072.21110555278,0.0328679761931987
0.0483855879417903,2.27163778979815,2090.37018509255,0.0113759058239805
0.0572946728722597,1.00288309926358,2064.25712856428,0.00451698333864018
0.0659370413459812,6.7058929175172,2091.87093546773,0.0243543554741233
0.0848711833270963,7.16496054867685,2078.8144072036,0.043962077087894
0.0293059103761715,1.05622377499757,2099.07453726863,0.00429513570170007
0.0652039224584293,8.6145740489714,2096.52326163082,0.0242829467063783
0.0587898595405869,3.30278056177977,2086.61830915458,0.017501850882796
0.0909060973256315,1.04413027541975,2052.10105052526,0.0210196168531097
0.0907129980099255,5.01389279437678,2071.6108054027,0.0481229651686117
0.0861832179772276,2.07171057200942,2062.75637818909,0.0316710118397459
0.0999711644531,13.1910713679069,2077.76388194097,0.0722007287232619
0.0611855893659475,8.01633751167032,2099.67483741871,0.0210858227607247
0.0960270785567222,1.73304445225245,2057.2036018009,0.0346367538360316
0.0839160264273048,8.1325652583707,2080.91545772886,0.0435430138293993
0.0963036258282479,1.6984685687346,2056.90345172586,0.0342926100932486
0.0560860043624834,1.61734325078285,2075.21260630315,0.0133055056844837
0.0955795367810803,9.2308418493486,2076.11305652826,0.061312843123848
0.076433792305759,17.2408685151293,2095.92296148074,0.0369051671385048
0.062501825398092,2.67674439360146,2079.71485742871,0.0187348541740601
0.0649167004038345,2.74700667630971,2078.21410705353,0.0203728118153279
0.0813968424872461,21.151020824465,2094.42221110555,0.043683735671205
0.0791828926960524,1.27358007675926,2058.55427713857,0.0205688157192299
0.0943020824179339,2.08367368705817,2060.05502751376,0.0374307652141388
0.0696736783055756,2.87650223749675,2075.66283141571,0.0236785635828813
0.0971322304251511,2.87650223749675,2062.75637818909,0.0468148390296083
0.0980360313969021,2.71555413295041,2061.85592796398,0.0463446641744881
0.0780000464231868,1.61734325078285,2062.60630315158,0.0233138643802714
0.0865327197010844,3.09116744284691,2067.70885442721,0.0377103176527079
0.0784963692476147,8.86618796583124,2085.56778389195,0.0373997766719466
0.0944243689247061,8.25047817477399,2075.36268134067,0.0588860087362055
0.0818740640486284,2.33126636583218,2066.05802901451,0.0303750347942093
0.0859211311629754,9.97699489356779,2082.11605802901,0.0474717429913458
0.0906334614678337,1.05015961695978,2052.25112556278,0.0210619800871048
0.0827695871182653,1.04413027541975,2054.35217608804,0.0187290730379683
0.0741310835430896,6.59105201019205,2084.66733366683,0.0317284687339294
0.0959663262806824,1.16484078042324,2052.4012006003,0.0249610120133332
0.0911146036733609,4.3542135747773,2069.80990495248,0.0469224830302857
0.0776853032358221,23.3260907272937,2098.7743871936,0.0390078764340299
0.0586557267163937,1.20231981606127,2067.25862931466,0.012530065219653
0.092336780271522,1.11560866287013,2052.70135067534,0.022823430324052
0.0604949158240226,1.00288309926358,2062.45622811406,0.00710379316495454
0.0907416541923179,3.55949057200184,2067.55877938969,0.0439478963700869
0.0693992577621289,4.37935702804035,2082.26613306653,0.0257750600736869
0.0987357461440168,2.23917234584048,2059.45472736368,0.0425422837091814
0.0793148514706155,17.7955976561148,2093.971985993,0.0403791764754677
0.0973079378010937,5.07196553857306,2068.90945472736,0.057102051109286
0.0666027072840257,1.88394737445416,2070.71035517759,0.0189812296853903
0.0935264027064742,1.7683242002651,2058.25412706353,0.0334981791032832
0.073858629565371,1.36468921205103,2061.70585292646,0.0193229655360251
0.0963876630010734,33.3334849128322,2089.1695847924,0.0701556761071516
0.0769056518795239,2.57100265798945,2069.80990495248,0.0278243599666371
0.0495933779063354,1.00577451078852,2069.65982991496,0.0088232760103361
0.0973531621743885,3.99392909131044,2066.35817908954,0.053126185722901
0.0592354549660428,1.47925317679908,2071.16058029014,0.0140126202968126
0.0917807538705066,1.23743709481674,2054.20210105053,0.024921446790034
0.0485656897532986,1.00288309926358,2070.41020510255,0.00458985735871611
0.070231364352687,11.8241026687353,2096.3731865933,0.0293670260030278
0.0588232552361271,1.00288309926358,2063.35667833917,0.00121676729760124
0.0794006548761012,1.54898606893921,2061.40570285143,0.0234293195629265
0.046306103853463,1.25537852068667,2078.36418209105,0.00886059998188876
0.0940912410747763,27.1711817270042,2088.4192096048,0.0649970225256969
0.0960855604917632,15.189566737098,2081.06553276638,0.066354533414506
0.0682243840559299,9.66598933399762,2095.17258629315,0.027338082076628
0.0496788342564582,1.00288309926358,2069.50975487744,0.00823348783601709
0.0926956506749556,3.38947576589033,2066.20810405203,0.0452445902930633
0.0785815563264063,2.90145376159538,2070.56028014007,0.0303323880805111
0.0563773812061066,5.48194575365476,2098.62431215608,0.017227942352186
0.08377280933646,1.34131840233837,2057.65382691346,0.0233182998958885
0.0992690770129303,4.98510624458552,2068.00900450225,0.0594167123762765
0.0940292243460032,2.71555413295041,2063.20660330165,0.0425953704217195
0.078158858179184,1.1028352210931,2056.60330165083,0.0181647655215121
0.0535174665155917,2.31788173275986,2085.11755877939,0.0135891867638217
0.0475433478973121,1.23743709481674,2076.71335667834,0.00917656382904649
0.0738949246630584,1.47500060364494,2062.90645322661,0.0202613068618371
0.0990087297437176,2.68446171339143,2061.40570285143,0.0470789462396877
0.0953093759485991,2.76286929599819,2062.90645322661,0.0442247752906405
0.0489073700137314,1.00288309926358,2070.11005502751,0.00776668481886757
0.0900148928863022,1.6741946565908,2058.70435217609,0.0302864121832639
0.0544962555884173,1.86774606222357,2079.5647823912,0.0132771732857067
0.0901039610859048,1.74305193613896,2059.15457728864,0.0312130765056907
0.0754090954298951,8.6145740489714,2087.51875937969,0.0337639773969435
0.0913921673192714,2.23917234584048,2061.85592796398,0.0367172451910372
0.0928157579609736,4.06351835261943,2068.30915457729,0.0479591351604305
0.0952187268026626,1.9841495077581,2059.15457728864,0.0371054741977538
0.0959658317002296,1.35685404373703,2054.35217608804,0.0285975794942317
0.0944261159589444,6.31248050684326,2072.51125562781,0.0557774638384571
0.0554717817797286,2.69996316651677,2086.16808404202,0.0150113908821267
0.0724583717572928,12.3814980416064,2094.87243621811,0.0319083413705243
0.0653897700759137,1.18513668643434,2063.20660330165,0.014662095524058
0.0954339704281225,1.05318733137807,2051.20060030015,0.0224245236537916
0.0631191976443156,1.16484078042324,2064.10705352676,0.0137308821103083
0.0985384839529666,11.2918003500854,2076.71335667834,0.0689675052622899
0.096094421428642,1.32214875407135,2053.90195097549,0.0280798843600524
0.081484302702671,1.29204553462562,2057.95397698849,0.0216929539514066
0.0818697775683482,3.59036651349369,2071.76088044022,0.0351429373043477
0.082828233477261,1.47076025583445,2059.30465232616,0.0243584572757488
0.0776253138967712,5.40359972355987,2079.5647823912,0.0341828564868735
0.0937090275191157,2.67674439360146,2063.05652826413,0.0422698589177239
0.0983575681950231,2.63090415150101,2061.40570285143,0.0459580540575205
0.0934702278751616,2.47655776434198,2062.30615307654,0.0404254038967369
0.0944489504747118,1.56242237457588,2056.45322661331,0.0313139552321422
0.0832357535133325,1.24817094410403,2056.75337668834,0.0219234163746703
0.0577574840814222,1.00288309926358,2063.95697848924,0.00788586137171443
0.0979680394929836,1.12205075712963,2051.50075037519,0.024642191204213
0.0474596480247363,1.00288309926358,2071.31065532766,0.00482733838920548
0.0565345225768586,2.51970871206025,2083.76688344172,0.0153142099322777
0.0999975494614332,1.88394737445416,2057.2036018009,0.0390814039442494
0.0901320246338316,7.39549489831676,2076.26313156578,0.0514683637206815
0.0459532321437569,1.00288309926358,2072.66133066533,0.00333109455879843
0.0954686784068144,2.28475538672293,2060.65532766383,0.0404962273688431
0.0686297443409978,1.12853005133194,2060.80540270135,0.0152693969354326
0.0929030888118563,2.39935784176774,2062.15607803902,0.0392538146575806
0.0834326361337457,35.4109260457599,2099.07453726863,0.0474874565993448
0.0453837794772702,2.85998721049474,2099.97498749375,0.0106074489901719
0.0988841768513211,5.02834834499989,2068.15907953977,0.0593853060217636
0.0786685504880878,1.31077872056062,2059.15457728864,0.0208187465427483
0.0818931784521597,5.19013667692469,2076.56328164082,0.0381002067042699
0.0918057743691206,5.40359972355987,2071.91095547774,0.0505639217958057
0.0869813176892073,1.12528574084121,2054.20210105053,0.0213481435498974
0.0711692415353641,3.4784466459882,2077.61380690345,0.0258309455276752
0.0833778813861968,1.4920846013006,2059.30465232616,0.0248612440767783
0.099127311118867,1.47076025583445,2054.50225112556,0.0321327382451361
0.0822082530765761,2.91820823764409,2068.90945472736,0.0332338435883331
0.0821589327543136,1.53566531100084,2060.20510255128,0.0246969892743527
0.0510463082692428,1.28093437865255,2074.31215607804,0.0103985669267635
0.0991159103964726,20.5507751252155,2082.71635817909,0.0732919239882352
0.0937430262456295,2.22631645743836,2060.95547773887,0.0384857349711847
0.0890001047733839,5.46618619625777,2073.41170585293,0.0469224337075454
0.0964883610599883,2.95200799512719,2063.20660330165,0.0468184003341587
0.0921555665603949,2.49085867387056,2062.75637818909,0.0395201724182593
0.0913253015339325,2.27818714703702,2062.0060030015,0.037160069257168
0.0811883894607746,4.61228334151361,2075.36268134067,0.0366677806204845
0.0773461964252338,3.02949571521225,2071.91095547774,0.0296030922906237
0.072824230179082,1.43314150019665,2062.90645322661,0.0194325014504208
0.0650882568404832,1.7683242002651,2070.56028014007,0.0177552215493053
0.0888793465220303,1.37652687910296,2056.45322661331,0.0259455289442423
0.0807494059944463,2.13836836392825,2065.30765382691,0.0285726996654942
0.0858067890048833,3.68461060628057,2070.11005502751,0.0393830747940036
0.0921341004061117,1.06232295058138,2052.10105052526,0.0217096084892597
0.078641662173072,9.6938573407282,2086.61830915458,0.0379307331604649
0.0933947804928223,4.3542135747773,2068.75937968984,0.049923714983702
0.0896172959642985,1.10920355497526,2053.30165082541,0.0219342285772625
0.0840487829642936,1.30325307163827,2057.2036018009,0.0228905830377354
0.0720274302330002,1.26626799854054,2061.25562781391,0.0177320561611948
0.0830720611738727,4.31676880609627,2073.56178089045,0.0378678062088114
0.0946543648431065,3.31230280598519,2065.15757878939,0.0470696764274767
0.0599295427772642,3.74881037659201,2087.81890945473,0.0185583812010954
0.0949773680885567,24.8512842698056,2086.91845922961,0.0664483363066091
0.0685768844048017,2.57841511385935,2074.61230615308,0.0222983450589751
0.0972104676159919,2.5933041997516,2061.55577788894,0.0447156237889954
0.0777775493833906,5.29579277470977,2079.26463231616,0.0340568140596393
0.0933336374807982,3.02078648791353,2064.70735367684,0.0438418206997864
0.0982628314203016,17.6934267723322,2081.51575787894,0.0714751579335693
0.052786934620823,3.68461060628057,2095.32266133067,0.014477867774563
0.0622105128052426,2.18818996107018,2076.26313156578,0.0176767823937145
0.0717487054299049,8.06262793911584,2089.46973486743,0.0299728008824458
0.0904454556356029,1.24817094410403,2054.65232616308,0.0246203170145772
0.0502166021290148,1.8570226648111,2083.76688344172,0.0114872613657044
0.0675493980132722,1.15815301335288,2061.70585292646,0.0151829911581257
0.0562775970304416,1.60343464412786,2074.91245622811,0.0133229354402855
0.0618790062532962,2.35148837301477,2077.91395697849,0.0177604423895363
0.0441840555526193,1.68386231169735,2088.56928464232,0.0090573064795131
0.0978493403511329,3.4784466459882,2064.55727863932,0.0515883154289686
0.0730789782661213,3.49853297367273,2076.4132066033,0.0274090184833948
0.0910228381119825,2.72338334507132,2064.25712856428,0.0400920390024196
0.0747495173352484,4.29198469417562,2078.21410705353,0.0301395248800748
0.0950464903872883,1.56692699337341,2056.30315157579,0.0316633627808498
0.0445084244723892,2.1944987299355,2094.87243621811,0.0097590121174475
0.0548419030909611,1.03813555048354,2066.50825412706,0.0104339606357932
0.0931945563639019,2.32456441587663,2061.70585292646,0.038843408047408
0.078535596629269,3.77045792255574,2074.16208104052,0.0325932596338689
0.0898825831039149,2.81100886708374,2065.15757878939,0.0393829544704419
0.0831107635176599,4.50726900243269,2074.012006003,0.0385066673882714
0.0882210362708707,1.74305193613896,2059.75487743872,0.0300718223948496
0.0750458142990625,1.04112859832463,2056.75337668834,0.0164158077412386
0.081195888487847,1.8199732981517,2062.90645322661,0.0266654327081426
0.0677159709327293,10.8769999686707,2097.57378689345,0.0268983370420348
0.0428387664716897,1.28462743961633,2082.86643321661,0.00794732429519315
0.0790960774479457,5.90803229623124,2079.86493246623,0.0360758020906943
0.0821077923481225,4.39198314906283,2074.31215607804,0.0370206431516056
0.0824571599041882,1.8570226648111,2062.75637818909,0.0276619711728445
0.0648520707718317,2.77882351455518,2078.51425712856,0.0203376585163262
0.0594304398669684,1.00288309926358,2063.05652826413,0.00785032427301164
0.0765766648205396,1.58051892322707,2062.75637818909,0.0223820729409732
0.0942176362160164,1.295770630155,2054.20210105053,0.0268231449076369
0.0848582675574802,2.44116367657533,2065.45772886443,0.0330604092010955
0.07289737354012,3.90299369276608,2078.06403201601,0.0280104105516575
0.0483160577766296,3.18145405986858,2098.17408704352,0.0120183824356605
0.0707074361391702,1.50502732889567,2064.70735367684,0.0190157706568832
0.075500650857364,3.94819959636536,2076.71335667834,0.0300530299384593
0.0770454755245478,1.16149208345279,2057.80390195098,0.0185329107705912
0.0722748570733341,1.0684573459204,2058.25412706353,0.0158411295383858
0.0887724484502812,1.07462716439149,2053.00150075038,0.0210254171135295
0.0819462556954358,1.017423759841,2054.20210105053,0.018053897213205
0.0602872972423861,2.10780755947618,2077.1635817909,0.0163929252082343
0.0766343032287911,1.34518555643637,2060.35517758879,0.020285598109195
0.0866090067718663,9.39167782086193,2081.06553276638,0.0478335668074961
0.0724095957929398,1.36076598863131,2062.30615307654,0.0186830304897405
0.0912977027145096,24.2854601433005,2089.01950975488,0.0592087624917548
0.0692938134746374,1.20926262481036,2061.70585292646,0.0162184002120997
0.0754123696345844,2.00713065465068,2066.95847923962,0.0243539492247396
0.0869546687578115,3.19982540066046,2067.85892946473,0.0387024346769629
0.0697703931579601,2.42714808378022,2072.96148074037,0.0225543278238325
0.0522733872431089,1.85168407581574,2081.51575787894,0.0123255199406849
0.0986833830235796,39.6186319317599,2089.61980990495,0.0751020077403168
0.0986426429207956,2.80292774815717,2062.0060030015,0.047678458489893
0.0967921719057386,1.8199732981517,2057.65382691346,0.0362035057423771
0.0934685494672752,2.16937226517279,2060.80540270135,0.0376259360730154
0.0505124265464107,2.23273514877728,2087.51875937969,0.0121795731409127
0.0790351566937806,1.02035709353375,2055.10255127564,0.0172622641174966
0.0599192207636484,2.39246014169509,2079.71485742871,0.0168799331498288
0.0893207553601712,3.55949057200184,2068.15907953977,0.0424448089509828
0.0586156540943039,1.29204553462562,2068.75937968984,0.0129885075685499
0.0539989577380244,1.00288309926358,2066.35817908954,0.00374611874332643
0.0895708108115643,1.017423759841,2052.10105052526,0.0201337526914956
0.0965053449649417,14.053579239644,2080.01500750375,0.0667036192857783
0.0843373276824664,6.0805937181354,2077.1635817909,0.0420109282184477
0.0374229018572719,1.16149208345279,2087.36868434217,0.00624178848367814
0.0996473093579431,1.23033252636976,2052.25112556278,0.0275821058895289
0.0571086220381347,2.35826794741131,2081.9659829915,0.0153411798700168
0.0758063438674629,1.10601480450688,2057.50375187594,0.017420783065012
0.0578299261014662,1.09020803204812,2065.75787893947,0.0115911809828085
0.0920033416824298,3.88058521159597,2068.00900450225,0.0466706673362943
0.0905753996825841,2.012917411563,2060.80540270135,0.0341854738836485
0.0856297182435967,4.80198009042612,2073.56178089045,0.0416247744445259
0.0968743858238838,2.27163778979815,2060.20510255128,0.0413901059079032
0.0757814728039008,1.70336542221432,2064.25712856428,0.0228241471599322
0.0779498264228595,10.1800975118018,2087.81890945473,0.037164498201489
0.0944964406302693,1.26626799854054,2053.75187593797,0.0264331419812615
0.0910487871931161,7.20633469066447,2075.51275637819,0.0525063880885472
0.0849857074773034,3.89177332396176,2071.31065532766,0.0388156164043587
0.0689926394170174,13.8129064745256,2099.82491245623,0.0285238624462264
0.0957885592436171,2.66137624774655,2062.30615307654,0.0439628850651542
0.0775343848974318,2.04799000112185,2066.20810405203,0.0259440873253146
0.0666853016477443,3.55949057200184,2081.2156078039,0.0226852744300848
0.0978057419910395,2.84356700216288,2062.45622811406,0.0470903697286724
0.076859877806424,6.45955425993623,2082.56628314157,0.0341292907617044
0.0862402142977243,1.38447564841702,2057.35367683842,0.02487753979263
0.0395695027152196,1.88937898174206,2098.62431215608,0.00782605442891241
0.064982242450199,3.85830538552188,2083.76688344172,0.0219749586503612
0.0991206118527805,1.78880557933512,2056.75337668834,0.037256894811829
0.0699881409984738,1.78880557933512,2068.00900450225,0.0202460962697986
0.0910219408348662,41.6058873339274,2095.17258629315,0.059887340750493
0.0908184538027892,5.02834834499989,2071.6108054027,0.0482509466416762
0.0799619640571343,7.14436264200497,2081.81590795398,0.0379975422052946
0.093194593948286,12.5610156350281,2080.61530765383,0.0597979347847393
0.0712470759207982,1.68871705388817,2066.35817908954,0.020373141675056
0.0714277039317007,1.04112859832463,2058.10405202601,0.0153060440110272
0.0411379134177485,2.10174801133249,2098.92446223112,0.00851924338132086
0.0564387240915373,2.62334079957365,2084.66733366683,0.0153854918009012
0.0700514706346392,1.18513668643434,2060.95547773887,0.0163180498844495
0.0741594986689768,6.72522667244931,2084.96748374187,0.0317536470561881
0.0924426249058416,1.42902148939294,2055.85292646323,0.028360442408224
0.0866791746328027,5.3417298504113,2074.31215607804,0.043834494255895
0.0866591816758952,2.33798763817471,2064.10705352676,0.0339465532208989
0.0984391511777161,4.06351835261943,2066.05802901451,0.0550754646588015
0.0639939117446733,1.08394875824941,2062.15607803902,0.0134263488451781
0.0971879861593645,1.29204553462562,2053.45172586293,0.0279635012285485
0.0841860747567296,3.94819959636536,2071.76088044022,0.0384439978995436
0.0580147763730167,1.00288309926358,2063.80690345173,0.00641713774834419
0.0965804761122476,2.56361151152847,2061.70585292646,0.0437312753713205
0.0575684343148285,1.00288309926358,2064.10705352676,0.00444771519456137
0.0600150342863345,1.29950646550457,2068.00900450225,0.0134955532654958
0.0992176781266699,4.08698318318596,2065.90795397699,0.0559623912481424
0.0818867790671929,1.08394875824941,2055.10255127564,0.0190931370131725
0.0740117338638061,1.37652687910296,2061.70585292646,0.0195232529190145
0.0921638850169908,1.07772542117776,2052.25112556278,0.0220294872265625
0.0449984048535626,2.49804006667886,2097.27363681841,0.0102191493430609
0.0687055948379533,7.72186012504483,2091.42071035518,0.0271340537344269
0.055604347275066,1.26262771749805,2070.41020510255,0.0117941660294557
0.0890292042639618,10.783461436218,2081.2156078039,0.0523035724568951
0.0999206901860265,1.0684573459204,2050.45022511256,0.0239425311722978
0.0552966544008883,1.00288309926358,2065.45772886443,0.00256924372389749
0.0859553880520687,12.8907317012169,2085.26763381691,0.0481841939709148
0.0886102868987562,3.62151028088471,2068.75937968984,0.0416557708977985
0.0549200537459256,2.85176528809274,2087.81890945473,0.0148938241109167
0.0969005709296623,1.8199732981517,2057.65382691346,0.0362099050936577
0.0686657573821525,2.17562678075294,2071.91095547774,0.0210720130807718
0.0890528340700537,5.72386552959968,2073.86193096548,0.0476461758827566
0.0959552670364125,2.33126636583218,2060.80540270135,0.0411482771763439
0.0461617424024483,1.00288309926358,2072.51125562781,0.00356980526390727
0.083630591939768,4.81582467568853,2074.61230615308,0.0394920560756437
0.090549250947178,1.59882507273807,2057.95397698849,0.0296581854294903
0.0852450454510029,3.11798102843626,2068.30915457729,0.0367626039367892
0.0881552379351831,35.8210683711633,2095.47273636818,0.055140025921623
0.0676902098441971,2.57100265798945,2075.21260630315,0.0216602584381548
0.0916884135931675,1.70827639380871,2058.40420210105,0.0317373778930438
0.098739521256268,4.3416960341386,2066.65832916458,0.0566462738999695
0.0565361821008873,1.00288309926358,2064.70735367684,0.00447314295586091
0.091517791122725,2.22631645743836,2061.70585292646,0.0368153800116328
0.082490288948687,15.7688292262238,2090.07003501751,0.0441033039267277
0.0984884477545117,31.3779203344798,2087.36868434217,0.0738780172480328
0.0636819364069076,2.46943812909056,2077.31365682841,0.0190980462229413
0.0989023371503794,1.77342245446464,2056.75337668834,0.0368642150576304
0.0821114739938126,30.3997993896586,2098.32416208104,0.0453071489045156
0.0662335016748396,2.78683513858361,2077.46373186593,0.0212823742161618
0.0458273130715335,2.68446171339143,2097.87393696848,0.0106438735851999
0.0984482421078819,7.74412301428478,2072.96148074037,0.0642237127566024
0.0526225732820678,1.00288309926358,2067.25862931466,0.00476573605246095
0.0974274468264302,1.10920355497526,2051.50075037519,0.0242011573565924
0.073936853295853,2.21353437928443,2069.2096048024,0.0243615660801095
0.0812697172769142,2.54889290196729,2067.55877938969,0.0309252217181567
0.0984428845713704,2.94352153037066,2062.60630315158,0.0485575573465296
0.0827421493469262,1.58051892322707,2060.35517758879,0.0254627461093069
0.068511982322258,8.34603823722249,2092.77138569285,0.0271417642693291
0.092747524253235,24.7798415269477,2088.26913456728,0.0621399225639708
0.093180965968752,1.54009278652809,2056.60330165083,0.0303407757890775
0.0983969716784414,2.44116367657533,2060.50525262631,0.0444203549742551
0.0982162840058348,2.28475538672293,2059.90495247624,0.0425072281452831
0.0785416744189538,3.50861959151272,2073.26163081541,0.0318679413326356
0.0979242048964728,2.60827926283097,2061.40570285143,0.0454564991649188
0.0901737221355967,3.10007958542497,2066.20810405203,0.0411942480915309
0.096339891831952,30.3997993896586,2088.26913456728,0.0695712647877731
0.0862927343358614,2.13836836392825,2063.05652826413,0.0323561394886057
0.0665588129581859,1.26262771749805,2063.80690345173,0.0156256587806105
0.0970973374119539,2.63848930932274,2061.85592796398,0.0447929279803387
0.0931885594189075,1.23033252636976,2053.75187593797,0.0253389328580746
0.0969747992225398,4.95648496866088,2068.75937968984,0.056436718097321
0.0973270887870452,2.44116367657533,2060.80540270135,0.0435207969896772
0.098367518516114,1.46653209822205,2054.65232616308,0.0316559722123116
0.0994588878190971,2.77882351455518,2061.55577788894,0.0484913796991037
0.0871882716000018,4.95648496866088,2073.11155577789,0.0438641735060633
0.0870827355611788,2.23917234584048,2063.35667833917,0.0336378302314249
0.0917512307740097,2.4062754285944,2062.60630315158,0.0383360265909967
0.0908823354395634,1.54898606893921,2057.35367683842,0.0293208617204018
0.093573479377005,1.24100474879353,2053.75187593797,0.0256788195588304
0.0996756079915359,1.28093437865255,2052.70135067534,0.0286806809544427
0.0881575211390406,3.41887695499837,2068.15907953977,0.0406890041159038
0.098478536507635,1.40454896553258,2054.05202601301,0.0306189643281713
0.0984121659118012,22.0844211988575,2083.76688344172,0.0726231592968237
0.0734092095173765,1.50502732889567,2063.50675337669,0.020221310315172
0.0985366954021936,1.60343464412786,2055.70285142571,0.034025533801328
0.0995457968482669,1.53566531100084,2054.95247623812,0.033384310808489
0.0853485116752531,1.01449885892793,2053.15157578789,0.0189472260462753
0.0997700305433184,6.862132740856,2071.01050525263,0.0657244693137827
0.0997753902699466,7.58962040187813,2072.06103051526,0.0669734004409831
0.0940791226910337,48.6039614703936,2094.72236118059,0.0659329684472483
0.075511551672157,1.95017021036364,2066.50825412706,0.0240850794645815
0.0450540485030022,1.6984685687346,2087.66883441721,0.00935901384943375
0.0744779831786414,1.02035709353375,2056.60330165083,0.0159592755852659
0.0526316665800883,1.00288309926358,2067.25862931466,0.0019543336137283
0.0992988924037846,4.12243473196511,2065.90795397699,0.0564600657814255
0.0873261298811105,6.20437693319619,2075.81290645323,0.0457598938158076
0.0903503549790653,2.25859550568368,2062.30615307654,0.0361658426455833
0.0795441322061461,3.99392909131044,2074.46223111556,0.033757682776268
0.0748763090900166,3.90299369276608,2076.86343171586,0.0295558797313976
0.0442332593761772,1.00577451078852,2074.46223111556,0.00710900884126779
0.0846150026339061,1.04112859832463,2053.75187593797,0.0192202403952186
0.0465510207501791,2.26510726072284,2092.77138569285,0.0106035639413173
0.0977600616977406,32.6684502161789,2088.11905952976,0.0730666032703988
0.0645885197694196,1.57144459943409,2068.75937968984,0.0166911721903797
0.0944793871348361,1.05926897298544,2051.50075037519,0.0222929399432838
0.0921204506061869,3.45847564108692,2066.65832916458,0.0450097647051559
0.0970139562648321,3.56975293664868,2065.15757878939,0.0510226735102153
0.0943474918541404,3.10007958542497,2064.55727863932,0.0454439335812853
0.0848131608580877,1.09650345009091,2054.50225112556,0.0201602479206238
0.0914603356253726,3.31230280598519,2066.50825412706,0.0434304803926053
0.0871952350522099,1.41265954868704,2057.35367683842,0.0256716772206285
0.058846979313068,1.02624915657849,2063.80690345173,0.0114608092455946
0.0858444216620795,9.72180569368846,2081.9659829915,0.0468482168891553
0.0898356106206061,41.3670130706622,2095.92296148074,0.0579887598344233
0.0940359397821851,21.5815941337228,2086.0180090045,0.0638783066835693
0.0987961745083488,3.92553157195246,2065.60780390195,0.0547427774431805
0.0926873220142111,8.89175006582625,2077.1635817909,0.0561528738362219
0.0963861617113411,2.79486986091936,2062.75637818909,0.0452885982965904
0.0956526246805241,2.75492656923522,2062.75637818909,0.0445384151695585
0.0835672132906267,3.60071789654471,2071.01050525263,0.0366496130292917
0.0906977715246398,18.9046718094031,2086.61830915458,0.0573334502396587
0.0897523136363069,1.24817094410403,2054.95247623812,0.0243260829989614
0.0967492044959757,2.01872085226992,2058.85442721361,0.0386423966591843
0.0713258761021402,1.58051892322707,2065.30765382691,0.0197482882849478
0.0913002671735631,1.17494491051044,2053.60180090045,0.0236359874881784
0.091261524562759,1.83576021707557,2059.45472736368,0.0328630917357587
0.050032232040165,2.99480874260266,2094.42221110555,0.0127342327251071
0.0927308526173631,7.65545473146367,2075.36268134067,0.0554711645490497
0.0654550273792877,5.07196553857306,2087.81890945473,0.023248592052532
0.0984711008940777,7.76645008964431,2072.96148074037,0.0644607365142781
0.0674691182707301,1.04714060664789,2059.90495247624,0.0141623295976048
0.0763949421783687,1.669381663546,2063.65682841421,0.0229201555522443
0.063570417997593,3.10007958542497,2081.36568284142,0.0200518793831669
0.0585145196719892,2.62334079957365,2082.71635817909,0.016463700307594
0.0990123507311457,23.259032627454,2083.91695847924,0.0744969144315461
0.0958823620007426,1.56242237457588,2056.00300150075,0.0320804473339451
0.0594217137948396,1.47500060364494,2070.86043021511,0.0141200101557012
0.0558218715540956,1.65979714701382,2075.96298149075,0.0133158322013523
0.0865724328458572,1.07153781450759,2053.60180090045,0.0202935729625585
0.0759691285851835,2.67674439360146,2070.86043021511,0.0275182088797248
0.0947266651816528,6.62911211113257,2072.96148074037,0.0565628153170192
0.0881501024576684,2.73123512958793,2065.45772886443,0.0374936638601089
0.0943752927851822,1.85168407581574,2058.55427713857,0.0350324701455245
0.0930326437588715,2.15691712397049,2060.80540270135,0.0373704589640362
0.0824499117560673,1.60805750536954,2060.65532766383,0.0255855768119635
0.0885344921221859,3.78132852701561,2069.2096048024,0.0424383969462772
0.0776625945162426,5.28056837192541,2079.26463231616,0.0340063837537442
0.0858844734718265,1.65979714701382,2059.90495247624,0.0278990680269629
0.0969077798685438,1.93339940407185,2058.25412706353,0.0377708742323367
0.0797878539491293,2.6460963359074,2068.75937968984,0.0302441103348092
0.0720637036792506,2.6460963359074,2072.96148074037,0.0246190985803003
0.0783165914047438,5.45047194460812,2079.26463231616,0.0348711067369494
0.0816861948020871,4.82970917626452,2075.66283141571,0.0375708157280035
0.0592555521854526,1.26991877487462,2068.00900450225,0.0130870502639898
0.0936559472580005,2.0657547958787,2060.05502751376,0.0369982402207018
0.0946779284057727,4.69264665877481,2069.05952976488,0.0526415130800248
0.0475227628943768,1.00288309926358,2071.31065532766,0.0072650782059321
0.0813083030167121,7.45964533309522,2081.51575787894,0.0397197969959398
0.0885328266809332,1.1028352210931,2053.45172586293,0.0214695159512441
0.099260977017875,1.18855355314224,2051.95097548774,0.0265205620811306
0.0817085894912985,1.00577451078852,2054.05202601301,0.0177986749319659
0.0685607140766304,1.59882507273807,2066.8084042021,0.0186099063691907
0.0922884934371747,4.760684680679,2070.26013006503,0.0496606906246604
0.0719532115837252,10.0346071582177,2092.32116058029,0.0309647691929869
0.0757777324521711,1.75817161928149,2064.85742871436,0.0231021326279555
0.0799140610489184,2.9350594625955,2070.11005502751,0.0314161783137212
0.0889168492587571,1.20231981606127,2054.65232616308,0.0232896498366171
0.0911662834110606,1.5896456468007,2057.65382691346,0.0299559746444834
0.0873474007943224,1.54898606893921,2058.55427713857,0.027423022419303
0.0927492083467236,3.83615347588896,2067.70885442721,0.0469349645673346
0.0557686969857123,1.00288309926358,2065.15757878939,0.00199797715736084
0.0863913186352923,16.8483214233231,2088.11905952976,0.049922422417586
0.0827163848370701,1.28833114804146,2057.50375187594,0.0221435188820569
0.096855309072347,2.2071708865269,2059.90495247624,0.0406497605636141
0.0828212390261115,1.13504676028852,2055.55277638819,0.020167803593045
0.079783161419612,2.44820179377353,2067.70885442721,0.0293458361404365
0.0961038359766748,49.7363795461226,2093.52176088044,0.0706015092945044
0.0473760548393555,1.93339940407185,2087.96898449225,0.0105253129022724
0.0731412280699393,1.84105289600553,2066.8084042021,0.0221865785333994
0.0875506966805342,8.46704626823108,2079.26463231616,0.0486484055119324
0.0456310221208175,1.07772542117776,2074.91245622811,0.00812302808598024
0.0593546637514739,1.00288309926358,2063.05652826413,0.00386159386096151
0.0849411901684089,19.738940183072,2090.97048524262,0.0483309069268725
0.0790056228413677,3.25557838997471,2071.91095547774,0.0317663862443393
0.081586889738211,2.74700667630971,2068.45922961481,0.0319554907231848
0.0515709317649433,2.0598161414781,2084.51725862931,0.0124118578144002
0.0827198126800029,4.25507507288674,2073.56178089045,0.0373950313831501
0.0542495859145555,1.00867425853989,2066.20810405203,0.0101062125537656
0.0969619163584959,5.41917883794353,2069.80990495248,0.0573818393545689
0.091548449118928,1.05926897298544,2052.10105052526,0.0214936413351557
0.0994089246902034,4.99947880072813,2067.85892946473,0.0602185433795291
0.0834235188593058,1.53566531100084,2059.75487743872,0.0253163534656673
0.0715981448611693,1.19541686845759,2060.50525262631,0.0169026252855934
0.0964512125909132,2.27818714703702,2060.35517758879,0.0410948353994766
0.0817378015160121,1.15482354244809,2056.15307653827,0.020069740557405
0.0934189598938964,1.65502554408647,2057.50375187594,0.0320045224707958
0.0947779628465034,1.16484078042324,2052.70135067534,0.0245709130098538
0.0965394345395391,9.86276078296599,2076.26313156578,0.064060977299907
0.0871124596621687,9.63820144251651,2081.06553276638,0.0487137227089947
0.0678977632824702,1.57144459943409,2066.95847923962,0.0181097055391188
0.0950962146826478,2.58584894057531,2062.30615307654,0.042554499317123
0.0986731549637016,2.47655776434198,2060.65532766383,0.0448053880593198
0.0975825735386441,2.90145376159538,2062.75637818909,0.0472780077625963
0.0985270504405885,1.71320152422168,2056.45322661331,0.035799943069128
0.0566276747441923,4.02857346483847,2092.62131065533,0.0167293666573866
0.0940364934751038,2.57100265798945,2062.60630315158,0.0415004039994152
0.0475648320002579,1.29950646550457,2077.91395697849,0.00936509484115041
0.0906974482896956,4.58580257506987,2070.56028014007,0.0471558836727244
0.0990846453362115,2.44116367657533,2060.35517758879,0.0448162345183298
0.0974072810610838,5.60966897361054,2069.95997999,0.0586810241501646
0.0547331447510544,1.63607591315362,2076.71335667834,0.0127597866635838
0.0811720947855441,1.05622377499757,2054.95247623812,0.0184176921462706
0.0887813496044714,1.90028922105573,2060.65532766383,0.031981562718728
0.0737310539831365,1.37256962462899,2061.85592796398,0.0193579406178726
0.0978850506915332,3.11798102843626,2063.35667833917,0.0493079903457642
0.0884060296292181,17.3404260963733,2087.06853426713,0.053389222376511
0.0866707492186752,1.83048275359669,2060.95547773887,0.0300005019649783
0.0872763091846425,33.1421054672574,2095.32266133067,0.0531420512640545
0.0821951833781476,2.2008256876077,2065.15757878939,0.0298022037401547
0.0977693207901998,1.28093437865255,2053.15157578789,0.0279824992762422
0.0914964581054932,8.68929909148323,2077.46373186593,0.0544876055207711
0.0439068832220308,1.11240149892777,2077.61380690345,0.00777976091889166
0.0927457859916934,6.51558610363938,2073.56178089045,0.0539736867924472
0.0885711737285888,1.53125056362849,2057.95397698849,0.0278655064249801
0.0900634299582909,7.52435222533039,2076.56328164082,0.0512490965040702
0.098818869370776,3.97099851752979,2065.75787893947,0.0548180021315205
0.0961329860732549,5.70741049859425,2070.71035517759,0.0568695496361859
0.0903035560919821,1.3490638599235,2055.70285142571,0.0262021392043637
0.093426896675175,2.08968112513086,2060.35517758879,0.0368676879875346
0.0901873505294805,2.69220128298041,2064.55727863932,0.03888860238222
0.0747840849743001,2.13222095925085,2068.15907953977,0.0246005953238811
0.071607427455294,3.53905426496764,2077.61380690345,0.0262220597670938
0.0919438430242825,1.32978351631576,2055.10255127564,0.0265807619774502
0.0961667229890547,1.18513668643434,2052.55127563782,0.0254380000238968
0.0905393934746327,1.46231609576324,2056.75337668834,0.0278968851719073
0.0530635008116081,1.00288309926358,2066.95847923962,0.0060543027148011
0.0984629213164519,3.51873529007318,2064.55727863932,0.0521240088734717
0.0707495800649559,1.73804099143649,2067.10855427714,0.0203912632294879
0.0662372433293586,1.64079288241399,2068.60930465233,0.0177229743772009
0.0897197372117981,1.63137250428789,2058.40420210105,0.029679426101355
0.0850464762539408,1.26626799854054,2056.45322661331,0.0228025921562144
0.0921442238459906,9.12515100556096,2077.61380690345,0.0560731886015516
0.0927325223826303,3.94819959636536,2068.00900450225,0.0474543981713281
0.0928930151912594,5.6910027726913,2072.06103051526,0.0524321511713366
0.099381159359357,1.1988633739507,2051.95097548774,0.026771847265114
0.0975732349856613,6.02830266228601,2070.56028014007,0.0603594622579311
0.0992337130842779,6.44098426295101,2070.71035517759,0.0632618328870909
0.0823651552755473,4.77441020717598,2075.21260630315,0.0380269190963414
0.063414446347985,1.16484078042324,2063.80690345173,0.0138944629394388
0.0947300630437173,7.50272113554967,2074.31215607804,0.0578891761993005
0.0688460608110163,2.83539228475476,2075.96298149075,0.0230416014165617
0.0784881170729215,11.0347040567755,2088.4192096048,0.0382047398011616
0.0712820027967544,1.16819913201946,2060.20510255128,0.0165747133393157
0.0860400278481382,2.90981894079874,2067.10855427714,0.0365524970666777
0.0572733725189881,1.00288309926358,2064.25712856428,0.00692562402934161
0.0912103639082941,1.47076025583445,2056.60330165083,0.028379603032483
0.0740280440211952,2.23917234584048,2069.2096048024,0.0246704886524853
0.0797829170376338,9.31091255809072,2085.26763381691,0.039177452997634
0.0867444442834698,1.16819913201946,2054.8024012006,0.0219490092712766
0.0947045416766055,1.23743709481674,2053.45172586293,0.0259632756632245
0.0804481797246573,1.24100474879353,2057.65382691346,0.020715467620469
0.0677430126139546,2.49085867387056,2074.61230615308,0.0215492259870808
0.0874307996388364,1.9841495077581,2061.70585292646,0.0318945266615291
0.0925682090591328,1.01158236655188,2051.35067533767,0.0207990204312184
0.0837702089735219,1.51371812544339,2059.45472736368,0.0252132716526921
0.0972970806756408,2.76286929599819,2062.30615307654,0.0459746961286785
0.0904562988881327,1.32978351631576,2055.55277638819,0.0259040935835085
0.0879151298879393,1.47500060364494,2057.65382691346,0.026819477759036
0.0960901513389417,2.46943812909056,2061.40570285143,0.0425617481586282
0.0952704449695265,3.59036651349369,2065.90795397699,0.0489596980147455
0.0550703571145005,1.78366310156055,2078.21410705353,0.0132871854814094
0.0984780658215893,1.02035709353375,2050.15007503752,0.0223860646742235
0.0987108539432534,3.29328569222577,2063.65682841421,0.0513646833053778
0.096275024375055,2.2071708865269,2060.05502751376,0.0402362985926392
0.0979032946853861,4.39198314906283,2067.10855427714,0.0557131322015703
0.0950760522501887,7.87905475386486,2074.61230615308,0.0591942281164481
0.0518125637533349,3.68461060628057,2096.52326163082,0.0139997272927064
0.0962460436610567,1.09335121002246,2051.50075037519,0.0235627361523596
0.0800859857196591,1.14160110005127,2056.45322661331,0.0193099558759099
0.0902686786074618,2.79486986091936,2064.85742871436,0.0398048195761095
0.0970471811161777,1.669381663546,2056.60330165083,0.0341829831494656
0.0995302968700313,1.89482624889294,2057.35367683842,0.0389548167107741
0.0837924336522035,1.63607591315362,2060.50525262631,0.0264826224796242
0.094283563177582,35.6154068202425,2091.27063531766,0.0656545398225103
0.0817797480076308,3.02078648791353,2069.50975487744,0.0333456037728296
0.0830132569274642,1.52245910708953,2059.75487743872,0.0250208353469756
0.0718084077102716,1.91677282105974,2068.00900450225,0.0219396313662248
0.0535565777017673,1.00288309926358,2066.65832916458,0.00569114017575126
0.0844930348625736,1.10601480450688,2054.65232616308,0.0202429377228468
0.0783645462208681,2.48369792620856,2068.60930465233,0.0284805798255712
0.0697427054249179,2.3787241732935,2072.66133066533,0.0224074561580091
0.0794486865121368,2.7391095515787,2069.35967983992,0.0304142756021934
0.0830973294933361,1.0808326105459,2054.8024012006,0.0193785106065546
0.0842428234497314,1.42081696649143,2058.40420210105,0.0244083695653981
0.0847371129402823,2.92662172166501,2067.70885442721,0.0355828209558743
0.0977114884995541,34.208460777616,2088.71935967984,0.0724514697083978
0.0960811662720945,3.86942926293753,2066.35817908954,0.0514457896383646
0.0803463840780799,16.2761951447872,2092.02101050525,0.0415081026995029
0.0866826299869242,11.3897483457029,2083.31665832916,0.0488725592617567
0.0986528272518222,1.5896456468007,2055.55277638819,0.0339133191979667
0.0704800701439579,4.91386086905364,2083.16658329165,0.0271666684503948
0.0467742883595992,1.17494491051044,2076.11305652826,0.00875790504909773
0.0919520235842437,1.63137250428789,2057.80390195098,0.0308070206863316
0.0751591939071884,1.31077872056062,2060.50525262631,0.0193687107724459
0.0747208245266889,3.58004488871148,2075.66283141571,0.0289479458658475
0.047854935498176,1.00288309926358,2071.01050525263,0.00773714238038274
0.0932833056439307,9.17784428848941,2077.1635817909,0.0576081877658433
0.0881183673885518,12.7431360287119,2083.76688344172,0.0514204742812818
0.0976423766780258,12.66997313217,2078.36418209105,0.0680512441645606
0.0812552016472655,2.49085867387056,2067.25862931466,0.0306366622343713
0.0982313724259843,1.31834782642385,2053.45172586293,0.0288382881801988
0.0861309143189463,1.93897358646993,2061.85592796398,0.0306878436372994
0.0962233297775373,3.52888015319671,2065.30765382691,0.049927164122824
0.0815377159524541,1.12528574084121,2055.85292646323,0.0195878991558683
0.0550119884394245,1.8570226648111,2079.11455727864,0.0134260129935209
0.0665242605296777,1.83048275359669,2070.26013006503,0.0187324708386293
0.0607992134301281,1.29950646550457,2067.55877938969,0.0137675779693732
0.094467294190377,14.298445429222,2081.36568284142,0.0626079203923047
0.0387862070690332,1.44974067037263,2092.17108554277,0.00709391309476969
0.0510798871781336,3.37001557459736,2095.6228114057,0.0134503669609934
0.0858166928391532,2.63090415150101,2065.90795397699,0.0350483757798789
0.0879787402048444,5.97646129188652,2074.91245622811,0.0466447772259022
0.0946988622674845,7.28980110054726,2074.012006003,0.0575166674761289
0.0510535331116085,1.00288309926358,2068.45922961481,0.00371490295048892
0.0867672289982333,2.3787241732935,2064.25712856428,0.0343433027839452
0.088556006388623,6.31248050684326,2075.36268134067,0.0475358055532532
0.094799658546293,28.5340777947752,2088.56928464232,0.0661319672313547
0.0805121201951597,1.58051892322707,2061.25562781391,0.0242517078365241
0.09555735109709,1.23387969717049,2053.15157578789,0.0262467954699447
0.0628584471026537,4.19426304469508,2087.06853426713,0.0207493202263596
0.071052204373696,8.49145760309168,2090.8204102051,0.029427329423468
0.0566429179440071,2.60078095318014,2084.21710855428,0.0155185374815372
0.0940762929908586,7.00182581890258,2073.86193096548,0.0561745325404718
0.0960852740061614,12.7798757548119,2079.26463231616,0.0651014118616882
0.0847728392463957,15.0156499750721,2087.81890945473,0.0472902711633867
0.0932084228253229,2.31788173275986,2061.55577788894,0.03898663972348
0.0782389862771266,5.99369202303595,2080.61530765383,0.0352414201330386
0.0504147292275156,2.46943812909056,2089.76988494247,0.0124389605734404
0.0984219549748017,3.10007958542497,2063.20660330165,0.0495601069680484
0.087758874733056,5.41917883794353,2073.86193096548,0.045506407728675
0.0941492961690079,18.3153703115779,2084.21710855428,0.0632429641287767
0.086925859130343,1.44974067037263,2057.80390195098,0.025980067008526
0.0951495753847812,22.2759871780403,2085.71785892946,0.0659969486664442
0.0891051335826665,2.49085867387056,2063.95697848924,0.0368279250150345
0.0992609010000187,1.61734325078285,2055.55277638819,0.0347221523792958
0.0854307576836764,1.52245910708953,2058.85442721361,0.0262334643463729
0.0970100291900724,4.25507507288674,2067.10855427714,0.0539700871100577
0.079405919363439,2.81100886708374,2069.80990495248,0.0304970293492254
0.0915639433610361,1.40051115285914,2055.85292646323,0.0275311812105988
0.0802632439247671,3.27437776251048,2071.46073036518,0.0326554712481125
0.0528430192290048,1.13178371549186,2069.95997999,0.0103532612409518
0.0632980277626115,1.42081696649143,2067.70885442721,0.0153769147894589
0.0725142855118368,3.51873529007318,2076.86343171586,0.0269929285570701
0.0968670771123439,1.00867425853989,2050.30015007504,0.0217351959086229
0.0997394335882263,10.7215497316231,2075.66283141571,0.0705350263194604
0.0535785129215669,1.91126246166401,2080.91545772886,0.0129761492007825
0.0884071989051808,26.7828608064846,2092.02101050525,0.054737898979385
0.0954215656404997,2.70774742833384,2062.60630315158,0.0440480351307451
0.0651967883249415,3.72728711692345,2083.01650825413,0.0219921464320178
0.0992238648991948,2.95200799512719,2062.30615307654,0.0496139933305372
0.091620974876615,2.98619923379083,2065.15757878939,0.0421096704103365
0.094822430846231,8.29812065000463,2075.36268134067,0.0589352999091856
0.031434026031057,1.02920793476607,2093.37168584292,0.00468521505743166
0.0673186833843744,3.50861959151272,2080.46523261631,0.0230993079205792
0.0981263883231911,15.9974592566334,2080.61530765383,0.0701609316108943
0.0998775311883077,1.3490638599235,2053.30165082541,0.0301377421937424
0.0889505566479776,2.04799000112185,2061.55577788894,0.0334835848882472
0.0763012049723288,3.35066711121492,2073.86193096548,0.0296559513543122
0.0761615607411358,1.20231981606127,2058.70435217609,0.0186798561221559
0.0589952229249404,5.37257572706184,2095.17258629315,0.018888692013852
0.0886879877762915,23.7325189301555,2090.52026013007,0.0545632521985555
0.0995371414503973,3.52888015319671,2064.10705352676,0.0538717960643019
0.0762424015810686,1.11560866287013,2057.50375187594,0.0176775983277021
0.0729802091754566,1.28093437865255,2060.95547773887,0.0182889180556465
0.0938747134425506,4.59902389909696,2069.2096048024,0.0511655891301472
0.0977459614089952,5.07196553857306,2068.75937968984,0.0576385918220527
0.0581762453395781,6.49685502569923,2099.52476238119,0.0186790646873248
0.0880858133082778,2.50524216415549,2064.4072036018,0.0361275541202782
0.0976307869931595,1.21274904899342,2052.55127563782,0.0265022495158182
0.0884759602250501,1.26262771749805,2055.40270135068,0.0241017786613145
0.0945852628326751,2.0657547958787,2059.75487743872,0.037696173696628
0.0886736484788828,10.0346071582177,2080.61530765383,0.0512833044089175
0.0928714846683143,1.07153781450759,2051.95097548774,0.0221527022558871
0.040010542013291,1.09335121002246,2081.66583291646,0.00674814261820098
0.0990238120920875,1.50936647207927,2054.8024012006,0.0327370607801531
0.0827022754758649,1.017423759841,2053.90195097549,0.0182686437535295
0.0879299486826083,1.7230944249062,2059.75487743872,0.0296734810996543
0.082853406053601,4.92802801770652,2075.36268134067,0.0387597616524208
0.0803140442199753,1.40454896553258,2059.6048024012,0.0224774874692057
0.092427434764904,38.8282025800898,2093.37168584292,0.0626817531400813
0.0976036788121616,4.3416960341386,2067.10855427714,0.0550614704907812
0.0802536025236682,2.44116367657533,2067.40870435218,0.0297331590611185
0.0988570633539661,1.63137250428789,2055.85292646323,0.0346323576262938
0.088422703031191,1.4455729400936,2057.2036018009,0.0267035322510354
0.0845743023437139,1.07462716439149,2054.20210105053,0.0197346717333339
0.0794243462418035,1.3490638599235,2059.30465232616,0.0215101354139511
0.0909256298310981,44.8397224504315,2096.07303651826,0.0598148177414344
0.0838609039398266,2.83539228475476,2067.70885442721,0.0344092100078737
0.0677481721619904,1.04112859832463,2059.6048024012,0.0142125558855755
0.0969687215487342,1.32214875407135,2053.75187593797,0.0284236419857831
0.0629904466991986,2.14453349218355,2075.36268134067,0.0179580462017481
0.0650908552654151,1.91126246166401,2071.91095547774,0.0182853723258566
0.0839205157178952,1.59422875299434,2060.05502751376,0.026153703213475
0.0684236814713018,5.07196553857306,2085.26763381691,0.0256069364343047
0.0605544753172939,4.24284253669373,2089.46973486743,0.019234163391183
0.0995185457979176,3.33142973427318,2063.50675337669,0.0525384506110757
0.0992247899603845,18.4211326150377,2081.51575787894,0.0731024656239105
0.0945174857782019,3.26496454563336,2065.15757878939,0.0464114961859438
0.0901060375265443,1.37256962462899,2056.00300150075,0.0264708343308096
0.0941731326556008,8.1325652583707,2075.36268134067,0.058163644293711
0.0900168200319108,2.45526020256225,2063.50675337669,0.0372491141545079
0.096425106423578,1.05015961695978,2050.90045022511,0.0225921238508254
0.0873707563922649,1.7683242002651,2060.20510255128,0.0298591912639307
0.0902166073756323,1.64552345116496,2058.40420210105,0.0300940889973018
0.081983393873121,1.017423759841,2054.20210105053,0.0180475606997047
0.0996023536500611,3.31230280598519,2063.50675337669,0.0523364295848642
0.0801126290112106,2.49085867387056,2067.70885442721,0.0299037577457565
0.0582779251085916,1.00288309926358,2063.65682841421,0.00688712763037966
0.0492872295923082,1.00288309926358,2069.80990495248,0.00318461528744295
0.0897980184496615,1.61269369477906,2058.25412706353,0.0295127567028595
0.0740289169203763,10.6599934842429,2091.42071035518,0.0332140659039412
0.0516296465976174,1.00288309926358,2068.00900450225,0.00824501403716593
0.068329895564408,2.15691712397049,2071.91095547774,0.0209140169077947
0.0684675649378112,1.035151107089,2059.15457728864,0.0143551582057513
0.097042214677803,8.03944940844679,2073.86193096548,0.0629366861776575
0.0907896652627605,2.66904925964653,2064.10705352676,0.0395381788656057
0.0748915690984094,1.55793070570556,2063.35667833917,0.0213214972370565
0.0999444795580661,2.81100886708374,2061.55577788894,0.0491372758087008
0.0785809186772289,3.90299369276608,2074.61230615308,0.0328846925028052
0.0596356171004509,1.07772542117776,2064.4072036018,0.012073090656079
0.0773828002452341,11.1946946742062,2089.46973486743,0.0368851148343514
0.0998632710095696,14.3810119566121,2078.66433216608,0.0728437466035829
0.0884595523345466,1.51808232505612,2057.80390195098,0.0276856425677522
0.072981204171336,3.54925770971272,2076.71335667834,0.0273748618315316
0.0990404680590048,1.40051115285914,2053.90195097549,0.030745751673939
0.0895552393380795,5.25025074237118,2072.66133066533,0.0472754273527138
0.0972944500639338,18.7420980057214,2082.71635817909,0.0692978287414813
0.0986381710870262,2.02454102487246,2058.40420210105,0.0399586202300317
0.0957547641191034,1.28833114804146,2053.75187593797,0.0273395560503681
0.0558107776281997,1.00288309926358,2065.15757878939,0.00195527985918571
0.0853402126525424,4.8997344482741,2073.86193096548,0.0417533550489921
0.0933457669094885,3.97099851752979,2067.85892946473,0.0481379325995782
0.0999305124116413,1.89482624889294,2057.2036018009,0.0392704378380889
0.0829937631921047,8.44270511134198,2081.9659829915,0.0425155309762688
0.0772585694384912,4.99947880072813,2078.8144072036,0.0332165989934994
0.0963778009149526,1.09335121002246,2051.50075037519,0.0235443589909485
0.0892457118494068,10.6599934842429,2081.06553276638,0.0520827467407981
0.0720494912075343,1.12205075712963,2059.15457728864,0.0163948105218578
0.0942235752591505,2.96051892720402,2064.10705352676,0.0444297144208663
0.0979038532408016,1.09966477838038,2051.20060030015,0.0241390608720107
0.056318850837932,1.03217524340486,2065.45772886443,0.0108117375281774
0.0985719835375966,1.11560866287013,2051.20060030015,0.0246809217884851
0.0979259889247985,2.83539228475476,2062.30615307654,0.04733784257809
0.0868745422740704,18.4742425689144,2088.86943471736,0.0509553486526334
0.0893982932405001,24.0766133741283,2090.22011005503,0.0556975900712351
0.0881800228202985,2.88479547897935,2066.05802901451,0.0384552386807252
0.0887988404861447,3.82512526006857,2069.2096048024,0.0429179102556075
0.0956797178434005,2.11997911696849,2059.75487743872,0.0389391024547593
0.058104715855932,1.00288309926358,2063.80690345173,0.0104664303851742
0.0711904231965899,4.99947880072813,2083.01650825413,0.0276675730213837
0.0575936149492529,1.62668261683323,2074.16208104052,0.0139203882334457
0.0998225050009448,19.5129342263596,2081.81590795398,0.0745237721626216
0.0989885411651383,4.41734470314007,2066.8084042021,0.0571190402974649
0.09414700028346,20.9691291766305,2085.56778389195,0.0643842573360476
0.0602343770301932,3.60071789654471,2086.7683841921,0.0186554028235602
0.0623823665450541,1.2232687477884,2065.45772886443,0.0138773301607033
0.0952687606221964,6.49685502569923,2072.3611805903,0.0577327246265882
0.0720942539890039,3.01210229799636,2074.7623811906,0.0257422743098695
0.0821874540604272,4.46850800867783,2074.46223111556,0.0372980370339187
0.0957216534245192,1.37256962462899,2054.50225112556,0.0288789827422518
0.0700877668957028,1.30325307163827,2062.60630315158,0.017296825615306
0.07880307187556,6.74461616851603,2081.81590795398,0.0364342461623629
0.0456269241162305,1.53566531100084,2084.3671835918,0.00928654602191013
0.0920848055277587,28.4520477169552,2090.22011005503,0.0612313926374741
0.0915661303593066,6.80312071291408,2074.61230615308,0.0526961501887964
0.0500845866303708,1.00288309926358,2069.2096048024,0.0066861313235342
0.0652168761778732,1.96143148928283,2072.3611805903,0.0185074945990185
0.0529801265006529,4.30435891208667,2098.17408704352,0.014900346914885
0.038296364001726,1.4920846013006,2093.82191095548,0.0070165550717899
0.0328609194025516,1.20231981606127,2096.52326163082,0.00525849993876829
0.0896078433927693,2.00136053357019,2061.10555277639,0.0333917961564101
0.0838422657496094,3.59036651349369,2070.86043021511,0.0368707531045121
0.0836016266076778,4.14623977579979,2072.81140570285,0.0379802173593003
0.0640622148766498,2.97761447568876,2080.31515757879,0.0201448167345766
0.0786481507806008,13.1153367145537,2090.52026013007,0.0389624222486355
0.097381863112684,6.98169689372975,2072.21110555278,0.061867904078586
0.0645927791996929,1.04112859832463,2061.10555277639,0.0132344579839245
0.0536605361282252,1.70827639380871,2078.51425712856,0.0125512045477607
0.0966094314505953,21.3344902474791,2084.3671835918,0.0690482161612462
0.0874317685724489,1.3686237465133,2056.75337668834,0.0252575938152147
0.0963060300327704,3.6952337044061,2065.90795397699,0.0504504543227191
0.0719794264825389,1.19198027101602,2060.20510255128,0.0170705949651749
0.091919688511373,2.22631645743836,2061.55577788894,0.0371307114763829
0.084010266021401,6.61005466738882,2078.36418209105,0.0422223662489115
0.0818920706743378,3.22758151346831,2070.41020510255,0.0339966849639599
0.0896957918701039,48.3249087633854,2097.72386193097,0.0582065850973071
0.0999791252339462,1.26626799854054,2052.55127563782,0.0284668209635332
0.0813394272672917,1.07462716439149,2055.10255127564,0.0187903416102532
0.093212823556328,1.46653209822205,2056.00300150075,0.02921668174664
0.0741935591482924,3.6740180475533,2076.4132066033,0.0286201526622651
0.0803908176354667,10.0057595601981,2085.86793396698,0.0399103818693315
0.083621582233935,4.15819379664401,2072.81140570285,0.038077714731474
0.0456355803575702,1.00288309926358,2072.96148074037,0.00148276153485016
0.0996935341717373,1.21975208146059,2052.10105052526,0.0273212440946282
0.0943542057469237,3.32185250376586,2065.30765382691,0.0467649343898185
0.0613392977444056,2.69996316651677,2080.76538269135,0.0181481507268342
0.0756552288886667,1.32978351631576,2060.50525262631,0.0197588562326389
0.0973400227348983,5.97646129188652,2070.71035517759,0.0592280593676421
0.0851012685221474,1.2267955530143,2056.00300150075,0.0222538941636001
0.0784443158538277,1.27358007675926,2058.70435217609,0.0203473919929242
0.0890123495094018,10.5379392096157,2081.06553276638,0.0516894379246143
0.0493643930145492,1.43314150019665,2078.51425712856,0.0103125703614124
0.0921542904381416,1.33361741419236,2055.10255127564,0.0266691162419716
0.0933354625574519,9.80613514975012,2077.91395697849,0.057959919574666
0.0718420899370758,1.06538573309788,2058.40420210105,0.0156927411657167
0.0993952951090027,3.98244730043134,2065.45772886443,0.0561025061884386
0.0824565264705721,1.55345194953386,2060.20510255128,0.0250327667343176
0.0930760496581884,12.345903576098,2080.46523261631,0.0596319045667071
0.0660811947094903,4.20635552139048,2084.3671835918,0.0229543385014559
0.0992521242836851,4.13432012050498,2065.90795397699,0.056604628222608
0.0861950333282951,2.04210241714683,2062.60630315158,0.03138410800303
0.0766615533917945,1.2517695448338,2059.15457728864,0.0193648703923946
0.0805744818588258,7.90177085082341,2082.71635817909,0.0391699430415664
0.0956553208145682,1.18855355314224,2052.70135067534,0.0253832264983026
0.0770799886292419,1.21975208146059,2058.55427713857,0.0192326262499732
0.0827681409412555,1.31834782642385,2057.80390195098,0.0225588976799647
0.0746150548992242,2.44116367657533,2070.26013006503,0.0257589627672241
0.0979223516039328,8.73947554283164,2074.46223111556,0.0647004231702188
0.0895688860258849,3.0557743442915,2066.20810405203,0.0405274603376514
0.0728188300699576,15.9974592566334,2098.17408704352,0.0326734607463632
0.0963654556866068,2.49804006667886,2061.40570285143,0.0431467105446082
0.0881262941880888,4.70617602490094,2072.06103051526,0.044357330823528
0.0970668149559322,1.70336542221432,2056.75337668834,0.0347822972892237
0.0947227711451364,1.34131840233837,2054.50225112556,0.0278245095195826
0.0739832058710005,2.56361151152847,2071.31065532766,0.0257772495179516
0.0629577771055852,1.6741946565908,2071.01050525263,0.0163521921816749
0.0849069682623321,14.505756572389,2087.36868434217,0.0471143861015123
0.0618497820151643,1.92229906736858,2074.31215607804,0.0166912860620938
0.0860093072066459,1.52684850782001,2058.70435217609,0.0265637304818424
0.0929214324415369,1.09335121002246,2052.25112556278,0.0226210472716378
0.0944928628491344,1.65502554408647,2057.2036018009,0.0325789665633014
0.0492686096368797,1.00288309926358,2069.80990495248,0.00429767539110497
0.0989000500627654,2.07171057200942,2058.55427713857,0.0407758550598777
0.0895574955661353,7.87905475386486,2077.31365682841,0.0510370581293143
0.0784693239572394,2.49804006667886,2068.60930465233,0.0286476663611584
0.0917277024326406,11.2918003500854,2080.31515757879,0.0563822969067301
0.0473626763562165,1.00288309926358,2071.46073036518,0.00204815810997367
0.088267446082889,1.79913505645155,2060.20510255128,0.0306220501410904
0.0969180156445843,1.33746236557711,2053.90195097549,0.0286534520171251
0.091529168004099,3.35066711121492,2066.50825412706,0.0438742217319782
0.0783756611773788,1.62668261683323,2062.45622811406,0.0236194294274813
0.0628968555632676,2.04799000112185,2074.61230615308,0.0176409338070859
0.0526687873568705,1.00288309926358,2067.25862931466,0.00739042066210101
0.0807674276462278,1.25899790157518,2057.80390195098,0.0210442303263708
0.0577575164242647,1.00288309926358,2063.95697848924,0.00148313029951805
0.0455231990395741,1.40454896553258,2082.11605802901,0.00900080562107747
0.08916374319821,7.12382395041967,2076.4132066033,0.0494999727783784
0.07132912138618,3.40904833026788,2077.1635817909,0.0258886367823277
0.0769791116114631,2.25859550568368,2067.85892946473,0.0266410248827483
0.0872133476612486,35.6154068202425,2096.22311155578,0.0530674595083993
0.0591007731949024,1.47076025583445,2071.16058029014,0.0139173948732873
0.0997511346478681,2.9350594625955,2062.15607803902,0.0498311089440826
0.0847748078955148,4.41734470314007,2072.96148074037,0.0399248708495268
0.0992934098460653,6.84240540686637,2071.31065532766,0.0642441982968687
0.0775735625807476,5.89104782059798,2080.76538269135,0.0345683658580101
0.083916222138163,1.10920355497526,2054.8024012006,0.0201044675553751
0.0989806919359397,14.3810119566121,2079.11455727864,0.0709780017855233
0.0695837346630333,2.22631645743836,2071.76088044022,0.0217534535403883
0.0983209052381118,48.8846255702689,2091.87093546773,0.0756240767491904
0.0851775711645489,3.08228092099346,2068.30915457729,0.0363315804648132
0.0963366096075859,2.43414579263315,2061.10555277639,0.0426016809236273
0.0734047521614724,6.1687553886527,2084.3671835918,0.030584779857601
0.087865930626115,4.18220533158347,2070.71035517759,0.0429544840458186
0.0472510117375425,1.13504676028852,2074.7623811906,0.00875753966864525
0.0769152008936952,11.8923810771604,2090.67033516758,0.0364342831233055
0.0871794068677325,7.50272113554967,2078.06403201601,0.0472532250876161
0.0988865399441578,7.4382002633935,2072.3611805903,0.0644399658593463
0.0848865675927327,6.11570617216135,2076.86343171586,0.0429040800218263
0.0996732673571273,1.29950646550457,2052.85142571286,0.0290854984261588
0.0975041978291635,3.26496454563336,2064.10705352676,0.0495683767329
0.0959289206378477,3.94819959636536,2066.65832916458,0.0515630655178146
0.096510393402811,2.32456441587663,2060.50525262631,0.0417732191919078
0.0668952727460516,1.5896456468007,2067.70885442721,0.0177651363275016
0.0739919086638227,4.61228334151361,2079.86493246623,0.0296578484341017
0.0575724106256936,1.78366310156055,2076.11305652826,0.0143524878766395
0.0800410107959922,6.1687553886527,2079.86493246623,0.0372692216549513
0.068924283317038,1.19541686845759,2061.70585292646,0.015959324735747
0.0607703599190756,1.00288309926358,2062.30615307654,0.00813508143350065
0.0940356021874171,8.20310923201435,2075.51275637819,0.0580748985429712
0.077826008357668,2.65372529430481,2069.80990495248,0.0287435623396157
0.07208515686795,3.39924796097488,2076.71335667834,0.0263299661876166
0.0843785532129538,3.77045792255574,2071.16058029014,0.037985193561981
0.0736618362058949,2.76286929599819,2072.66133066533,0.0260636029490223
0.0577564733518445,1.00288309926358,2063.95697848924,0.00477588604607367
0.0676396303043911,2.46233896144414,2074.61230615308,0.0212914253493068
0.0703885655572202,1.31077872056062,2062.60630315158,0.0174601468325049
0.0994333452433838,3.73803325566538,2064.85742871436,0.0545597898021569
0.0967006131798558,8.25047817477399,2074.31215607804,0.0625183819506804
0.0932354399466885,1.60343464412786,2057.2036018009,0.0311490780024404
0.0813075910419269,1.56692699337341,2060.80540270135,0.024594935582538
0.0960709802462928,2.68446171339143,2062.30615307654,0.0444338580591528
0.0770535276924236,3.85830538552188,2075.36268134067,0.0313921313275752
0.0662764490575593,2.49804006667886,2075.66283141571,0.020653262245374
0.0979554378135413,1.8463608342542,2057.50375187594,0.0373024412764733
0.085348294658634,2.08968112513086,2063.20660330165,0.0311988519372491
0.0990668406053702,5.6910027726913,2069.35967983992,0.0617453887753314
0.0975631975897403,1.14489244934213,2051.80090045023,0.0250389928399037
0.0703207155704945,1.23387969717049,2061.55577788894,0.0168387814011943
0.0700798707771931,5.07196553857306,2084.06703351676,0.0268142675646437
0.095072044287471,1.38846722913941,2054.8024012006,0.0288661677602845
0.082192683675065,1.27725193454067,2057.50375187594,0.021824786373997
0.0891928298161451,1.37256962462899,2056.30315157579,0.026028773544026
0.0973054776698031,1.24458268867087,2052.85142571286,0.0270810572087654
0.0757246933689576,3.65292419736599,2075.36268134067,0.0298731249646262
0.0964893013672576,10.0635379267258,2076.56328164082,0.0637842748493628
0.0850984975197216,2.6460963359074,2066.35817908954,0.034420535404451
0.0509088546047992,1.23743709481674,2073.71185592796,0.0101717320352401
0.0777896893749159,1.63137250428789,2062.75637818909,0.0233186867864188
0.0722457804214506,2.44820179377353,2071.6108054027,0.0242190162007142
0.091968889522638,6.62911211113257,2074.16208104052,0.0528860285429657
0.0775807706594464,2.17562678075294,2067.10855427714,0.026534110720186
0.0964771970977118,5.07196553857306,2069.2096048024,0.0560992293623638
0.0842558842450932,6.44098426295101,2077.91395697849,0.0423137407804621
0.0936061104102884,3.07341994620988,2064.70735367684,0.0446217529348385
0.084987016167683,2.33126636583218,2064.70735367684,0.0326738588998053
0.0959230610082216,13.5373258656811,2080.01500750375,0.0648554648847614
0.0641995062187041,1.90576794350953,2072.51125562781,0.0178044995182748
0.0966591896148044,1.08394875824941,2051.35067533767,0.0234567950954424
0.0992092327144161,9.97699489356779,2075.21260630315,0.068554291950567
0.09782234627046,2.23273514877728,2059.75487743872,0.0416787371787523
0.0823311480483558,5.23515726431772,2076.4132066033,0.0386692571602367
0.0934240486417416,10.783461436218,2078.8144072036,0.0592531025211745
0.0491835910191491,3.24621921773864,2097.42371185593,0.0124346083435508
0.0892340977220515,1.72806227717372,2059.30465232616,0.0304775480362423
0.083845971393989,1.3804955427344,2058.10405202601,0.0238128894017037
0.0884857615038405,10.3873347090322,2081.06553276638,0.0514339840487712
0.0657585572576462,8.20310923201435,2095.17258629315,0.0246908586464486
0.0725727641204928,8.68929909148323,2089.76988494247,0.03116576241182
0.0862980967704286,5.14550325140415,2074.012006003,0.0431534741178446
0.0695380258455039,6.80312071291408,2088.86943471736,0.0273826300067356
0.0947187551427878,1.52245910708953,2056.00300150075,0.0308870841316376
0.0954725751222155,4.98510624458552,2069.50975487744,0.0541307560893827
0.0641855439734859,2.31121826109334,2075.81290645323,0.0190043850237292
0.0990898444418087,6.06311316104581,2070.11005502751,0.0622898771515274
0.0928401380314144,1.03217524340486,2051.50075037519,0.0212880175045892
0.0961420586239507,1.10601480450688,2051.65082541271,0.0237904071006124
0.0982020440438989,2.29134256329585,2059.90495247624,0.0426233558657577
0.0818234132283242,1.44974067037263,2059.45472736368,0.0236445778983047
0.091677380660315,2.00136053357019,2060.35517758879,0.0348288670410754
0.0965748296003119,18.1578643020893,2082.71635817909,0.0680744864662874
0.077392649763927,1.77853540743712,2064.25712856428,0.0241744194802104
0.0650153983651194,5.99369202303595,2090.8204102051,0.0234942795799817
0.0625585407586594,4.92802801770652,2090.07003501751,0.0210068435853869
0.0812344839118846,8.56511470172144,2083.31665832916,0.0403014599878311
0.0366184402820841,1.4920846013006,2096.82341170585,0.006542396671738
0.0668869575908545,1.94456383978917,2071.16058029014,0.0193055893808749
0.0536803133299763,1.87313095952011,2080.46523261631,0.0129182203408135
0.0870874359475312,1.03813555048354,2053.00150075038,0.019843484992336
0.0698887694513119,8.41843393067599,2091.72086043021,0.0282989767947046
0.082474625005261,1.31455782572457,2057.80390195098,0.0223964379734212
0.057241187014008,1.55793070570556,2073.56178089045,0.0135527264435473
0.0996828103794862,1.05622377499757,2050.30015007504,0.023562756814845
0.0802020047820205,3.61109912366059,2072.66133066533,0.0337265284882813
0.0492439607800332,1.00288309926358,2069.80990495248,0.00176816768545954
0.0928345217609911,6.45955425993623,2073.41170585293,0.0540834483876504
0.0616231399062781,1.28462743961633,2066.8084042021,0.0139990336250197
0.0584134584015438,1.74305193613896,2074.91245622811,0.0146345930090986
0.0888417816939794,2.00713065465068,2061.40570285143,0.0328869363593521
0.0997241951473769,1.93339940407185,2057.50375187594,0.039661059387803
0.0821455729648888,3.51873529007318,2071.31065532766,0.0352882810325719
0.0900333872130188,7.74412301428478,2076.86343171586,0.0516061065839102
0.093167589291782,5.11596107896008,2070.71035517759,0.0516448350341571
0.0973471727925735,2.63090415150101,2061.70585292646,0.0450471712108883
0.0475249953656611,1.00288309926358,2071.31065532766,0.00550957611046754
0.096095675353609,9.17784428848941,2075.81290645323,0.0620860105447256
0.0763194189440513,1.03217524340486,2056.15307653827,0.0166348207524107
0.0996158582152883,1.15482354244809,2051.50075037519,0.0258793738439513
0.08436680204654,3.74881037659201,2071.16058029014,0.0377575671468204
0.0551706985931002,5.43480286846039,2099.97498749375,0.0164882017035899
0.0893502489415266,1.14489244934213,2053.75187593797,0.0224648737650351
0.0826178612982024,6.2943333190863,2078.51425712856,0.0404436011589289
0.0763679103497264,3.60071789654471,2074.7623811906,0.0303676708906626
0.0974168075227334,3.19982540066046,2063.80690345173,0.0493085040170434
0.0878221208659553,1.24817094410403,2055.40270135068,0.0236277613292454
0.0741129479756568,1.17833239331668,2059.15457728864,0.0176694283913842
0.0910054917882057,1.69358579278262,2058.55427713857,0.0310939666034227
0.0871042376366067,2.28475538672293,2063.65682841421,0.033885215397393
0.0764592186456072,2.2008256876077,2067.70885442721,0.0260843765826072
0.0511764580562598,1.00288309926358,2068.30915457729,0.009042559524974
0.09863407995593,1.18855355314224,2052.10105052526,0.0263193999014225
0.098731460174552,2.32456441587663,2059.90495247624,0.0433738009877203
0.0974392763124938,1.669381663546,2056.45322661331,0.0344435515744832
0.0903624830265805,39.5047358569031,2095.02251125563,0.0588620835854356
0.075380283454388,3.12697047724319,2073.41170585293,0.0283960972415606
0.096000108155829,2.94352153037066,2063.35667833917,0.046257554739419
0.0665918535649508,4.32921447906216,2084.3671835918,0.0234885167010848
0.0614854499555668,4.20635552139048,2088.4192096048,0.0198190793809103
0.077828697443137,1.16819913201946,2057.65382691346,0.0188774672773947
0.0806362124518872,2.56361151152847,2067.85892946473,0.0306181865573447
0.0913773508184029,1.43727338940046,2056.30315157579,0.027968452154475
0.0587122635929868,1.66458250694606,2073.86193096548,0.0144720088604136
0.0832258245237411,1.21274904899342,2056.45322661331,0.0213556607108954
0.0458221650041676,1.00288309926358,2072.81140570285,0.00785970706886214
0.0909509973536399,1.66458250694606,2058.25412706353,0.0307843924495548
0.0921507366724649,1.96143148928283,2059.90495247624,0.0348471691996166
0.0687253198883062,1.3490638599235,2063.80690345173,0.0171363971879679
0.0995547288554491,1.87313095952011,2057.2036018009,0.0387396244948965
0.0734267553216866,4.08698318318596,2078.51425712856,0.0285233863806506
0.0680853290847254,1.02035709353375,2059.15457728864,0.0140919175943591
0.0944962184712015,1.47076025583445,2055.70285142571,0.0299242589887564
0.0978288916311023,1.3804955427344,2054.05202601301,0.0298399270412291
0.0996101672300377,1.95017021036364,2057.65382691346,0.0397868106704393
0.098589723905979,3.85830538552188,2065.45772886443,0.0542706148388469
0.0808821045833293,7.3318961356485,2081.51575787894,0.0392700930521755
0.0448418118141227,1.00577451078852,2073.86193096548,0.00751121358736189
0.099252758817862,12.8536732852339,2077.76388194097,0.0710740329893389
0.083035625881988,1.2267955530143,2056.60330165083,0.021542567894661
0.0780997010627137,2.43414579263315,2068.45922961481,0.0280739111703207
0.0833537152712622,3.20905081491668,2069.65982991496,0.0351764196977237
0.0772515030986518,16.3701822092467,2094.57228614307,0.0377060865134326
0.0971346756650034,1.90576794350953,2058.10405202601,0.03749341882422
0.0924437268550476,4.77441020717598,2070.26013006503,0.0497748825780432
0.095418453134806,3.88058521159597,2066.65832916458,0.0506440077504413
0.0478096957885846,1.00288309926358,2071.01050525263,0.00642851810681635
0.0975285326100625,1.23387969717049,2052.70135067534,0.026942593811566
0.0542405487376083,2.98619923379083,2089.46973486743,0.0146795591806906
0.0555874985759957,1.64552345116496,2076.11305652826,0.0131187555475998
0.0959068846274138,3.56975293664868,2065.60780390195,0.0495833340625262
0.0895226819083108,20.6100250498449,2088.26913456728,0.0559732653535796
0.0781463681583751,8.96887940476934,2086.0180090045,0.0369305577283396
0.0901839195535681,2.0598161414781,2061.25562781391,0.0343155244517818
0.0978555602622823,1.97275779657863,2058.25412706353,0.0388595123650033
0.0701261155834878,2.90981894079874,2075.51275637819,0.0240924347281523
0.0847419182547016,8.78994173863968,2081.36568284142,0.045026018346025
0.0924535274137445,11.5882005855279,2080.16508254127,0.0578978294340473
0.0782291580662076,5.05738459676651,2078.36418209105,0.0342342671387366
0.0811330250786445,1.51371812544339,2060.35517758879,0.023993458979193
0.0783315405979281,1.23033252636976,2058.25412706353,0.0197761152916739
0.0793984961056895,1.94456383978917,2064.70735367684,0.0263315164842192
0.0718860643469484,6.98169689372975,2087.21860930465,0.0297799452615167
0.0924983457485474,5.67464221589759,2072.21110555278,0.0518246351354647
0.0505857460086081,1.13178371549186,2071.76088044022,0.00968627188453632
0.0898142763702584,15.1458996051004,2084.66733366683,0.055021704298945
0.0745802303669024,4.39198314906283,2078.66433216608,0.0301298231775476
0.0998057871857986,2.96051892720402,2062.15607803902,0.0502591194250718
0.0977961708869232,3.03823005207779,2063.20660330165,0.048420806531768
0.0745896781027188,14.9724828208773,2095.6228114057,0.0345449007833107
0.0409269873104827,1.40454896553258,2087.96898449225,0.00763101152944045

