0.0790391645295734,7.72186012504483,2082.11605802901,0.0407612034841469
0.0957069417325502,4.46850800867783,2067.10855427714,0.0567131954201081
0.0622633339108053,1.60343464412786,2068.75937968984,0.0167043639353942
0.0889602010072918,5.85722521042959,2073.11155577789,0.0513456686114854
0.0724142679732051,5.92506573979369,2083.16658329165,0.0319926263122577
0.0923848940992531,1.30325307163827,2053.45172586293,0.0265905297113764
0.0761390453898218,1.18855355314224,2056.90345172586,0.0189686756194236
0.0747225776249154,8.81528401319323,2086.91845922961,0.0364092792804068
0.0821491517967262,6.59105201019205,2078.21410705353,0.0433972883086569
0.0995664260623732,6.15102138343189,2069.05952976488,0.0680614742000788
0.0670329819553909,5.29579277470977,2085.56778389195,0.0267929943305454
0.0769689773396821,1.83576021707557,2063.50675337669,0.0254620419457806
0.0838100823691774,4.14623977579979,2071.46073036518,0.0410614178403313
0.0734114077590147,1.29204553462562,2059.30465232616,0.0191807980916304
0.0983625133124982,2.68446171339143,2060.50525262631,0.0488211320669533
0.0995751850176831,4.80198009042612,2066.35817908954,0.0638742629698446
0.08537493895527,3.01210229799636,2066.65832916458,0.0386200567085596
0.0978132924938124,3.03823005207779,2062.0060030015,0.051459834707852
0.0895220969631315,1.52245910708953,2056.30315157579,0.0290036710302723
0.0676822280281783,3.86942926293753,2080.16508254127,0.0257879146777685
0.0914128605555096,2.87650223749675,2063.65682841421,0.0436453051792775
0.0899622863647265,3.39924796097488,2066.20810405203,0.0451516214841244
0.0844356595983211,1.3490638599235,2056.15307653827,0.0242730290902857
0.0870867531020134,5.23515726431772,2072.66133066533,0.0476883427381415
0.093028507625504,10.6293480187976,2077.76388194097,0.0638374012735869
0.0911639877970056,1.295770630155,2053.75187593797,0.0260052766191044
0.0607872552408176,2.00136053357019,2074.012006003,0.0174872367929734
0.0773661341064702,2.2008256876077,2065.90795397699,0.0281704915302927
0.096771784052707,1.23387969717049,2051.65082541271,0.0267114212885921
0.0769932378439661,1.27358007675926,2057.80390195098,0.0202875440764204
0.0935458725744757,1.86237664548846,2057.65382691346,0.035883562026057
0.0834202971227683,3.16318819550752,2068.15907953977,0.037504535399316
0.0811514251110868,2.38558227120577,2065.30765382691,0.0319414879799097
0.0937257095257532,9.47314366240347,2076.26313156578,0.0634129548777355
0.0934482881086993,3.24621921773864,2064.25712856428,0.0482493960246607
0.0983816590962939,1.46653209822205,2053.45172586293,0.0321566402676404
0.0860632643901528,1.3804955427344,2056.00300150075,0.0253542074347536
0.0922222458250503,6.61005466738882,2072.96148074037,0.0573446548820441
0.0901884347548272,3.0557743442915,2064.85742871436,0.043500038713155
0.0909357161847393,2.03623175886238,2059.6048024012,0.03618903246192
0.0885925361300485,1.441417191251,2055.85292646323,0.0273874673471608
0.0998939831639979,30.1383713644719,2085.11755877939,0.0846789261687305
0.0773648730430086,1.59422875299434,2061.10555277639,0.0238015112534491
0.0938489638219211,1.12528574084121,2051.20060030015,0.0234787200079026
0.0900985380060375,7.00182581890258,2074.61230615308,0.0548927956358387
0.0838207939512416,8.44270511134198,2080.31515757879,0.0472285181121422
0.0825027077711866,14.257340102472,2087.51875937969,0.0483017337706445
0.0905611818461396,2.30457394564778,2061.25562781391,0.0385587331957876
0.0929915167877872,37.2943387037601,2091.5707853927,0.0694691922430319
0.0855040222399989,7.2688443008963,2077.46373186593,0.0486420737705971
0.0900708375978939,2.44116367657533,2062.15607803902,0.0392299713681426
0.0830303541684958,1.89482624889294,2061.40570285143,0.0296206521116859
0.0950423903714336,1.11882507338448,2050.75037518759,0.0236581717623727
0.0645303378301407,1.47925317679908,2065.90795397699,0.0170258567548042
0.0911808519241988,32.5745345994639,2091.27063531766,0.0656042702884439
0.090790113913608,1.29950646550457,2053.75187593797,0.0259632534730475
0.0699350843191467,1.44974067037263,2062.90645322661,0.01905340730063
0.0890171951045621,1.11560866287013,2052.10105052526,0.0219387101144558
0.098716558679544,6.01097243209366,2069.05952976488,0.0666976038357616
0.0848457802136029,7.52435222533039,2078.21410705353,0.0481289520394685
0.0953713736182807,2.77083492243083,2061.85592796398,0.0466186064016087
0.0865057764803311,1.10920355497526,2052.70135067534,0.0210863243890317
0.0947583305926324,38.9401481423545,2090.8204102051,0.0737579445898995
0.0952703909517039,1.41673238639154,2053.75187593797,0.0298474856515959
0.0966339111896963,5.19013667692469,2068.30915457729,0.0609673670929504
0.0951595619244956,5.10125365829453,2068.75937968984,0.0582693501918225
0.0773656880842084,2.1944987299355,2065.90795397699,0.0280342559975473
0.0363288734925792,1.07462716439149,2083.01650825413,0.00616556071190128
0.0729803533371796,2.15071639511557,2067.70885442721,0.0250426481945992
0.0819084338569927,30.2252632807581,2097.27363681841,0.0492531637247722
0.0737903408007204,1.4963864293158,2061.55577788894,0.0212487273863716
0.0465802180403124,1.06232295058138,2071.01050525263,0.00870154251383874
0.0950486373184895,29.3674992776149,2087.66883441721,0.0733198131833552
0.0802718151253701,1.23387969717049,2056.15307653827,0.0209986410503086
0.0947366276903029,2.54156531687388,2061.10555277639,0.0439602428322319
0.0851725053299931,5.3417298504113,2073.86193096548,0.0455359267266217
0.0884078718318548,9.36467852310833,2078.8144072036,0.055024800396241
0.0868898512449305,2.00136053357019,2060.80540270135,0.0330340898671137
0.0990797337047543,1.92784124639408,2056.60330165083,0.04030550678622
0.0804240414920354,5.10125365829453,2075.81290645323,0.0396600698899639
0.0992337019704064,1.39648494813358,2052.70135067534,0.0310508986619636
0.0797531458672814,8.54049161663095,2083.01650825413,0.0419951861563492
0.097339880420632,5.01389279437678,2067.70885442721,0.061169466483951
0.0923812798094542,7.45964533309522,2074.16208104052,0.059316987929582
0.0816536899319551,2.2008256876077,2064.10705352676,0.0309851619844446
0.0973802814485278,3.59036651349369,2064.10705352676,0.0545149214231172
0.0767489712106493,3.16318819550752,2071.46073036518,0.0316212143551183
0.0806202439820356,3.78132852701561,2071.76088044022,0.0370842153560094
0.0478978677473232,2.53425879720196,2091.27063531766,0.0123467816407814
0.0695210549556819,2.43414579263315,2071.6108054027,0.0239407373178829
0.089898878492302,1.20231981606127,2053.00150075038,0.0238172228312694
0.0627249808104087,3.85830538552188,2084.06703351676,0.0221459808400618
0.0866148220789651,2.27163778979815,2062.45622811406,0.0352989517777592
0.0967898040061802,1.36468921205103,2053.00150075038,0.0294237705746409
0.0898855421641199,2.63090415150101,2063.20660330165,0.0404223628484088
0.0685672602010358,1.03813555048354,2057.35367683842,0.014755374839478
0.0881343002029758,1.14160110005127,2052.70135067534,0.0221528846391208
0.0872041541161177,2.51246502599404,2063.50675337669,0.0375196863102289
0.0861596035199962,4.21848286189654,2070.56028014007,0.0438454133511584
0.0966512495794106,1.91677282105974,2057.2036018009,0.0384986963938417
0.0941587980307269,19.2895159816518,2083.6168084042,0.0701197962665008
0.0857932410828148,2.45526020256225,2063.80690345173,0.0359335984728129
0.0849779001364436,39.6186319317599,2098.024012006,0.0548206378477289
0.0864312833408248,10.5076446271293,2081.36568284142,0.0524703412130722
0.0990924385684127,3.68461060628057,2063.80690345173,0.0571764965746662
0.0491718874331068,1.017423759841,2067.70885442721,0.00916472463721273
0.095624861440522,2.99480874260266,2062.60630315158,0.0487581321185409
0.068810350312531,2.90981894079874,2074.91245622811,0.0248203071236288
0.0465324597662087,3.11798102843626,2098.024012006,0.0121771503510056
0.0946245453374013,1.97275779657863,2058.10405202601,0.0379512385963434
0.0980732443141148,2.18189932872234,2058.25412706353,0.0430041887952095
0.0844625040220504,1.52684850782001,2057.95397698849,0.026557413639442
0.0771658665139828,4.53329627591397,2076.26313156578,0.0350540332094063
0.0908658969629278,8.17952684419346,2075.96298149075,0.0577578642130346
0.0868859817564256,1.61269369477906,2057.95397698849,0.0288075565983325
0.0749130747770788,1.28093437865255,2058.70435217609,0.0195572802921321
0.0875804641720192,1.73304445225245,2058.55427713857,0.030773071262956
0.0881486336993198,1.92229906736858,2059.75487743872,0.0331674928416183
0.0537000550593618,3.4784466459882,2091.12056028014,0.0160800150853377
0.0655184016785492,1.295770630155,2062.90645322661,0.0161718662645105
0.0819187463643491,1.19198027101602,2055.10255127564,0.021006401870495
0.057903235524555,6.02830266228601,2096.67333666833,0.0201371923846607
0.0430078358332923,2.14453349218355,2093.971985993,0.00990883788060054
0.0950478654865443,4.21848286189654,2066.65832916458,0.0550421815067767
0.0939611032540612,1.82522046182733,2057.35367683842,0.0356339133129882
0.0899180445877864,29.1988899724563,2090.8204102051,0.0633087764181329
0.0966528153071985,2.60827926283097,2060.65532766383,0.046619420133864
0.093288520498716,1.58051892322707,2055.70285142571,0.0316994329781441
0.0992604223618101,14.8010516157109,2078.21410705353,0.0786945917350202
0.0778966035592974,2.52697328239242,2067.70885442721,0.0301135157939565
0.0759120370196624,11.0665182039154,2089.1695847924,0.0384486492097132
0.0974808107151115,3.54925770971272,2063.95697848924,0.0543330125688719
0.0851016014082961,2.27818714703702,2063.05652826413,0.0341953822684496
0.0654593726948984,2.23273514877728,2072.66133066533,0.0208520767746489
0.0904420829912996,1.80952418124502,2058.25412706353,0.0332912394189745
0.0868146498265181,1.8463608342542,2059.75487743872,0.0314869631005622
0.0775040824018856,4.65229147967714,2076.4132066033,0.0355193070005571
0.0940027129175863,1.13178371549186,2051.20060030015,0.0236530426646378
0.0700856738576441,8.39423252506469,2090.07003501751,0.0310979528358653
0.0975516258623909,1.87313095952011,2056.60330165083,0.0385263870704635
0.0760932841920871,1.32978351631576,2058.85442721361,0.0205576133316997
0.0878712816845785,3.54925770971272,2067.55877938969,0.0436473215874555
0.099430014980236,32.7626366009394,2086.16808404202,0.0843307118867126
0.0847121470950362,2.07171057200942,2062.0060030015,0.0322119478517715
0.0394933994831599,1.14489244934213,2080.76538269135,0.00713897918989668
0.0666322912550171,1.23387969717049,2061.55577788894,0.016024951462904
0.0891159163046665,7.18561784115829,2075.36268134067,0.0538459252430496
0.0686810324966842,4.0518365057735,2080.16508254127,0.0268089018893618
0.0364770896206293,1.24100474879353,2087.66883441721,0.00659112255257618
0.0897474322507623,4.31676880609627,2069.2096048024,0.0483527418974826
0.0856922844395991,8.1325652583707,2078.66433216608,0.0499314166852305
0.0807144424155945,2.2071708865269,2064.4072036018,0.0305503575013443
0.0969895037798217,1.46653209822205,2053.75187593797,0.0315311729223018
0.0842061697926068,3.56975293664868,2069.35967983992,0.0398099043897588
0.0954122015243842,1.46231609576324,2054.20210105053,0.030739466479577
0.0985931713257722,1.13504676028852,2050.15007503752,0.0250077920125235
0.0911523840466651,1.26991877487462,2053.45172586293,0.025537086819525
0.0970528540758863,10.6599934842429,2075.81290645323,0.0714034322766376
0.0985471156724295,8.81528401319323,2073.26163081541,0.0713712490127137
0.0649852283521455,2.21353437928443,2072.81140570285,0.020509005222009
0.0825510503317418,1.86237664548846,2061.40570285143,0.0290014063482114
0.0830207779337611,1.1817296425721,2054.65232616308,0.0211907641067802
0.099420205308943,10.845730650619,2074.91245622811,0.0762351527941127
0.0731549276270216,2.9350594625955,2072.3611805903,0.0280820817920937
0.0804643971014839,5.04284557241036,2075.66283141571,0.0395532149870535
0.0798793372863899,2.57100265798945,2066.95847923962,0.0318990498817146
0.0892387034725936,2.74700667630971,2063.95697848924,0.0406610597052413
0.0967625165095966,5.04284557241036,2068.00900450225,0.0603834014220659
0.0929962293376127,19.1236326478425,2084.21710855428,0.0676137662982997
0.0732127856240481,1.26626799854054,2059.15457728864,0.0187564975491601
0.0916575594426766,4.77441020717598,2069.50975487744,0.0523431460261899
0.0862885662298166,3.37001557459736,2067.70885442721,0.0410852545414129
0.0726075612618585,4.37935702804035,2078.51425712856,0.03074868917483
0.0937070100245738,3.19062650772569,2064.10705352676,0.047816370795814
0.0646119840366525,2.01872085226992,2071.46073036518,0.01958455220024
0.0971092585141675,3.50861959151272,2063.95697848924,0.0536493320352179
0.0869328394676319,1.36076598863131,2055.55277638819,0.0254278367479953
0.0961543101437602,28.6988481348414,2086.7683841921,0.0756052760040329
0.0972568009045512,8.99473757437633,2074.012006003,0.0694290205003472
0.0965185105871145,3.59036651349369,2064.4072036018,0.0534935391942681
0.0969075177070885,1.32596064017055,2052.55127563782,0.0286950331632289
0.0651248359109361,1.56692699337341,2066.65832916458,0.0177762014285211
0.0821136486943529,1.38846722913941,2057.35367683842,0.0237810852772833
0.0944850266953083,2.89311263070037,2062.60630315158,0.0468010682010842
0.0955243516685382,5.46618619625777,2069.35967983992,0.0599863813317083
0.0851921624223043,1.56692699337341,2058.10405202601,0.0273742103800419
0.0937476512726397,2.25859550568368,2059.90495247624,0.0407101692981956
0.0832537579730054,8.94309557251015,2081.36568284142,0.0467947107726154
0.0496045378388911,3.04698957090351,2093.2216108054,0.0136172204797764
0.0995525195477745,5.49775074742009,2067.85892946473,0.066158519117375
0.0831711028903498,1.1715671660767,2054.50225112556,0.0210872734078955
0.0579622176073393,4.19426304469508,2090.07003501751,0.0191896286072143
0.0961499322391591,1.12528574084121,2050.60030015007,0.0241406224191965
0.0907680539495632,1.01158236655188,2050.30015007504,0.0202249857405324
0.0972365677325744,2.22631645743836,2058.70435217609,0.0429963310212521
0.0899482307257884,1.51808232505612,2056.15307653827,0.0291539456600918
0.0992905055618348,1.13504676028852,2050.15007503752,0.0251256690887769
0.065337258900098,3.42873391662958,2080.01500750375,0.023381967896281
0.0885895694085816,1.52684850782001,2056.60330165083,0.0285741834077998
0.0913760191268201,13.5373258656811,2081.36568284142,0.0624625581882626
0.0990536217262048,21.9576266468948,2082.41620810405,0.080577992858345
0.0536855842236145,1.70827639380871,2076.4132066033,0.0133709245967353
0.0824748719449599,4.17018228211692,2072.21110555278,0.0396912809660372
0.063176295777045,1.27725193454067,2063.95697848924,0.0151196251637022
0.0920384687038859,5.37257572706184,2070.71035517759,0.0544517080414681
0.0741401147359879,1.02624915657849,2055.10255127564,0.0161706465240172
0.0929456652548475,2.23917234584048,2060.05502751376,0.039875905410322
0.0948055681398941,2.75492656923522,2062.0060030015,0.0458874186369732
0.0550473030734499,2.17562678075294,2080.31515757879,0.0150992654613597
0.0925767129830802,1.73304445225245,2057.05352676338,0.0335774943911765
0.0806127383568461,2.72338334507132,2067.40870435218,0.0332370248356004
0.0935408447710792,1.92784124639408,2058.10405202601,0.0367075498609856
0.0525580024143927,1.50936647207927,2074.61230615308,0.0123323704286106
0.0856313570926155,2.57100265798945,2064.55727863932,0.0363944264790832
0.0924694144424271,30.9294781934387,2089.76988494247,0.0685309067595576
0.0857484737044584,8.39423252506469,2079.11455727864,0.0498865348471106
0.0866305821496822,2.96051892720402,2065.90795397699,0.0395397992612512
0.090195978517929,1.93339940407185,2059.15457728864,0.0345766433126181
0.0996660358898898,1.91126246166401,2056.30315157579,0.0404559972697352
0.05863247456093,3.66345594042931,2086.91845922961,0.0191837967117692
0.084876088391607,9.12515100556096,2080.61530765383,0.0492515211754677
0.0529974185771883,1.32596064017055,2071.31065532766,0.0117890124004197
0.083053910283874,15.6782947440786,2088.26913456728,0.0495974644534871
0.0818269295365106,2.96051892720402,2068.00900450225,0.0352330342159234
0.0598227665194491,1.669381663546,2071.16058029014,0.0158926834193729
0.0460814470616549,1.50936647207927,2080.91545772886,0.00999790434043992
0.0910003346198472,1.61734325078285,2056.60330165083,0.0311366849450946
0.0939749483682661,10.2684023095805,2077.01350675338,0.064690078182924
0.0737685292163288,7.97031285410644,2086.31815907954,0.0347880696759823
0.0965410670829712,1.50070065992818,2054.20210105053,0.0319196098031582
0.0805793528101332,19.2340622708831,2092.77138569285,0.0460862112179513
0.079798341761931,1.15482354244809,2055.25262631316,0.019728443742039
0.0988645476802512,1.50070065992818,2053.60180090045,0.0330338443710677
0.095063363748091,4.00544398533237,2066.05802901451,0.0541913125068111
0.0962113801561623,1.42081696649143,2053.60180090045,0.0303540279597186
0.0701450191045058,1.46231609576324,2062.90645322661,0.0192716272036628
0.0943567451187935,1.43727338940046,2054.20210105053,0.0298354910810717
0.0904554549426715,29.9653362072615,2090.8204102051,0.0640159016659794
0.0536753320552465,5.2653877364201,2099.37468734367,0.0170135773183481
0.0748328385622596,1.77853540743712,2063.95697848924,0.0238732902059365
0.0927598870254898,3.58004488871148,2065.75787893947,0.0490177675172503
0.0754271616533746,1.28833114804146,2058.55427713857,0.0198680783427065
0.0973549395357768,2.60827926283097,2060.50525262631,0.0471151925295351
0.052417025094792,1.12853005133194,2067.85892946473,0.0106885025805303
0.0943595884581288,1.36076598863131,2053.45172586293,0.0284548487686145
0.0806716232500573,6.42246765119551,2078.66433216608,0.0416775315528314
0.069776177412528,1.15150364314254,2058.85442721361,0.0163455525213639
0.0758051961023561,1.18855355314224,2057.05352676338,0.0188247302908977
0.0712066808037109,1.0232988843187,2056.15307653827,0.0153250442096694
0.0764117104560627,1.04112859832463,2054.65232616308,0.0170051675946318
0.0986060250959074,3.82512526006857,2064.25712856428,0.0577715082930254
0.0954039105404959,3.07341994620988,2063.05652826413,0.048846423130528
0.0923568005339834,14.2163529457634,2081.36568284142,0.0645255069386758
0.0872505572125236,2.63090415150101,2064.10705352676,0.0382938256888943
0.0908886007280917,4.06351835261943,2068.00900450225,0.0488064655716179
0.075096140787372,3.20905081491668,2072.51125562781,0.03047976635418
0.0793911579140339,1.33746236557711,2057.65382691346,0.0220396633372454
0.0952484849664323,28.3702534600969,2087.21860930465,0.0733829577335646
0.0749724305859522,3.12697047724319,2072.21110555278,0.030145276663946
0.0787351078255047,16.0435815196353,2091.87093546773,0.0431436387115998
0.0716254490007091,3.43861929685961,2075.66283141571,0.0281410327130391
0.0926452017044855,1.6741946565908,2056.60330165083,0.0327922989893337
0.0956455453023439,2.48369792620856,2060.50525262631,0.0442890993704016
0.0846522842806198,2.17562678075294,2062.75637818909,0.0328807870860118
0.0889339289910393,4.52026390637434,2070.11005502751,0.0480179456479659
0.0968138063927511,4.21848286189654,2066.05802901451,0.0570927208347066
0.0753141899406905,1.99560700049668,2065.45772886443,0.0255896499422974
0.0897478194969229,1.06232295058138,2051.20060030015,0.021043538708856
0.0900239772290945,19.2895159816518,2086.16808404202,0.0616580930837205
0.0572362783590702,2.84356700216288,2083.46673336668,0.0174367907494888
0.0932336207187939,1.40051115285914,2054.20210105053,0.0286757748201157
0.0924976884936953,19.4568382303861,2084.81740870435,0.066041757982229
0.0509544274376832,3.37001557459736,2093.82191095548,0.0144647369422081
0.0987091258898389,2.09570588324384,2057.65382691346,0.0423739686261249
0.091805559523688,5.97646129188652,2071.91095547774,0.0559399898373616
0.0604263309676638,1.70336542221432,2071.16058029014,0.0162908486432807
0.0977869304295795,1.1481932879197,2050.60030015007,0.0250779518861802
0.0958381942512884,1.15482354244809,2051.05052526263,0.0247351686718923
0.0995826448218862,4.00544398533237,2064.4072036018,0.0600823434877301
0.0942818943932894,1.4963864293158,2054.8024012006,0.0308307970302789
0.0948194237669962,1.18513668643434,2051.65082541271,0.0250541601190177
0.0716948550602072,3.06458444505318,2073.86193096548,0.0273543361858256
0.0807203385591969,1.79396288338358,2061.55577788894,0.0273465478245362
0.0984091307147257,1.4920846013006,2053.75187593797,0.0326192327045402
0.0969540725508743,1.2267955530143,2051.50075037519,0.0266221482116972
0.0797617083446187,10.9398093223365,2086.16808404202,0.0432376478039206
0.0724218716111866,1.13178371549186,2057.50375187594,0.0170233457963871
0.0353502824736107,1.02035709353375,2082.56628314157,0.00580696650348761
0.0716730728936601,1.9841495077581,2067.10855427714,0.0233919302019397
0.0786460073882928,1.29950646550457,2057.50375187594,0.0212618692417715
0.0637933089612505,1.60805750536954,2067.85892946473,0.0174119812438635
0.0983235957449483,1.93339940407185,2056.75337668834,0.039935997080707
0.0923898488696466,3.30278056177977,2064.85742871436,0.0474058261768331
0.0976065197054249,2.77882351455518,2061.10555277639,0.049003473884382
0.0722083730124811,1.27358007675926,2059.6048024012,0.0184617978683375
0.0874354837925432,3.71657187129828,2068.30915457729,0.0439037888456636
0.0973530835350486,6.34893199363231,2070.26013006503,0.065017826932541
0.0899391559926566,2.09570588324384,2060.35517758879,0.0360093888111847
0.0851495607665219,1.86237664548846,2060.35517758879,0.0306985585268976
0.0993169691832959,2.03037797761035,2057.05352676338,0.0419916625484531
0.0861562034014624,21.5815941337228,2089.91995997999,0.0556925754088743
0.0807343583474046,21.3344902474791,2093.82191095548,0.0470168088674895
0.0997597328626238,2.60827926283097,2059.75487743872,0.0493456357085027
0.0973290680731928,24.4961185033437,2084.3671835918,0.0780638116539319
0.0996819461260154,3.49853297367273,2063.05652826413,0.0566217418699261
0.0962385223291656,3.00344307348301,2062.45622811406,0.0493754312521698
0.0533585245987415,1.97275779657863,2079.71485742871,0.0139328313241752
0.0992263466095729,3.51873529007318,2063.20660330165,0.0563968879876316
0.0805698853593174,7.92455244054436,2081.51575787894,0.0426009184083832
0.0959783810934904,2.04799000112185,2058.10405202601,0.0398504105589315
0.0897317878149532,5.20510035615579,2071.31065532766,0.0511557710544681
0.085248598812636,1.20578622343754,2054.35217608804,0.0223442082834086
0.0919691708514687,25.2115995346114,2087.96898449225,0.0661635556948966
0.0892937103703207,2.03037797761035,2060.05502751376,0.0350143961860504
0.0995608925805931,2.78683513858361,2060.50525262631,0.0510673617719048
0.0961788672478459,3.9368492691367,2065.45772886443,0.0552490547276608
0.0851291325930918,2.79486986091936,2065.75787893947,0.037410395563504
0.0932935865419229,4.99947880072813,2069.35967983992,0.0551447519356961
0.0889851039576548,17.0926028588123,2085.41770885443,0.0594155135390041
0.0539381815535814,2.08367368705817,2080.46523261631,0.014377851706186
0.0948098445041834,1.65502554408647,2055.85292646323,0.0336716960289475
0.0931612245247659,10.7215497316231,2077.91395697849,0.0635103065469961
0.0969355351385758,7.31081832073186,2071.91095547774,0.0664775090437192
0.0905818301675946,1.01158236655188,2050.30015007504,0.0201566749875877
0.0993190293884081,4.45566189315493,2065.75787893947,0.0615507370340111
0.0715240625859913,1.57144459943409,2063.50675337669,0.0207072864728971
0.0695456127132109,7.28980110054726,2088.4192096048,0.030146753523187
0.0965241121380293,21.151020824465,2083.31665832916,0.0752898870313016
0.0993179869645957,4.58580257506987,2066.05802901451,0.0621811512654879
0.0984979927739837,3.4784466459882,2063.35667833917,0.0552045660356847
0.0680141441975142,1.68386231169735,2066.35817908954,0.019787096406636
0.0926209708408057,1.71320152422168,2056.90345172586,0.0333449125270046
0.0950472780072994,16.464712003024,2081.51575787894,0.070461078833202
0.0650135544744092,1.08394875824941,2059.75487743872,0.0141875791857961
0.0868488887295826,11.9955386652786,2082.71635817909,0.0537573594917113
0.099490108758134,2.00136053357019,2056.90345172586,0.0416567154566215
0.0998324334151578,8.94309557251015,2072.81140570285,0.0743093362865008
0.0567914513510223,1.72806227717372,2074.012006003,0.0147920811754783
0.0927714816460158,9.72180569368846,2077.01350675338,0.0621153648079519
0.0542626768048905,1.07153781450759,2065.45772886443,0.01087914519095
0.0749291047651107,1.47925317679908,2060.95547773887,0.0215746706235278
0.0879333865780343,12.169460288151,2082.11605802901,0.0560401092652714
0.0887376398841295,1.17494491051044,2053.00150075038,0.0229627291769039
0.0711067409406472,6.78356302734552,2086.0180090045,0.0315210809480208
0.0846807212658256,2.25210247070889,2063.20660330165,0.0334848916068216
0.0880140203479792,8.32204495553973,2077.76388194097,0.0530726999611475
0.0829087082462952,1.27725193454067,2055.85292646323,0.0225782778521131
0.0825658860709921,13.1153367145537,2086.46823411706,0.0479848912581735
0.0842158427484974,2.0657547958787,2062.15607803902,0.031794713467555
0.0916632949198206,9.52784643268317,2077.31365682841,0.0603275158951826
0.0891385437667949,8.56511470172144,2077.46373186593,0.0551198607736501
0.0927976495933671,3.63195145450856,2065.90795397699,0.0493395023246808
0.0924672266343914,2.9350594625955,2063.50675337669,0.0450725019285719
0.0792380313511492,1.16484078042324,2055.55277638819,0.0196847277582063
0.0830126191931928,3.01210229799636,2067.70885442721,0.0364736189115332
0.0720679289554308,1.73304445225245,2064.85742871436,0.0221030605873984
0.0981746483479969,4.55947384416678,2066.35817908954,0.0606266441905973
0.0815357842858131,12.8536732852339,2086.91845922961,0.0464676661809157
0.0829577534942177,1.1715671660767,2054.50225112556,0.0210671398999244
0.0482871725423003,1.40051115285914,2076.71335667834,0.0104553843652358
0.0789491329798288,18.7420980057214,2093.67183591796,0.0439320976190104
0.0919489677334004,2.15691712397049,2060.05502751376,0.0380851368375019
0.0765889951117506,2.49804006667886,2068.15907953977,0.0290350756831
0.0936377662781963,1.95579274466099,2058.25412706353,0.0371149997733789
0.0440620174410651,1.32214875407135,2079.5647823912,0.0088946601019656
0.0864551535895751,1.77853540743712,2059.30465232616,0.0305926659592003
0.0864603351096167,1.46231609576324,2056.60330165083,0.0267676064105485
0.0356988371624236,1.00577451078852,2081.51575787894,0.00584261345158285
0.0812667248279856,7.74412301428478,2080.76538269135,0.0434227650808016
0.0996417426844286,7.56780167843215,2071.16058029014,0.0717355904898852
0.0512886441011112,1.75311720834914,2079.11455727864,0.0125334430274904
0.0936870000275071,6.42246765119551,2071.91095547774,0.0595447921961359
0.0943059069807487,3.75961856902805,2065.75787893947,0.0516546557963506
0.0898618766958207,3.15409462760941,2065.30765382691,0.0438909761041766
0.0932822391557824,6.53437118513655,2072.3611805903,0.0587663879218684
0.0992961089615297,1.87313095952011,2056.15307653827,0.0396948921264321
0.0625322401611819,1.52245910708953,2067.70885442721,0.0163430912247732
0.09082530758127,2.2008256876077,2060.65532766383,0.0376976300375624
0.0854490716300663,2.96051892720402,2066.35817908954,0.0385561316967172
0.0913359067987664,5.17521601544173,2070.56028014007,0.0530924708195885
0.0658109281033675,1.16484078042324,2060.80540270135,0.0151451272923723
0.097307827108884,2.35826794741131,2059.30465232616,0.0446254930376653
0.0724797718575333,1.01158236655188,2055.40270135068,0.0155079223917893
0.092338901924334,29.7932945067072,2089.46973486743,0.067999052022955
0.0894791025520354,1.28093437865255,2053.90195097549,0.0251653603181884
0.069040224318985,2.4062754285944,2071.76088044022,0.0234740847508838
0.0894538805669317,1.59882507273807,2056.90345172586,0.030090081264487
0.0702557775291902,15.6782947440786,2098.92446223112,0.0329876287502972
0.0989703768902889,12.66997313217,2076.71335667834,0.0769422227856167
0.0959955064192567,1.69358579278262,2055.85292646323,0.0349285372051708
0.0964439018289357,14.4224738415937,2079.41470735368,0.0721203532388796
0.0775077480972408,12.7798757548119,2089.76988494247,0.0411220517177334
0.0656073960191185,1.77342245446464,2068.60930465233,0.0190694230875606
0.0807129475911859,5.28056837192541,2076.11305652826,0.0402348362325747
0.0932116146489844,1.71320152422168,2056.75337668834,0.0336965836273631
0.0970949736042273,1.3804955427344,2053.00150075038,0.0299293821875114
0.0774202080946365,7.94739971184986,2083.6168084042,0.0389116982025749
0.0992305936397998,2.48369792620856,2059.30465232616,0.0477112452364413
0.0489376507605257,1.42902148939294,2076.56328164082,0.0107643344260634
0.096924916430029,2.66137624774655,2060.80540270135,0.047353362665376
0.0892898118234099,2.69220128298041,2063.65682841421,0.0403991905142289
0.0679484215507695,1.87313095952011,2068.15907953977,0.020780734995152
0.0940389829605152,2.91820823764409,2062.90645322661,0.0464509096876171
0.0958571794122314,1.93897358646993,2057.50375187594,0.0383151822588852
0.0776038049552989,28.0454211126682,2099.97498749375,0.0430308568089013
0.0988797421188636,1.71814085427452,2055.25262631316,0.0369746509956503
0.090881835037138,1.05622377499757,2050.90045022511,0.0211941502000912
0.0865592901394208,1.74305193613896,2059.00450225113,0.0302779125299757
0.094379115974526,5.16033824803901,2069.2096048024,0.0573237886229725
0.093793008493349,18.9046718094031,2083.6168084042,0.0692274176417613
0.0705248108580259,1.42081696649143,2062.15607803902,0.0191811967357562
0.095000506682728,1.92784124639408,2057.65382691346,0.0376508445077071
0.0943083286611767,12.3814980416064,2078.8144072036,0.0671899474474855
0.0858045916663335,1.31455782572457,2055.40270135068,0.0242897653497046
0.0687904604469202,2.38558227120577,2071.76088044022,0.02326441364806
0.0981299609727877,5.35713058780925,2068.15907953977,0.0633587401633741
0.0766252233296265,2.78683513858361,2069.65982991496,0.0303280572172358
0.0667115013236821,1.51808232505612,2065.30765382691,0.0181468144535777
0.0326691033201241,1.1481932879197,2091.42071035518,0.00547422141211788
0.0978561383851941,7.65545473146367,2072.06103051526,0.0684815478161691
0.0923349511429088,10.1216499350543,2077.61380690345,0.062051340998235
0.0994339299336176,8.27426512232383,2072.21110555278,0.0722780684419711
0.0706005053316824,1.07153781450759,2057.2036018009,0.0157265660682034
0.0986479902268111,2.16937226517279,2057.95397698849,0.0434152925312558
0.0789011252549654,4.66570449781614,2075.51275637819,0.037280083637033
0.0863115784909865,1.96143148928283,2060.65532766383,0.0323297321602678
0.0720353414705065,3.4784466459882,2075.51275637819,0.0286332456925588
0.0746679884531736,3.20905081491668,2072.81140570285,0.0300321281324433
0.0700808154660985,1.2267955530143,2059.90495247624,0.0171950246924735
0.0610506198496598,1.00288309926358,2060.05502751376,0.0122603097879635
0.0964626406713943,11.756216271046,2077.1635817909,0.0709602841322371
0.0986952302031173,8.56511470172144,2072.81140570285,0.071798026469434
0.0683128222654949,3.79223047250718,2079.41470735368,0.0261257792890668
0.0969239702728656,13.3823268507784,2078.36418209105,0.0726586252752737
0.0937889251953875,1.19198027101602,2051.95097548774,0.0248776450684231
0.0572041919164476,1.0232988843187,2062.45622811406,0.0113807126523309
0.0586487956228663,4.21848286189654,2089.46973486743,0.0196605598882008
0.0967441241307131,1.25899790157518,2051.95097548774,0.0272258783362597
0.0651514366336671,1.55345194953386,2066.50825412706,0.0176880176401262
0.0582265743564002,3.49853297367273,2086.46823411706,0.0187578639867599
0.0774635501069127,4.08698318318596,2074.61230615308,0.0346026590915129
0.055697619452126,2.84356700216288,2084.96748374187,0.0165614658279531
0.089508658307439,2.07768351923393,2060.35517758879,0.0355817986820173
0.0757351882081566,1.28833114804146,2058.40420210105,0.0200075233886427
0.0789623938337086,3.27437776251048,2070.71035517759,0.0339984109992234
0.0579483378958585,4.31676880609627,2090.67033516758,0.019214111324081
0.072409573877561,1.53566531100084,2062.60630315158,0.0209355065354707
0.0987787284328425,1.57144459943409,2054.20210105053,0.0342971868816165
0.0984622510757376,2.90981894079874,2061.40570285143,0.0508157358056018
0.0795441498230723,3.37973166401872,2070.86043021511,0.0348054407678355
0.0695618983995616,1.54898606893921,2064.10705352676,0.0196825898230534
0.0458169697934379,1.78880557933512,2085.56778389195,0.0104684275683325
0.065129597645082,7.31081832073186,2092.32116058029,0.0262924225184697
0.0926636613094393,4.3416960341386,2068.00900450225,0.0521828222502494
0.0821109534545956,2.23917234584048,2064.10705352676,0.031608888385372
0.0980902860196284,5.94214829246472,2069.2096048024,0.0653833375035244
0.0904753093146628,13.4209094274668,2081.81590795398,0.0606365452935869
0.0920070015972649,8.10918567113405,2075.36268134067,0.0592047441307021
0.0965272964422974,15.3213249660846,2080.01500750375,0.0727152631910365
0.0953290885145354,10.6599934842429,2076.71335667834,0.0676895380829772
0.0937354349805268,2.55624161321588,2061.40570285143,0.0434095693843144
0.0930257513482469,2.37188579111585,2060.80540270135,0.0410192964997836
0.0886017142267892,1.04112859832463,2051.20060030015,0.0202896519195246
0.0875185324761414,3.03823005207779,2065.75787893947,0.0410182308292896
0.093296441620612,3.50861959151272,2065.30765382691,0.0493397978045308
0.0749363430390211,4.43008034640065,2077.31365682841,0.0327052970000953
0.0951220898561726,1.60343464412786,2055.40270135068,0.0329868106514887
0.0569734230541192,2.85176528809274,2083.76688344172,0.0173026262278343
0.0869866096031505,11.9266679922861,2082.56628314157,0.0538993973289482
0.0652481397163308,1.1028352210931,2060.05502751376,0.0144199259830898
0.0955060624822141,1.46653209822205,2054.20210105053,0.0308541523013442
0.0644963837849912,1.12528574084121,2060.80540270135,0.0143869115658944
0.0829511314014853,2.23273514877728,2063.65682841421,0.0323081180746148
0.077253570677116,1.1988633739507,2056.75337668834,0.019460668617473
0.0985366134243529,2.29794873135268,2058.70435217609,0.0448282102199996
0.0869702330696972,1.71320152422168,2058.70435217609,0.0300749731864396
0.0874342603294128,9.31091255809072,2079.26463231616,0.0535693139377475
0.0813440148051553,2.72338334507132,2067.10855427714,0.033761512616641
0.0994786278639611,2.78683513858361,2060.50525262631,0.0510341544161045
0.0934885867292265,14.505756572389,2080.91545772886,0.0670723516981489
0.0753422393713748,2.78683513858361,2070.41020510255,0.029241580374157
0.0626969191016783,1.00288309926358,2059.30465232616,0.0127048927601894
0.0786925697717945,15.8142923261533,2091.72086043021,0.0430249875071004
0.0950407375338918,2.99480874260266,2062.90645322661,0.0478620426321098
0.099740660393064,6.25819530279368,2069.05952976488,0.0692418728051721
0.0601496160949232,1.295770630155,2065.90795397699,0.0141581084586832
0.078358106614477,22.598963573615,2096.52326163082,0.0436763224294806
0.0976843115664696,1.1988633739507,2051.05052526263,0.0262091792310988
0.0592929418004911,1.80432214140788,2073.11155577789,0.0161304441718606
0.0891907492339678,1.3804955427344,2055.10255127564,0.026667093002179
0.0718024665514471,12.4529951356256,2094.27213606803,0.0339751988589333
0.0761083396451669,3.29328569222577,2072.3611805903,0.0314910459966453
0.0999386219120299,1.28462743961633,2051.50075037519,0.0289124138659005
0.0845108956590954,3.60071789654471,2069.2096048024,0.0404525343939312
0.0865542152141255,1.27358007675926,2054.65232616308,0.0239216150416154
0.0901072752764197,29.5370822190252,2090.8204102051,0.0637175735024546
0.0847309799442441,1.76324060258228,2059.75487743872,0.0294597023325056
0.0733762497544854,2.84356700216288,2071.76088044022,0.0279598521507767
0.0998189764245863,1.88937898174206,2056.15307653827,0.0402594876644515
0.0964128911902882,1.36076598863131,2053.00150075038,0.0292922128242547
0.0653653328240574,3.19982540066046,2078.8144072036,0.0230487555618923
0.0781972872039314,2.57100265798945,2067.70885442721,0.0306755133529491
0.0784576383709938,2.5933041997516,2067.70885442721,0.0309761846817575
0.0920991322726279,1.65979714701382,2056.60330165083,0.0323502841694665
0.049963927977263,2.0538945595859,2084.06703351676,0.0125884114931352
0.0807127393102977,2.76286929599819,2067.55877938969,0.0334827997115653
0.0988309994568536,5.97646129188652,2069.05952976488,0.0662633584399071
0.0647649841286591,1.92784124639408,2070.56028014007,0.0193118079188109
0.0967893089484967,1.92784124639408,2057.2036018009,0.0388226373866302
0.0905467847987931,3.00344307348301,2064.55727863932,0.0434400255632777
0.0790740392953688,30.3124057150643,2099.67483741871,0.045193246263265
0.0915785708126644,3.70588742997801,2066.50825412706,0.0485942695048219
0.0733430491854137,1.88394737445416,2065.45772886443,0.0237946454083198
0.05215307737265,2.22631645743836,2083.6168084042,0.0138111395800235
0.0957555761419215,7.00182581890258,2071.91095547774,0.0641253649822908
0.0667592561302917,7.31081832073186,2090.8204102051,0.0277116271138303
0.0646613426788619,3.98244730043134,2083.01650825413,0.0236026655548403
0.0945920936440268,5.38806539618403,2069.65982991496,0.0580806821555403
0.0625302329148881,2.18818996107018,2074.31215607804,0.0190025436975638
0.0872180699350064,1.56242237457588,2057.35367683842,0.0284161907304057
0.0939876447236221,3.70588742997801,2065.60780390195,0.051304096484728
0.0932600261047494,5.72386552959968,2070.86043021511,0.0571674957665694
0.0921517849129352,1.80432214140788,2057.65382691346,0.034298803957301
0.0887048017574724,2.45526020256225,2062.75637818909,0.038151324442364
0.0710583139900427,1.53125056362849,2063.20660330165,0.0202472918458277
0.0888071497379232,1.42081696649143,2055.55277638819,0.0271636189356579
0.0577719137256027,1.26626799854054,2066.95847923962,0.0131271471317206
0.0873636524665464,1.28093437865255,2054.50225112556,0.0243433042496376
0.0881712529504561,5.45047194460812,2072.66133066533,0.0494087615855596
0.0941528243570887,17.7444386780296,2082.71635817909,0.0696855754121442
0.0904182635748647,1.28093437865255,2053.75187593797,0.0254470546558558
0.0926429756384581,17.3904202660819,2083.46673336668,0.0659572232663602
0.0786486411907229,3.45847564108692,2071.6108054027,0.0342609699905059
0.0432094719229151,1.50070065992818,2084.06703351676,0.00904522833715574
0.092642763214456,1.2232687477884,2052.55127563782,0.0251717490835716
0.0687113498391847,1.90576794350953,2068.00900450225,0.0213446217269619
0.043264473647396,2.15071639511557,2093.67183591796,0.0100138042927112
0.0777817010643706,3.25557838997471,2071.31065532766,0.0327650198757938
0.0913405795167329,4.80198009042612,2069.65982991496,0.0522223156321606
0.0519505008435174,1.90576794350953,2080.31515757879,0.013173795592861
0.0557380464874472,1.04714060664789,2063.95697848924,0.0111416530326498
0.0856436729178825,1.09335121002246,2052.70135067534,0.0205172287876698
0.094010688823177,4.87160332233193,2068.75937968984,0.0557677645613483
0.0940934324463343,12.2397329678754,2078.8144072036,0.0666324780255778
0.0353194434773331,1.51808232505612,2096.52326163082,0.0066994982318197
0.0703529311604277,2.39935784176774,2070.86043021511,0.0244045662120655
0.0496295023455501,1.53566531100084,2077.61380690345,0.011336729427185
0.0842021702415139,1.15482354244809,2053.90195097549,0.0211596155641926
0.0965516591524915,4.09876636139165,2065.75787893947,0.0565089108368004
0.064708225228565,2.08367368705817,2072.06103051526,0.019824474875464
0.0589615285477742,1.4249133228412,2068.60930465233,0.014428918774457
0.090373221179591,2.27818714703702,2061.25562781391,0.0379923358788246
0.086899037422988,18.7961333346796,2087.81890945473,0.0563729221780339
0.0540013772659686,2.12609122719942,2080.76538269135,0.0145159520404565
0.0851299064136111,3.4784466459882,2068.60930465233,0.0403596972496906
0.0557394398704756,3.20905081491668,2087.36868434217,0.0169504665011234
0.0872885326812841,2.36506706799381,2062.75637818909,0.0364372634638221
0.0908022594456039,1.36468921205103,2054.50225112556,0.0270494917827383
0.0795131129747817,2.21353437928443,2065.00750375188,0.0297273581824577
0.0988162917157187,2.87650223749675,2061.10555277639,0.0511015202030553
0.0859314910595297,2.2008256876077,2062.30615307654,0.0342242700534215
0.081718888233506,1.06538573309788,2053.45172586293,0.018921898763883
0.0884097863890743,2.39246014169509,2062.45622811406,0.0376045347457776
0.0938265310945974,4.11058351166975,2066.95847923962,0.052595067892243
0.0917508141357782,2.21353437928443,2060.35517758879,0.0386507958163124
0.0854595519973938,18.1056638759021,2088.4192096048,0.0535494000277726
0.0639311404594992,1.8199732981517,2070.11005502751,0.0184277847541737
0.0829892591866793,3.79223047250718,2070.71035517759,0.039279656101217
0.081608699150346,1.28462743961633,2056.30315157579,0.02220002300353
0.0697952808809544,2.47655776434198,2071.76088044022,0.0242072806281791
0.0927134009386807,1.68386231169735,2056.60330165083,0.0330464996239404
0.0877042098475716,1.78366310156055,2059.00450225113,0.0313118607331721
0.0871310066984813,1.441417191251,2056.30315157579,0.0266890437313252
0.0789752030372478,1.82522046182733,2062.45622811406,0.0266482559945652
0.049663126126816,1.60805750536954,2078.66433216608,0.011547513998271
0.0737975839847934,1.1988633739507,2057.95397698849,0.018276191551709
0.0995990052455839,3.17230798106454,2062.0060030015,0.0541997173016254
0.0902390682539031,1.45811221351425,2055.55277638819,0.0283439613423325
0.0899674268252708,2.35826794741131,2061.70585292646,0.0385764807481693
0.0934363872690019,3.30278056177977,2064.55727863932,0.0483044367370937
0.0954238666175918,1.81474121907939,2056.90345172586,0.036298172288002
0.0939194446069315,7.20633469066447,2073.11155577789,0.0611844078257467
0.0923096907266023,5.57746185992785,2071.01050525263,0.0553172243318288
0.0656951175458062,1.8199732981517,2069.05952976488,0.0193156207411059
0.0887790483615239,1.47500060364494,2056.15307653827,0.0279035348482669
0.0784454537130748,1.14160110005127,2055.55277638819,0.0190982804027536
0.0728721569798144,3.03823005207779,2072.96148074037,0.0282815824189399
0.085835818143611,1.64079288241399,2058.40420210105,0.0286890671860406
0.0899234354888909,1.3686237465133,2054.8024012006,0.0268063861410726
0.0710954243150983,1.33746236557711,2060.95547773887,0.0186335278671572
0.0790283409661451,1.13504676028852,2055.25262631316,0.0192061972457868
0.0977007932723207,4.62558101221893,2066.65832916458,0.0604024306386181
0.0900003955506408,1.43314150019665,2055.40270135068,0.0278234906608732
0.0763223937836161,3.90299369276608,2074.61230615308,0.0331928708317451
0.096275971717887,4.43008034640065,2066.8084042021,0.0572568850502092
0.099710904918229,4.85759838400825,2066.50825412706,0.0640299115498906
0.078285803874451,19.1787679790464,2094.42221110555,0.0433485281110141
0.0932627342393977,3.15409462760941,2064.10705352676,0.0471519382945306
0.099164886103664,12.345903576098,2076.4132066033,0.0767288023488682
0.0875785096522493,6.76406156642458,2075.51275637819,0.0508132504953704
0.0793633654101313,2.85998721049474,2068.75937968984,0.0326615724581819
0.0774614445841419,2.26510726072284,2066.35817908954,0.0284394605020426
0.0623033098016301,3.90299369276608,2084.66733366683,0.0218527951692334
0.0660360724102324,1.05015961695978,2058.70435217609,0.014140597059179
0.0881639480074365,1.74305193613896,2058.55427713857,0.0311210811432444
0.0800041084170577,9.33775684323017,2083.91695847924,0.0430024040825631
0.085517527076821,1.48779514022745,2057.2036018009,0.026621050568605
0.0952146784606524,3.52888015319671,2064.70735367684,0.051523198445056
0.0824815020766275,1.17494491051044,2054.65232616308,0.0209396506769216
0.0777747081429126,1.75311720834914,2062.45622811406,0.0253252192214761
0.09524096445059,3.19062650772569,2063.50675337669,0.0495764207001122
0.095310116249344,5.70741049859425,2069.95997999,0.0601440418242588
0.0736982742257281,1.8463608342542,2065.00750375188,0.0237397158616254
0.0979138376158912,6.59105201019205,2070.41020510255,0.0666024309354868
0.0817454808358256,3.34103457688672,2069.65982991496,0.036618949741079
0.0718365952099407,2.18189932872234,2068.60930465233,0.0243720499628626
0.0807714956793729,1.83048275359669,2061.85592796398,0.0276767576686823
0.0694883389166039,2.15071639511557,2069.65982991496,0.0228334905295702
0.0925748840693459,1.09966477838038,2051.05052526263,0.0225981946806396
0.091684202130196,8.99473757437633,2076.71335667834,0.0595558991688251
0.074938621019571,4.02857346483847,2075.96298149075,0.0320457489225604
0.0554398785957117,2.012917411563,2078.36418209105,0.0149290342382522
0.0709566132114804,1.09966477838038,2057.50375187594,0.0161764078180195
0.0822148691076946,3.71657187129828,2070.86043021511,0.0382023584856697
0.0714996752777889,4.23064516672908,2078.8144072036,0.0294603193479026
0.0978576038504265,1.2517695448338,2051.65082541271,0.0274585820942253
0.0754477417646292,2.69220128298041,2069.80990495248,0.0290173755382708
0.0891378655410322,1.59422875299434,2057.05352676338,0.0297561881360449
0.0921272747706017,3.01210229799636,2063.95697848924,0.0451612984144681
0.0923561375655806,2.2456281019818,2060.35517758879,0.0392907629687715
0.096628413417001,1.46653209822205,2053.90195097549,0.0313969195848177
0.0960309396989743,1.55793070570556,2054.8024012006,0.0326978570240667
0.0977254723235364,11.756216271046,2076.56328164082,0.0734588674516197
0.0675970872747572,2.42714808378022,2072.81140570285,0.0226327294589446
0.0837914224849457,3.19982540066046,2068.15907953977,0.0379516678169046
0.0892401496432043,2.0538945595859,2060.20510255128,0.0352754923615552
0.0878940150234393,1.37652687910296,2055.40270135068,0.0261118698493191
0.0905911925130654,3.06458444505318,2064.70735367684,0.04403465580999
0.0737428039558437,1.42902148939294,2060.95547773887,0.0205660145649797
0.080010609380253,2.10174801133249,2064.10705352676,0.029288661935441
0.0783140667884339,4.92802801770652,2076.71335667834,0.0368191623989705
0.0985290404872611,10.0635379267258,2074.61230615308,0.0731440047073191
0.0954054179473597,22.7949928263862,2084.81740870435,0.0727252793874328
0.0792292026250034,28.2073696994518,2098.62431215608,0.0452904109912354
0.0903801385262676,4.8997344482741,2070.41020510255,0.0509176799629129
0.0811248182406965,3.77045792255574,2071.46073036518,0.0375780729585234
0.081156462871896,3.0557743442915,2068.75937968984,0.0349958945300382
0.0810537047970256,4.21848286189654,2072.96148074037,0.0386771801170186
0.0915522076033798,5.6910027726913,2071.6108054027,0.0544118462393865
0.0959280524293717,1.47500060364494,2054.20210105053,0.0312133485353746
0.0848713756899874,5.22010717715947,2073.71185592796,0.0450017012478539
0.0725082078417738,1.98987000774274,2066.8084042021,0.0238608542175027
0.0963243148144801,2.50524216415549,2060.35517758879,0.0452109985654665
0.0581811886038891,1.8570226648111,2074.46223111556,0.0157922405023468
0.083347590229649,3.19062650772569,2068.30915457729,0.0375183972308811
0.0955974486025177,9.418754960271,2075.21260630315,0.0672028149268741
0.0803495057713425,4.91386086905364,2075.36268134067,0.0392806783384539
0.080933135523733,1.32596064017055,2057.05352676338,0.0224932896882883
0.0987272120261199,5.64206206761865,2068.45922961481,0.0653005568757643
0.0622480162017268,1.7230944249062,2070.11005502751,0.0172354199498075
0.0853478736545436,12.2045460501459,2083.76688344172,0.0518106245358817
0.0777664790188707,5.28056837192541,2077.91395697849,0.036876828102437
0.0881885905949554,1.28833114804146,2054.35217608804,0.0247818735125799
0.0976197152436238,3.50861959151272,2063.65682841421,0.0545702845362564
0.0727157965676152,2.69996316651677,2071.31065532766,0.0270899236371287
0.0953374522975579,3.63195145450856,2064.85742871436,0.0525315982703034
0.0951172576312011,1.68871705388817,2056.00300150075,0.0343634291642925
0.0981707201899314,8.32204495553973,2072.81140570285,0.0700332451923183
0.085182674467804,1.76324060258228,2059.6048024012,0.0297161287120452
0.0605896431149348,1.77853540743712,2071.91095547774,0.0166282456432108
0.0917502160001375,12.7431360287119,2080.46523261631,0.0628440307369209
0.0795130812731671,2.44116367657533,2066.35817908954,0.0310261430264823
0.09550646891295,2.87650223749675,2062.15607803902,0.0477687558323721
0.0677247863805553,1.74305193613896,2067.10855427714,0.0199619982285107
0.0902441938554715,1.23033252636976,2053.15157578789,0.0245097620630425
0.0568402144419782,2.69996316651677,2082.86643321661,0.0169807164650444
0.0966390470350589,7.81129753947542,2072.81140570285,0.0665756519435905
0.0762580202281969,4.61228334151361,2077.01350675338,0.0343772151325364
0.0465487535205624,2.04210241714683,2087.96898449225,0.0111377163211985
0.0739521201920812,1.31455782572457,2059.45472736368,0.0195764784418124
0.0987884790675297,1.21274904899342,2051.05052526263,0.0268665454262651
0.095516247451035,4.37935702804035,2066.95847923962,0.0561078265508897
0.080585338374374,5.01389279437678,2075.51275637819,0.039656110090654
0.0945140678500219,2.63848930932274,2061.55577788894,0.0447287149173664
0.0908345350917347,2.51246502599404,2062.15607803902,0.04063355441983
0.0759582328486188,1.1817296425721,2056.90345172586,0.0187856597302348
0.0969146761654391,1.1028352210931,2050.15007503752,0.0237450892423345
0.0845608351278228,2.27818714703702,2063.35667833917,0.0336557806877992
0.0806024961048496,1.05622377499757,2053.60180090045,0.0184186449715348
0.0977866296922055,4.0401882420282,2065.15757878939,0.0578310808191364
0.09715229681332,1.5850757161707,2054.8024012006,0.0336692577326043
0.0855656731860797,1.77853540743712,2059.6048024012,0.0300586154531002
0.0999657658435644,1.78366310156055,2055.40270135068,0.0386104043021643
0.0713516016357055,2.11997911696849,2068.30915457729,0.0239172860304847
0.0933333627772003,4.45566189315493,2068.00900450225,0.0535504425935857
0.0877704042964738,9.83440721077889,2079.71485742871,0.054463777119964
0.0616575635337252,3.19062650772569,2081.66583291646,0.0206067952955756
0.0775437717392772,1.83576021707557,2063.20660330165,0.0258518540962742
0.0645986255382657,7.50272113554967,2093.37168584292,0.0257267449909896
0.0739492413637943,3.1450272019994,2072.96148074037,0.0292430421820458
0.075344497856476,2.2008256876077,2066.95847923962,0.0266850609845199
0.0922939107585486,13.4209094274668,2080.76538269135,0.0640640988957449
0.0635910191046733,2.61579919085284,2076.71335667834,0.0207429687621479
0.0646263938629733,4.44285270778494,2084.81740870435,0.0240767958073984
0.0997397491008912,6.8227347852315,2069.95997999,0.0706632645521666
0.088006197240223,6.45955425993623,2074.7623811906,0.050926044783758
0.0866172820865972,1.11240149892777,2052.70135067534,0.0211538622487121
0.0997441249725373,13.1910713679069,2076.86343171586,0.0783472641425972
0.0907126894410179,14.9294397640879,2082.86643321661,0.0617104420243834
0.0990403278055468,2.48369792620856,2059.45472736368,0.0473149549135931
0.0836860075469601,7.6115020308696,2079.11455727864,0.046372694933898
0.0903552287568336,1.43314150019665,2055.25262631316,0.028020464613718
0.0665242966307571,1.13504676028852,2059.90495247624,0.0151506355649146
0.0976213378087293,1.54898606893921,2054.35217608804,0.0333150975300106
0.0851770981659046,4.55947384416678,2071.91095547774,0.0438490245392562
0.0691807777405857,1.28093437865255,2060.95547773887,0.0174435197682161
0.0903468979732112,1.52684850782001,2056.15307653827,0.0293933506812333
0.0806480743082354,1.37652687910296,2057.65382691346,0.0230415583616929
0.0871706419551202,3.51873529007318,2067.85892946473,0.0425805720103876
0.089460611656962,1.5896456468007,2056.90345172586,0.0298834986616105
0.0805954778024888,12.5972302899552,2087.36868434217,0.0449366006919186
0.0603037593837018,3.99392909131044,2086.91845922961,0.020532918031049
0.09109535308316,36.235961115318,2092.47123561781,0.0659126799709531
0.0593668284235315,1.68386231169735,2071.6108054027,0.0157611354656947
0.0853769841327388,1.52684850782001,2057.65382691346,0.0270000242017655
0.0890592248676017,2.77882351455518,2064.10705352676,0.0408301730656748
0.0777898281555965,1.1988633739507,2056.45322661331,0.0196792142841116
0.092608629611429,7.76645008964431,2074.61230615308,0.0596494940150473
0.0553189851979038,1.9841495077581,2078.06403201601,0.0148537037421606
0.031904779002752,1.25899790157518,2096.52326163082,0.00546031517760841
0.0868205730629314,7.92455244054436,2077.76388194097,0.0512147646635342
0.0864726487350461,1.05622377499757,2051.95097548774,0.020082827647754
0.0872804064054727,28.6163443734521,2092.47123561781,0.0581708129719765
0.0851305932455584,1.05622377499757,2052.4012006003,0.0196847387338922
0.0817863606933829,28.4520477169552,2096.67333666833,0.0487783854057253
0.0995544128749709,11.9266679922861,2075.81290645323,0.0776235238557139
0.0949528749786386,1.86774606222357,2057.35367683842,0.0367604760258296
0.0808644199208556,6.84240540686637,2079.41470735368,0.0421846937901196
0.0645611457092436,1.60343464412786,2067.40870435218,0.0177109513802906
0.0710439610783647,1.01158236655188,2056.00300150075,0.0151269837069915
0.0920108972597026,3.51873529007318,2065.75787893947,0.0480547430683244
0.0976075870262928,3.54925770971272,2063.80690345173,0.0547097597157857
0.0960370744536861,22.2119479273284,2084.06703351676,0.0747236396925757
0.0968348852667064,3.81412874828321,2064.85742871436,0.0554358517989776
0.0952150308632147,1.295770630155,2052.70135067534,0.0275135862414224
0.0876314296592577,1.1817296425721,2053.30165082541,0.0227399500879307
0.07517264899037,2.79486986091936,2070.56028014007,0.0291217456931922
0.0913804399581581,7.22711126890421,2074.31215607804,0.0572964028087639
0.0923596201017436,4.15819379664401,2067.55877938969,0.0514055092538846
0.067715734776806,1.80952418124502,2067.70885442721,0.0203408636360696
0.0715178363793588,1.36468921205103,2061.10555277639,0.0190441086800981
0.0869511038889457,1.40051115285914,2055.85292646323,0.0261089706837275
0.0822850121476733,2.33126636583218,2064.55727863932,0.0323781107307105
0.0752618640900456,4.8997344482741,2078.51425712856,0.0336639079981329
0.0731063470561762,6.42246765119551,2083.76688344172,0.0331660323005854
0.0944512271890399,3.07341994620988,2063.35667833917,0.047978438457292
0.0913732320695208,1.11560866287013,2051.65082541271,0.0225997170833144
0.094606124374172,10.5987906532703,2077.01350675338,0.0662718839264869
0.06412878405123,1.28833114804146,2063.50675337669,0.0156075779053075
0.0863995391055905,5.23515726431772,2072.96148074037,0.046961948980139
0.0911929889419133,10.9713498785374,2079.11455727864,0.0607121293955535
0.0710768831267737,4.49431145638251,2080.01500750375,0.0294245139895328
0.0799904589369811,1.33746236557711,2057.50375187594,0.0222855590693832
0.0880757674590049,5.52949756842363,2072.81140570285,0.0496409699714984
0.0696938508373157,1.30325307163827,2061.10555277639,0.0177760103045731
0.0836742885923752,3.84721348715026,2070.56028014007,0.0401822960862029
0.0907998523162752,3.66345594042931,2066.8084042021,0.0472049646198334
0.0953498253077716,18.7961333346796,2082.71635817909,0.0721477955604177
0.0954146464157443,8.86618796583124,2074.61230615308,0.0664477644996356
0.0945647836245788,23.1921673069706,2085.41770885443,0.0714862294335013
0.0760186772282383,1.6741946565908,2062.45622811406,0.023784096484761
0.0810057949839408,3.18145405986858,2069.35967983992,0.0353942344750596
0.046491210217028,1.36076598863131,2077.76388194097,0.00974908743016382
0.0603584255861209,1.35295334494457,2066.65832916458,0.0145694746729791
0.0844187064545056,2.66904925964653,2065.45772886443,0.0361213370574235
0.0976307723936685,6.55321042588835,2070.41020510255,0.0662988387498504
0.080633478217956,14.7585013912184,2089.31965982992,0.0456400409241446
0.0948052824908305,8.84069935203988,2074.91245622811,0.0650664074724514
0.0708213286785569,3.95958264771409,2078.36418209105,0.028345021331201
0.0490589048814349,1.40859841962076,2076.11305652826,0.0107397113154364
0.0805976701913047,15.8598865007128,2090.22011005503,0.0459313137717927
0.0626828049781402,1.46653209822205,2066.8084042021,0.0161691940472602
0.0800803968481235,1.28093437865255,2056.75337668834,0.0216014896616301
0.0847136828053665,1.95579274466099,2061.25562781391,0.0311960093376306
0.0989884331895449,2.60827926283097,2060.05502751376,0.0484778764257736
0.0547642499109583,1.66458250694606,2074.91245622811,0.01370426218604
0.0889504995024199,7.00182581890258,2075.21260630315,0.0531245354067479
0.0294672646792731,1.13831921276723,2097.72386193097,0.00473747189772295
0.0714232270128851,17.2408685151293,2099.22461230615,0.0342759579718002
0.0770132062913403,21.7062172818814,2097.12356178089,0.0418649570007975
0.0709648622620839,1.9841495077581,2067.55877938969,0.0229546529403525
0.0973155071581857,4.94223601165526,2067.55877938969,0.0608944651518937
0.097120755017494,7.31081832073186,2071.91095547774,0.0664004286454413
0.0724029158636064,1.38447564841702,2060.95547773887,0.0196249397305269
0.0915084898302815,1.18513668643434,2052.4012006003,0.024077012805583
0.0889231980869702,1.33361741419236,2054.65232616308,0.0258064508984834
0.0886132682746643,5.25025074237118,2071.91095547774,0.049857021323838
0.0929248124443802,4.0518365057735,2067.10855427714,0.0513687463935006
0.0845958952493969,5.67464221589759,2074.91245622811,0.045406757105886
0.0894950077291923,22.9927224875773,2088.4192096048,0.0617092050527329
0.0989960118622022,2.82724106811333,2060.95547773887,0.050602021902144
0.0854708949773421,11.1625120439526,2082.56628314157,0.0517281531115775
0.0906967830334158,7.4382002633935,2075.06253126563,0.0561762075818668
0.0707363425095364,4.39198314906283,2079.86493246623,0.0290741670371668
0.0830582604751247,11.5882005855279,2084.66733366683,0.0479585986312496
0.0971606729821069,2.68446171339143,2060.95547773887,0.0474715135740586
0.0757487406041059,1.0808326105459,2055.55277638819,0.0173946399717342
0.0868353516090881,2.44116367657533,2063.35667833917,0.0365722077916809
0.0704083799335075,1.71320152422168,2065.45772886443,0.0211417913880808
0.0916031284617476,1.25537852068667,2053.15157578789,0.0254095188865273
0.0879049167009094,5.87411217212038,2073.71185592796,0.0497624035851043
0.0755285460689721,1.86774606222357,2064.4072036018,0.024867150395678
0.0616599831724211,1.37256962462899,2066.20810405203,0.0151613769930522
0.0457375094474721,1.70336542221432,2084.3671835918,0.0103057877881782
0.084087224327027,1.63137250428789,2059.00450225113,0.027631399102221
0.0793118316788122,3.34103457688672,2070.86043021511,0.0343964949173018
0.0879727841978644,12.2045460501459,2082.11605802901,0.0561652361528866
0.0707641754916551,3.88058521159597,2078.06403201601,0.0282267997703044
0.099943024611762,5.79016143825715,2068.30915457729,0.0675020120040296
0.098069568744825,1.66458250694606,2055.10255127564,0.0355452839745736
0.0869907731150329,1.77853540743712,2059.15457728864,0.0308503010802541
0.0914573571755082,2.16313573014221,2060.20510255128,0.0378513982294708
0.0665937754684693,7.37423424898408,2091.12056028014,0.0275778252476289
0.0798048056146582,2.17562678075294,2064.70735367684,0.0295741434471426
0.0640849887897914,1.31455782572457,2063.95697848924,0.0157446769814147
0.0815300864059863,2.53425879720196,2066.05802901451,0.0329407623527401
0.0833562142410438,2.95200799512719,2067.25862931466,0.0365555489040501
0.0992049137808601,39.8474101492761,2088.26913456728,0.084624461034529
0.0827686273633132,11.1304219326752,2084.3671835918,0.0473254521903941
0.0826065232956804,1.59422875299434,2059.15457728864,0.0264205013105437
0.0907075037119323,1.82522046182733,2058.25412706353,0.033690822454245
0.0665496858058915,3.65292419736599,2080.16508254127,0.0245367276211266
0.0916712953618573,23.0590127888488,2087.06853426713,0.0658386552455075
0.0872462245001774,3.45847564108692,2067.55877938969,0.0425341820059049
0.087721152664023,2.76286929599819,2064.55727863932,0.0394811214844403
0.0973464538046165,2.12609122719942,2058.10405202601,0.0418943641018803
0.0891681197177129,26.4762037102107,2090.22011005503,0.0616325593247903
0.0922261119000811,11.6216105181022,2079.26463231616,0.0626292736462996
0.0512514978534625,1.15815301335288,2069.35967983992,0.0104822318835578
0.0992157407076063,4.760684680679,2066.50825412706,0.0627556294100419
0.0832185496339577,1.59882507273807,2059.00450225113,0.0267732621457383
0.088829536457277,16.9944681193122,2085.41770885443,0.0592597467392647
0.0963804079553024,6.80312071291408,2071.46073036518,0.0641453512847541
0.0952545722669432,1.65026765861521,2055.70285142571,0.0338185577477598
0.0705342494324691,3.66345594042931,2077.31365682841,0.0277193668123578
0.0782765073163755,20.4916955329151,2095.32266133067,0.0433805185690331
0.0876909013834106,13.4209094274668,2083.46673336668,0.0558808623326801
0.0926185180405554,5.08658851868221,2069.80990495248,0.054620375429719
0.0734209025247672,1.92229906736858,2065.75787893947,0.0240284921854032
0.0959496186935251,1.99560700049668,2057.80390195098,0.0392088601039459
0.07032532858338,1.5896456468007,2064.25712856428,0.0202887075200415
0.083110761361865,25.9479782891666,2094.42221110555,0.0509300104893621
0.0980092745212066,2.18818996107018,2058.25412706353,0.0431380482912295
0.0655835511009796,1.30325307163827,2063.05652826413,0.016225116002261
0.0980096200892593,1.11240149892777,2050.15007503752,0.0243157583137503
0.0478054495636407,1.017423759841,2068.75937968984,0.00882012052133539
0.0914559074833648,4.18220533158347,2068.00900450225,0.0502846463707213
0.0902400053764259,3.71657187129828,2067.10855427714,0.0470328467539782
0.0920050712837845,4.91386086905364,2069.65982991496,0.0533416446144693
0.0917920974994158,1.6741946565908,2056.90345172586,0.0322768105113605
0.0963715060417768,10.4172824260824,2075.96298149075,0.0694537923781063
0.0987393315120147,2.04210241714683,2057.35367683842,0.0416661411136262
0.0747205581166509,3.90299369276608,2075.51275637819,0.0318321437439795
0.0843171362531561,1.42902148939294,2057.05352676338,0.025244931066953
0.0738512192502774,1.34518555643637,2059.90495247624,0.0198167782225145
0.0747015274523795,1.34131840233837,2059.45472736368,0.0201531714820401
0.0912273309778065,4.15819379664401,2068.00900450225,0.0500146497494158
0.0610153400576704,1.14160110005127,2062.75637818909,0.0134404804565226
0.0808157054872353,17.0926028588123,2090.97048524262,0.0465695361617362
0.0732205155695395,2.6460963359074,2070.71035517759,0.0272736778289399
0.0998595713872718,9.50045567592029,2073.41170585293,0.0751870571743417
0.0834015760831755,13.3438551917019,2086.16808404202,0.0490837999637874
0.0981032648169278,6.38559396992509,2069.95997999,0.066583029147407
0.0996838466318956,3.11798102843626,2061.70585292646,0.0540862067752925
0.0931012325531487,1.7683242002651,2057.2036018009,0.034346784272063
0.0912330089731401,6.862132740856,2073.86193096548,0.0562485159832644
0.0732753006418095,4.30435891208667,2077.91395697849,0.0310840412319894
0.0879164043710751,2.42017049201696,2062.75637818909,0.0374530324125537
0.0974236045760361,4.27964604980107,2065.90795397699,0.058556585049074
0.0761815772013398,4.92802801770652,2077.91395697849,0.0348556638338399
0.0940195350643511,1.1481932879197,2051.35067533767,0.0240218890447492
0.0683151718221917,1.18855355314224,2060.05502751376,0.0162265628041032
0.0959524207280503,35.7180895734179,2089.1695847924,0.0760641548493453
0.0920567459963731,5.64206206761865,2071.16058029014,0.0555165041329327
0.0862008747605501,27.4068715821386,2092.77138569285,0.056082122278492
0.0665103092225913,10.9713498785374,2097.42371185593,0.0283249273300529
0.0783805479702021,22.598963573615,2096.52326163082,0.0436406164452956
0.0824787147916029,21.6438160118766,2092.77138569285,0.049147696530895
0.0405074675336036,2.12609122719942,2097.72386193097,0.00897186677442513
0.0636315300479171,1.43314150019665,2065.90795397699,0.0163194697610817
0.0876111484428588,2.81100886708374,2064.85742871436,0.0396248687186448
0.0892916666695817,3.21830282695794,2065.75787893947,0.0436711220587779
0.0847277312617255,1.62200621191813,2058.70435217609,0.0278170709314544
0.0931992670571612,2.01872085226992,2058.85442721361,0.0374511871108616
0.0697933017375201,2.35148837301477,2070.86043021511,0.0238742551270733
0.0990259700231858,7.58962040187813,2071.46073036518,0.0704882422755205
0.0814651009475571,6.96162583541039,2079.26463231616,0.0430583898263183
0.0935399743584203,1.27725193454067,2052.85142571286,0.0265666169645165
0.0600563913263295,1.19198027101602,2064.25712856428,0.013436192228438
0.070618684791319,1.4455729400936,2062.45622811406,0.0193858713698713
0.0926098660136628,2.31788173275986,2060.65532766383,0.0402372612789811
0.0805862769588682,2.51246502599404,2066.35817908954,0.0320849928003767
0.0466991296151019,1.29950646550457,2076.26313156578,0.00964884874580522
0.0974276319419395,2.60078095318014,2060.50525262631,0.0469839673399799
0.0920498049970068,2.92662172166501,2063.65682841421,0.0445551693571761
0.0601330806189379,1.34518555643637,2066.65832916458,0.0144539065380524
0.0707021344113736,2.23273514877728,2069.50975487744,0.0240047322756035
0.0939273164360462,15.8142923261533,2081.66583291646,0.0681649222639486
0.0989634484799805,1.77853540743712,2055.70285142571,0.0378938508630151
0.0761841202083811,14.3396692667093,2092.47123561781,0.0394472652544815
0.0984891105017973,2.18818996107018,2058.10405202601,0.0435155320153775
0.0899036011111841,1.11882507338448,2051.95097548774,0.0222420848652442
0.0798190287661954,9.47314366240347,2084.21710855428,0.0428534596811049
0.0977603538295752,3.35066711121492,2063.20660330165,0.0534458639729777
0.0747223678307659,2.38558227120577,2068.45922961481,0.0271627159486288
0.0710132057452035,1.07153781450759,2057.05352676338,0.0158608784070585
0.08373673847903,1.67902152597229,2059.45472736368,0.0280052244394783
0.0693698127278338,9.31091255809072,2092.17108554277,0.0308027441788027
0.0962983158465951,3.34103457688672,2063.65682841421,0.0517851138291784
0.0958540760304835,1.7683242002651,2056.45322661331,0.0358892266902621
0.084907226569192,3.55949057200184,2068.90945472736,0.0406327835735139
0.0963833876960917,9.50045567592029,2074.91245622811,0.0688706738237811
0.0905228081757425,2.04210241714683,2059.75487743872,0.0359617765804181
0.0818073587346006,5.10125365829453,2075.06253126563,0.04115648726144
0.089323824941545,2.54889290196729,2062.90645322661,0.0395325993515742
0.0996420614431984,1.1817296425721,2050.45022511256,0.0264322013892868
0.0902315145221266,1.83048275359669,2058.55427713857,0.0333190685936303
0.0726389400498858,8.08587329578959,2087.36868434217,0.033704334091532
0.0917519047480537,1.02035709353375,2050.30015007504,0.0205932842783904
0.0971578402567465,1.69358579278262,2055.55277638819,0.0355771707113856
0.0949686212687233,8.96887940476934,2075.06253126563,0.0651264963379059
0.0715904161026506,2.35826794741131,2069.95997999,0.0249609115407659
0.0881290097329905,1.55345194953386,2057.05352676338,0.0286647416365111
0.0864315291252289,6.22226476776323,2075.06253126563,0.0486456933025027
0.0806101359159924,2.67674439360146,2067.25862931466,0.0328578718869348
0.0980423684526231,2.02454102487246,2057.35367683842,0.0410262115397928
0.0936625691032495,7.99329205722658,2074.31215607804,0.0621678432893219
0.0968474781215238,3.72728711692345,2064.70735367684,0.0546339456980112
0.0804754104548717,1.94456383978917,2062.75637818909,0.0284537846160182
0.0993773593778303,7.76645008964431,2071.46073036518,0.0719804281729502
0.0689872102495664,2.54889290196729,2072.66133066533,0.0239685531950998
0.078390399291154,3.24621921773864,2070.86043021511,0.0334385776724444
0.0633057920610586,2.2008256876077,2073.86193096548,0.019490618255395
0.0863063899150909,6.7058929175172,2076.11305652826,0.0488643961771835
0.0925311781525426,17.5412692675873,2083.6168084042,0.0658384675316331
0.0861805073450223,1.65979714701382,2058.55427713857,0.0290313285838317
0.0727438766180869,1.33361741419236,2060.20510255128,0.0192437396943872
0.0741119931711076,2.72338334507132,2070.71035517759,0.0281343555444382
0.0685747055130156,1.33361741419236,2062.0060030015,0.0176407081195526
0.0821455416902726,4.06351835261943,2071.91095547774,0.0393970865164351
0.0712780562376658,1.77342245446464,2065.60780390195,0.0219475380843827
0.0917992262096246,14.8865204479472,2082.26613306653,0.0633594829257374
0.0476918701372908,1.01449885892793,2068.75937968984,0.00876403068492483
0.0999973674274381,3.56975293664868,2063.05652826413,0.057850868412889
0.0979489385300288,8.66431899975565,2073.26163081541,0.0705268373415954
0.0930786354272383,1.7683242002651,2057.2036018009,0.0343622694340207
0.0502818166000694,2.00136053357019,2083.16658329165,0.0126268919056194
0.0923267782687906,7.69966123740149,2074.61230615308,0.0592775842050675
0.0964934664704614,1.23743709481674,2051.80090045023,0.0266908267742344
0.0890548830704969,4.81582467568853,2070.71035517759,0.0492924617750383
0.079413356278833,5.25025074237118,2076.86343171586,0.0385706672910627
0.086503719440189,2.41321295951054,2063.35667833917,0.0360721884158251
0.0583862399630679,3.68461060628057,2087.21860930465,0.0190881249502075
0.0882416580060564,4.63891702142887,2070.71035517759,0.0475849607754033
0.070075508513256,3.84721348715026,2078.36418209105,0.0276590292695308
0.0938519963614825,2.03037797761035,2058.70435217609,0.038083559592487
0.0817198005059158,1.24100474879353,2055.70285142571,0.0216620445315799
0.0883029664721704,5.82359678794962,2073.41170585293,0.0502218992485491
0.0835447603565131,10.4774371358388,2083.01650825413,0.0485113650646714
0.0652308695828258,1.09650345009091,2059.90495247624,0.0143283528856671
0.0870889707991898,4.31676880609627,2070.26013006503,0.0456294391280604
0.0980614065490117,1.65979714701382,2055.10255127564,0.0354408725583969
0.0899496630720498,2.39935784176774,2062.0060030015,0.0387766023574455
0.0894934840273763,1.1028352210931,2051.80090045023,0.0217987013916549
0.0699422933291831,2.49085867387056,2071.76088044022,0.0243516284003921
0.0945020274083742,3.4784466459882,2064.70735367684,0.0505994330220351
0.094798259431115,10.2980071327174,2076.56328164082,0.0665835262557122
0.0910427519920209,1.98987000774274,2059.30465232616,0.0357174615590215
0.0881726412994383,4.40464567244553,2070.11005502751,0.0468616329726804
0.0892443355886907,3.74881037659201,2067.70885442721,0.0458901834996646
0.095233034815705,5.41917883794353,2069.35967983992,0.0595078404120885
0.0954232614979205,1.86237664548846,2057.2036018009,0.0369699967338479
0.075800856590364,1.10920355497526,2055.85292646323,0.017803868222256
0.0835695437532344,1.18855355314224,2054.50225112556,0.0215030702425802
0.0890454249584592,7.4811522310616,2075.96298149075,0.0537457976562618
0.0784313977851098,7.20633469066447,2081.66583291646,0.0394995646554062
0.0699254140554424,1.62200621191813,2064.70735367684,0.0203507692403872
0.0642593149052376,1.09335121002246,2060.35517758879,0.0140097084971531
0.0972222492040379,4.760684680679,2067.25862931466,0.0597886886628503
0.0788612746442391,1.14489244934213,2055.40270135068,0.0193023564095037
0.0639321508903371,1.43314150019665,2065.75787893947,0.0164337786463076
0.0494635118187837,1.69358579278262,2080.16508254127,0.0116521848945899
0.080140649106254,3.63195145450856,2071.46073036518,0.0362472791716259
0.0815463846431524,3.22758151346831,2069.2096048024,0.0361955718442509
0.0889686519534706,5.37257572706184,2072.06103051526,0.0504455374777215
0.0937734164960506,10.327697309498,2077.1635817909,0.0644415079874533
0.0451795061703616,1.08394875824941,2072.81140570285,0.00842702761525702
0.0922009904871665,1.76324060258228,2057.35367683842,0.0338271049365131
0.0704459720798327,1.97844545312916,2067.70885442721,0.0226769072720862
0.0858261187782886,2.11388457789867,2061.85592796398,0.0333291453032785
