0.0592193367284486,1.00577451078852,2082.56628314157,0.0011618525458254
0.0968399681679349,1.00577451078852,2062.15607803902,0.0103977699024061
0.0973533503584554,1.00577451078852,2062.0060030015,0.0051915688617547
0.0961450253418651,2.56361151152847,2072.66133066533,0.0221517136290926
0.092416197267016,1.00288309926358,2063.65682841421,0.00637807869913047
0.0812986596603599,1.00577451078852,2068.30915457729,0.0104033895251497
0.0963543183753613,1.00288309926358,2062.30615307654,0.00865517299598553
0.0940593922981796,1.3686237465133,2066.65832916458,0.017826742262336
0.0710861639371996,1.13178371549186,2075.51275637819,0.0093473079093226
0.07819661175205,1.00577451078852,2069.80990495248,0.00865514916445928
0.095519984395452,3.4784466459882,2076.26313156578,0.0228538626357293
0.0788965109334102,1.47076025583445,2074.61230615308,0.0123821594898377
0.050102758063981,1.00288309926358,2092.02101050525,0.00156064530497238
0.0779218013784125,2.15071639511557,2080.31515757879,0.0129345065514955
0.0963769562664473,1.00288309926358,2062.30615307654,0.00410129908788623
0.09633622826849,22.5339958268413,2095.47273636818,0.0264550165043134
0.0925474297446829,1.00577451078852,2063.65682841421,0.0079108765389752
0.0688671188629104,2.53425879720196,2089.31965982992,0.0100628725336133
0.0773336433541339,1.00577451078852,2070.26013006503,0.00119667629677371
0.0996521244964197,1.00577451078852,2061.25562781391,0.0178005493922783
0.0797419418240352,1.00577451078852,2069.05952976488,0.00295960808799017
0.083557289858809,1.09650345009091,2068.30915457729,0.0129030035912578
0.0881825234827159,1.00577451078852,2065.30765382691,0.00788783051965241
0.0820061632201877,4.32921447906216,2086.46823411706,0.0160213661907143
0.048827244471719,1.00288309926358,2093.67183591796,0.0037433387910036
0.088236298687608,1.00577451078852,2065.30765382691,0.00601901295937078
0.0867728005949704,1.00577451078852,2065.90795397699,0.00333645172679399
0.0659849618336559,1.00577451078852,2077.1635817909,0.00225593479487797
0.0912444498923753,1.00288309926358,2064.10705352676,0.00625846156952619
0.0541777683221272,1.00867425853989,2087.51875937969,0.00392462264895106
0.0802226861489024,1.00288309926358,2068.75937968984,0.00949487021517426
0.0947845531697937,1.16484078042324,2064.55727863932,0.0171097441603953
0.0960521086206822,4.3542135747773,2078.36418209105,0.0239257669842547
0.0839074636178163,1.00577451078852,2067.10855427714,0.00814879988658638
0.0684203927460807,1.00577451078852,2075.51275637819,0.00751121204674449
0.0758550147092803,1.00288309926358,2071.01050525263,0.00883071540144936
0.0945101405799898,1.02920793476607,2063.20660330165,0.0161820926300383
0.0628340234078275,1.34131840233837,2084.3671835918,0.00757868323150717
0.0981773540520477,1.00288309926358,2061.70585292646,0.0164251094299002
0.0711221986779173,1.4455729400936,2079.26463231616,0.00984915239625127
0.0921958144875315,1.25537852068667,2066.35817908954,0.0166288701219804
0.0801146550908148,3.27437776251048,2084.3671835918,0.0145873837870474
0.0913348504500685,1.00577451078852,2064.10705352676,0.0130972771481626
0.090183025389771,1.52684850782001,2069.50975487744,0.0167800021728124
0.0728871249101315,1.00288309926358,2072.66133066533,0.00329245741188334
0.0531929927031454,1.00867425853989,2088.56928464232,0.00440504234967905
0.0914250014260626,2.02454102487246,2072.21110555278,0.0185993152306128
0.0648879983580303,1.00288309926358,2077.91395697849,0.00576121457384723
0.0873498075081591,1.84105289600553,2072.96148074037,0.0164383630534516
0.0897860739768491,1.37256962462899,2068.30915457729,0.0162242510303383
0.0540911249661002,1.01158236655188,2087.66883441721,0.00416344794703845
0.0523979537087745,1.00867425853989,2089.46973486743,0.00391224947491165
0.0836333698473662,2.11997911696849,2076.71335667834,0.0151887985387039
0.0835792382871358,1.00577451078852,2067.25862931466,0.00371890402396831
0.0975677099287476,1.15815301335288,2063.50675337669,0.0181529978483733
0.0684092343441121,1.00577451078852,2075.51275637819,0.0075325904716668
0.0842782415861841,1.00577451078852,2066.95847923962,0.00717852855977487
0.0691173901876337,1.00577451078852,2075.06253126563,0.00662177472342173
0.0956467418299954,16.7998856852757,2092.77138569285,0.0259313653725669
0.0928298835852907,1.00288309926358,2063.50675337669,0.0077273100399602
0.0764072285965297,1.00288309926358,2070.71035517759,0.0017749632048153
0.0948463285849241,6.78356302734552,2083.6168084042,0.0243231786789832
0.0475969693884996,1.00288309926358,2095.32266133067,0.00170783832689454
0.0699704966425983,1.00288309926358,2074.46223111556,0.00220970021174098
0.0699875122062328,1.52245910708953,2080.76538269135,0.00966545652117617
0.0984397059749755,28.4520477169552,2096.3731865933,0.0285173500637862
0.0757223913040838,3.13598584352336,2086.91845922961,0.0127165295405758
0.0835984503433578,1.00577451078852,2067.25862931466,0.00369144767644607
0.0634920625597898,1.65979714701382,2087.36868434217,0.0080171647682604
0.0726354381971447,1.00288309926358,2072.81140570285,0.00870367639598858
0.0574428467584587,1.05318733137807,2084.96748374187,0.00606370835630506
0.0887834438743766,2.2071708865269,2074.46223111556,0.0176648339922885
0.0949260362093549,14.298445429222,2091.5707853927,0.0251780189685449
0.0704627348872794,1.00577451078852,2074.16208104052,0.00489723164997225
0.0793143755747748,1.00288309926358,2069.2096048024,0.00404909049329982
0.0806265365284667,1.00577451078852,2068.60930465233,0.0111142041566479
0.0925681907844444,1.00577451078852,2063.65682841421,0.00205201531748448
0.0715026918965188,1.35295334494457,2077.91395697849,0.00987605633162451
0.0950656701798461,1.00577451078852,2062.75637818909,0.0113265920023768
0.0695808638523221,1.00577451078852,2074.7623811906,0.00167556183913246
0.0474542730972817,1.00288309926358,2095.47273636818,0.00121935359749117
0.0849625137167694,1.00577451078852,2066.65832916458,0.00684776744566822
0.0586665403411969,1.00288309926358,2083.01650825413,0.00419130634566371
0.0945846523310429,1.00288309926358,2062.90645322661,0.0149906451239668
0.0590244499474087,1.00577451078852,2082.71635817909,0.00119925876237949
0.0994334161708767,1.21274904899342,2063.35667833917,0.0193102532773163
0.0898993858830719,1.66458250694606,2070.56028014007,0.0171594096687155
0.0827662686298611,2.16313573014221,2077.31365682841,0.0150189761436825
0.0954373520664817,1.00288309926358,2062.60630315158,0.00820611506758691
0.0875782430831865,1.62668261683323,2071.31065532766,0.0161053723686891
0.0990884938268354,3.75961856902805,2075.36268134067,0.0255523414941504
0.084302543420754,1.08394875824941,2067.85892946473,0.0130649224078986
0.0810966726950078,1.75817161928149,2075.66283141571,0.0137344279569326
0.089111251413746,4.53329627591397,2082.56628314157,0.019750336607825
0.0990955185137948,1.00288309926358,2061.40570285143,0.0100017789656532
0.0531571046689197,1.00577451078852,2088.56928464232,0.00321065385091645
0.0821212844969757,4.3542135747773,2086.46823411706,0.0160752712772915
0.0860660366548633,1.295770630155,2069.35967983992,0.0144354396853277
0.0764776262795862,1.42081696649143,2075.51275637819,0.0114937123868817
0.0663363806654425,1.00288309926358,2076.86343171586,0.00563132128752694
0.090167690469279,8.15601225127809,2088.56928464232,0.02125971174625
0.0792126176802307,1.41673238639154,2073.86193096548,0.0124216888912717
0.0622081329182598,1.00577451078852,2080.01500750375,0.00352115432710898
0.0860370107118637,3.62151028088471,2081.81590795398,0.0175909403130679
0.0867698339806735,1.00577451078852,2065.90795397699,0.00624896561696815
0.0755795513510444,1.00288309926358,2071.16058029014,0.00738980897298621
0.0764057488417831,1.77342245446464,2078.66433216608,0.0119779713849093
0.0940964607065092,1.00288309926358,2063.05652826413,0.00613346526164377
0.0985958481016874,6.27623830106248,2080.91545772886,0.0265860188088514
0.087304493501548,2.23273514877728,2075.36268134067,0.0169864631642941
0.090863752405087,1.00288309926358,2064.25712856428,0.0115565584447916
0.0989576135906483,3.97099851752979,2075.96298149075,0.0256968906502519
0.0999542458087934,4.71974439753259,2077.31365682841,0.026876096608807
0.0787561370642761,1.66458250694606,2076.26313156578,0.012741358872761
0.0836383635016904,1.97275779657863,2075.81290645323,0.0149885685073205
0.0497549851357982,1.00288309926358,2092.47123561781,0.00134828025276273
0.0785283298021102,1.00577451078852,2069.65982991496,0.00656108834085568
0.0799516482894049,1.14160110005127,2070.56028014007,0.0119425312979603
0.0756738503400905,1.00577451078852,2071.16058029014,0.00936115914263786
0.0736528136783879,1.00288309926358,2072.21110555278,0.00578505399575876
0.080323934661935,2.50524216415549,2080.76538269135,0.0142200127946513
0.0647079316536651,1.00288309926358,2078.06403201601,0.00208211958449673
0.0901428111265994,1.00577451078852,2064.55727863932,0.00298808364267808
0.0819064250931591,1.00577451078852,2068.00900450225,0.0100944424155577
0.0818515777702557,1.00288309926358,2068.00900450225,0.00867231762336607
0.0948707325613632,2.23917234584048,2071.76088044022,0.0208325659172774
0.0774218316793167,2.15691712397049,2080.61530765383,0.0128046556798665
0.0973538672577953,2.96905439714284,2073.71185592796,0.0234281309921816
0.0880237262576724,3.08228092099346,2078.66433216608,0.0183994695809401
0.0803738769929202,1.00577451078852,2068.75937968984,0.00795524229932479
0.0967980400494311,1.00288309926358,2062.15607803902,0.00747509044516878
0.0782289347760509,1.00577451078852,2069.80990495248,0.00794771493296956
0.0705965422697788,2.38558227120577,2087.06853426713,0.010495287637406
0.0648871452361195,1.00288309926358,2077.91395697849,0.00243140217837225
0.0690015857444123,1.00288309926358,2075.06253126563,0.00614508642352782
0.0750630272222822,1.00577451078852,2071.46073036518,0.00138855710329849
0.0462149499426546,1.00288309926358,2097.27363681841,0.00181769745916668
0.0658604752479621,2.49804006667886,2091.87093546773,0.00907733669004377
0.0782301188194677,1.00577451078852,2069.80990495248,0.00117585150382937
0.088400000972385,2.07768351923393,2073.86193096548,0.0173713809698764
0.0716982137872784,5.40359972355987,2097.72386193097,0.0117694619629391
0.0849181047656666,3.61109912366059,2082.41620810405,0.0170823485715075
0.0602487279882368,1.00577451078852,2081.66583291646,0.00463557981287204
0.0768290829131745,3.6424227310724,2087.96898449225,0.0134669328395705
0.0942157785506392,1.00577451078852,2063.05652826413,0.00280195871106056
0.0766583258480753,1.00288309926358,2070.56028014007,0.00688741642731735
0.0904950437818819,1.00577451078852,2064.4072036018,0.00332244020534055
0.0564902387516143,1.00577451078852,2085.11755877939,0.00400331688365787
0.0732432076255428,1.00577451078852,2072.51125562781,0.00480475254384237
0.0776751754480705,4.69264665877481,2090.67033516758,0.0141192597297296
0.0955804973840322,1.72806227717372,2068.60930465233,0.0199271185249651
0.0997302944445983,1.91126246166401,2068.00900450225,0.0227694418863344
0.0831801532249685,1.00288309926358,2067.40870435218,0.00121237318235403
0.0987493817706373,1.00577451078852,2061.55577788894,0.00485182889873956
0.0821882296500224,1.00288309926358,2067.85892946473,0.010065294957443
0.0945458525696081,1.00288309926358,2062.90645322661,0.0106960246251427
0.0805362832074897,1.00288309926358,2068.60930465233,0.00300798792890056
0.0896823505838028,1.00288309926358,2064.70735367684,0.00454238892612155
0.0909104409015526,1.00577451078852,2064.25712856428,0.0126760166918918
0.0663343863472446,1.00288309926358,2076.86343171586,0.00364521211926333
0.094569490914496,1.00288309926358,2062.90645322661,0.00973203011377129
0.0985914475286006,1.00288309926358,2061.55577788894,0.00872660384500558
0.0708980210590185,1.38846722913941,2078.8144072036,0.00970780013970783
0.0989472036081958,1.7683242002651,2067.55877938969,0.021736650825749
0.0790148248494935,1.00288309926358,2069.35967983992,0.0105802170850189
0.0470434162066781,1.00288309926358,2096.07303651826,0.00112937329322279
0.0996540500167183,1.00577451078852,2061.25562781391,0.0175866615194394
0.0858892004209459,3.22758151346831,2080.46523261631,0.0173586971767467
0.0756561740954182,1.00577451078852,2071.16058029014,0.00408380942553475
0.0661344771400698,1.00288309926358,2077.01350675338,0.00229541909232481
0.0790229501141738,1.00288309926358,2069.35967983992,0.00695193338822299
0.0941030445806443,1.00288309926358,2063.05652826413,0.00377198950040257
0.0795245560468862,1.26991877487462,2072.21110555278,0.0121794903169157
0.0915727890938693,16.3701822092467,2095.32266133067,0.022839551109461
0.0905002980010654,1.51808232505612,2069.2096048024,0.0169958992281148
0.0925744449174505,1.2517695448338,2066.20810405203,0.0167236332211126
0.0942424594020793,5.01389279437678,2080.76538269135,0.0231801536685511
0.0849836787102366,1.00577451078852,2066.65832916458,0.00465878403061687
0.0774839988424572,1.65502554408647,2077.01350675338,0.0122186487067916
0.0851698459430317,3.6740180475533,2082.41620810405,0.0173079931253656
0.0981216219190503,1.00288309926358,2061.70585292646,0.0108670255585075
0.0657524399660002,1.00288309926358,2077.31365682841,0.00434556270611146
0.0975460496571806,1.07772542117776,2062.60630315158,0.0176899835265885
0.0958757010741589,1.00288309926358,2062.45622811406,0.0109764344523982
0.0506206522320169,1.00288309926358,2091.42071035518,0.00310638055531109
0.0743540511966559,1.8463608342542,2080.46523261631,0.0114367294772661
0.0870564062805659,1.00288309926358,2065.75787893947,0.0133737571223215
0.055340270719854,1.00867425853989,2086.31815907954,0.00483178365642613
0.088934385104654,3.31230280598519,2079.11455727864,0.0188997415752031
0.0707601174764604,3.0557743442915,2090.52026013007,0.0108610219931566
0.0977321500466401,1.23033252636976,2064.10705352676,0.0186976716014103
0.0762369542992148,8.49145760309168,2099.82491245623,0.0138097280175308
0.0815213941600425,3.22758151346831,2083.16658329165,0.0152830962821839
0.0590415308420204,1.00577451078852,2082.71635817909,0.00185596899816556
0.0904269426340241,1.77853540743712,2071.16058029014,0.0176014028231629
0.0930470113170183,6.72522667244931,2084.66733366683,0.0228555138143877
0.0986298613273549,1.00288309926358,2061.55577788894,0.00396396692376585
0.0809302085558693,1.00288309926358,2068.45922961481,0.00910986265839175
0.0603856635285259,1.00288309926358,2081.51575787894,0.0039859950788273
0.0945468742486112,1.01158236655188,2062.90645322661,0.0161448907789341
0.0637773919136047,1.00577451078852,2078.8144072036,0.0069627980929379
0.086417693195901,1.81474121907939,2073.26163081541,0.0159618276793036
0.0701617846925238,1.00288309926358,2074.31215607804,0.00496227994203538
0.0700238379886749,1.57597523020146,2081.2156078039,0.00976303918042937
0.0805980783721759,1.00288309926358,2068.60930465233,0.00411363782552509
0.0922340513163716,2.62334079957365,2074.7623811906,0.0199831016041451
0.0602456431260048,1.00577451078852,2081.66583291646,0.00266846050267377
0.0638981292471585,1.00288309926358,2078.66433216608,0.0016166234285411
0.0909685891458173,1.00577451078852,2064.25712856428,0.0119648858382988
0.0894237676660268,1.52684850782001,2069.80990495248,0.0165084422342965
0.0697851913976246,1.00577451078852,2074.61230615308,0.00714932915161066
0.0745002766575227,2.90145376159538,2086.7683841921,0.0121449418557568
0.0707298820415457,1.00577451078852,2074.012006003,0.00263846338432107
0.0605728138839379,1.00577451078852,2081.36568284142,0.00132857149012701
0.0563830497290415,1.18513668643434,2088.26913456728,0.00598939524437361
0.0955823678438463,1.97844545312916,2070.11005502751,0.020613941020578
0.0873388370285907,1.00288309926358,2065.60780390195,0.00929872923304211
0.0976799468114842,1.15482354244809,2063.35667833917,0.0182595183623763
0.0997165193117454,12.4529951356256,2087.21860930465,0.0288269664563417
0.0843966555957003,1.52684850782001,2072.21110555278,0.0144600693661105
0.0897611535156346,1.52684850782001,2069.65982991496,0.0166348382314732
0.0938000464738499,1.00577451078852,2063.20660330165,0.00853512393045787
0.0908079116356269,1.00288309926358,2064.25712856428,0.0111690452891493
0.0634025674347498,1.00577451078852,2079.11455727864,0.00650183751887793
0.0658049548720126,1.00577451078852,2077.31365682841,0.00546352095567451
0.0748148150816181,1.00577451078852,2071.6108054027,0.00921395384462473
0.0605850441005597,1.00577451078852,2081.36568284142,0.0049306723658212
0.0877339778550279,1.00288309926358,2065.45772886443,0.0072162255106146
0.0639626993310533,1.00577451078852,2078.66433216608,0.00185039925808315
0.087748140064025,1.70827639380871,2071.91095547774,0.0162847608366742
0.0917246982868092,1.00577451078852,2063.95697848924,0.0113984031455643
0.0863838303812454,1.00577451078852,2066.05802901451,0.00498083961395
0.0988271447305292,11.4885459675579,2086.91845922961,0.027971543366389
0.0695436573774443,1.00577451078852,2074.7623811906,0.00225802161475862
0.0944702077898658,1.0808326105459,2063.80690345173,0.0164876916931512
0.0855727678647702,1.00288309926358,2066.35817908954,0.0123163731720752
0.0806563073740605,1.00577451078852,2068.60930465233,0.0111028042028597
0.0959210446672405,1.441417191251,2066.50825412706,0.018970569046623
0.0735355678823995,1.00577451078852,2072.3611805903,0.00598330399995571
0.0597078860056957,1.00577451078852,2082.11605802901,0.00535932374035574
0.0870739216955435,1.00577451078852,2065.75787893947,0.00574321662309256
0.0647771887571491,1.00577451078852,2078.06403201601,0.00347491743928191
0.0867757266288927,1.00577451078852,2065.90795397699,0.00431305032855263
0.0913919930396149,3.4784466459882,2078.21410705353,0.0206019905399211
0.094209523796494,1.00577451078852,2063.05652826413,0.00821762699587904
0.0786167243909843,4.52026390637434,2089.46973486743,0.0144855073254199
0.0618450311346901,1.00577451078852,2080.31515757879,0.00416601295457666
0.0772896553877545,1.00288309926358,2070.26013006503,0.00428037495368785
0.068098105538319,1.00288309926358,2075.66283141571,0.00412887694691121
0.0488360064611702,1.00288309926358,2093.67183591796,0.00130056699357729
0.0724963518716099,1.00577451078852,2072.96148074037,0.00586700354434484
0.0915798939859002,10.7215497316231,2090.67033516758,0.0224949854709481
0.0624223271562658,1.00577451078852,2079.86493246623,0.00270014167814376
0.0747489477336398,1.00288309926358,2071.6108054027,0.00620614481654793
0.0981788701578388,1.36076598863131,2065.00750375188,0.0196288774383641
0.0615934344937035,1.00288309926358,2080.46523261631,0.00552389087326709
0.0612422364956439,1.00288309926358,2080.76538269135,0.00495545768500142
0.0853350800978693,1.00577451078852,2066.50825412706,0.00184639917358168
0.0771955499645381,3.43861929685961,2087.06853426713,0.0134185057584456
0.0658234032469994,1.00577451078852,2077.31365682841,0.00494894773714864
0.0618448110689219,1.00577451078852,2080.31515757879,0.00172868106246242
0.0829565294507145,1.00577451078852,2067.55877938969,0.00119790409468392
0.0576423912233131,1.0232988843187,2084.21710855428,0.00606858126416297
0.0872883130664624,1.95017021036364,2073.71185592796,0.0165887244725434
0.057217361085668,1.00288309926358,2084.3671835918,0.00429990441608086
0.0739367816750353,1.00288309926358,2072.06103051526,0.00446211050805589
0.0865321603637159,1.28093437865255,2068.90945472736,0.0146300142258918
0.0920482681607068,1.00288309926358,2063.80690345173,0.00270461329580807
0.0626246757336988,1.00577451078852,2079.71485742871,0.00194081784066635
0.0844958956103437,1.00288309926358,2066.8084042021,0.00372972525461721
0.0843916581138489,1.90576794350953,2074.91245622811,0.0152632168292709
0.0917292174856255,1.00577451078852,2063.95697848924,0.0133830559250719
0.0824556905703012,2.83539228475476,2080.91545772886,0.0154898579036486
0.0977352533202482,1.25899790157518,2064.25712856428,0.0189500395357384
0.0995694383016777,1.11882507338448,2062.45622811406,0.0186870498421089
0.082203541278786,1.00288309926358,2067.85892946473,0.00592315373631396
0.0755977481246237,1.00288309926358,2071.16058029014,0.00754869679904339
0.0489131012380958,1.00288309926358,2093.52176088044,0.00308856046118371
0.0774243756161208,1.3490638599235,2074.31215607804,0.0116095281068283
0.0951692490824934,3.33142973427318,2075.96298149075,0.0225017049247596
0.0787305991297385,1.00288309926358,2069.50975487744,0.00294263549175473
0.0566061040210646,1.01158236655188,2085.11755877939,0.00134766308378549
0.0941481177560247,1.00288309926358,2063.05652826413,0.00381595769337712
0.073456972760151,1.78880557933512,2080.76538269135,0.0109699802174015
0.0995932952699732,1.00288309926358,2061.25562781391,0.00993285337298394
0.0967483116974543,1.75817161928149,2068.30915457729,0.0206411201242083
0.0622172649828441,2.27818714703702,2093.971985993,0.00795868290704533
0.0530627025612577,1.00867425853989,2088.71935967984,0.0037300092794841
0.089230407434128,1.00288309926358,2064.85742871436,0.0035367479587772
0.0972032496532563,1.15482354244809,2063.50675337669,0.0180682826133502
0.0860038656835103,1.00577451078852,2066.20810405203,0.0069948119500148
0.0653792587417765,1.75817161928149,2086.61830915458,0.00860248184259573
0.0889463574403387,1.00577451078852,2065.00750375188,0.00535183249609269
0.0806367184554721,1.00577451078852,2068.60930465233,0.0103095609799122
0.083257923413884,1.00577451078852,2067.40870435218,0.00545840380713552
0.0908599723462108,1.00288309926358,2064.25712856428,0.0028161423750111
0.0761460332887013,1.00288309926358,2070.86043021511,0.00448464434863602
0.0958692507824092,1.97275779657863,2069.95997999,0.0207534110770056
0.0588531801793196,1.01158236655188,2083.01650825413,0.00519997302385466
0.0923523320562211,1.1028352210931,2064.70735367684,0.0159563308346879
0.0802401351486422,1.46653209822205,2073.86193096548,0.0127986668787403
0.0634633328299709,1.48779514022745,2085.56778389195,0.00787283316793585
0.0925602436780161,1.00577451078852,2063.65682841421,0.0090950556406557
0.066160049888111,1.38846722913941,2082.26613306653,0.00843368140495458
0.0822668784362413,1.00577451078852,2067.85892946473,0.00950508475863461
0.0982880344838932,1.00577451078852,2061.70585292646,0.006875081258407
0.064668934936167,1.00288309926358,2078.06403201601,0.00658941098044741
0.0871206695003974,5.28056837192541,2085.56778389195,0.0188530930109429
0.0722462630681175,1.00577451078852,2073.11155577789,0.00246746258717251
0.0918509100174455,14.716073490575,2093.971985993,0.022931366439461
0.0909984516789575,15.3654978668113,2095.02251125563,0.0224282633848361
0.0476762872872442,1.09020803204812,2097.12356178089,0.00433022306805647
0.0824601178636259,1.28833114804146,2071.01050525263,0.0131402089347932
0.095571128485501,1.24100474879353,2064.85742871436,0.0179649901568805
0.077963131423047,2.02454102487246,2079.41470735368,0.0128773147849422
0.086943334507296,2.10780755947618,2074.7623811906,0.0167602249017142
0.0896878085936323,1.00288309926358,2064.70735367684,0.00644905993967406
0.0648821641454159,1.00288309926358,2077.91395697849,0.00370539913727981
0.0766328922661836,1.48779514022745,2076.11305652826,0.0116433393242748
0.0845179794225538,1.20231981606127,2069.05952976488,0.0136188214128829
0.0570726818597794,1.01158236655188,2084.66733366683,0.0054236627695906
0.0848658259437461,1.00288309926358,2066.65832916458,0.00234491274008742
0.0829265311669456,1.00577451078852,2067.55877938969,0.00185048269809941
0.0712509582074005,1.00577451078852,2073.71185592796,0.00735972225012092
0.0982409364487337,6.862132740856,2081.9659829915,0.0266464587324769
0.0641781789647959,1.00577451078852,2078.51425712856,0.00685381502373608
0.0871451838209988,1.00577451078852,2065.75787893947,0.00468496528283423
0.0989449425332303,1.54453302690677,2066.05802901451,0.0209424103185155
0.0849100295458475,1.00288309926358,2066.65832916458,0.0128432204116642
0.0942508159751862,1.00577451078852,2063.05652826413,0.0154802087498465
0.0494175859869518,1.00288309926358,2092.92146073037,0.00164565414562443
0.0946302988978816,1.00577451078852,2062.90645322661,0.0097325209979593
0.0875851568589832,1.61269369477906,2071.31065532766,0.0159686493082827
0.0992069009496814,2.04210241714683,2068.90945472736,0.0228696906132544
0.085697769704088,1.00577451078852,2066.35817908954,0.0013094420714937
0.0960710191750593,3.43861929685961,2075.81290645323,0.0232716231318958
0.0615674230543436,1.11240149892777,2082.26613306653,0.00699855831542379
0.0629525516152185,1.00288309926358,2079.41470735368,0.00473066167084136
0.0569430708848249,1.00577451078852,2084.66733366683,0.00360380148532466
0.080355035162545,1.00577451078852,2068.75937968984,0.0107024505492314
0.0859599560327443,3.68461060628057,2081.9659829915,0.0177220477228014
0.0818637246569394,1.00288309926358,2068.00900450225,0.00679136522476194
0.0988738817670418,33.2376574471234,2097.72386193097,0.0287877535163269
0.0732012969401101,1.43314150019665,2077.61380690345,0.0105231133237668
0.0976334412407486,2.83539228475476,2073.11155577789,0.0233855198048946
0.0975075000119611,3.22758151346831,2074.46223111556,0.0239843130612691
0.0874088989168745,1.00288309926358,2065.60780390195,0.0032965570068528
0.0986712975473347,1.00288309926358,2061.55577788894,0.0112483516813248
0.0992957772245775,1.20231981606127,2063.20660330165,0.0192561975326819
0.0692970832965638,1.00577451078852,2074.91245622811,0.0072723981587512
0.0995843598866098,1.441417191251,2065.15757878939,0.0206620154989996
0.0901032609905392,1.00577451078852,2064.55727863932,0.00927090104564721
0.0863737007931594,1.00577451078852,2066.05802901451,0.00583971464024464
0.0642840688395907,1.00288309926358,2078.36418209105,0.00609953496761052
0.0503585092345524,1.00288309926358,2091.72086043021,0.00270341107372075
0.0562433351534449,1.00867425853989,2085.41770885443,0.0017731368782662
0.0885011953529438,1.46653209822205,2069.65982991496,0.0160245473882285
0.0766814772604229,1.00288309926358,2070.56028014007,0.0068896715888734
0.0846150317900921,1.00577451078852,2066.8084042021,0.00134851128807831
0.0889816540876894,1.19198027101602,2066.95847923962,0.0151697238739775
0.0933664841378155,1.00577451078852,2063.35667833917,0.0103898337205338
0.0686142338288448,1.00577451078852,2075.36268134067,0.00255712939852313
0.0724915504560198,1.00577451078852,2072.96148074037,0.00881675295557981
0.0816561159848612,8.89175006582625,2095.77288644322,0.0164065909484711
0.0722072199572329,1.00577451078852,2073.11155577789,0.00354893169810329
0.0958431722678134,1.5850757161707,2067.55877938969,0.0195616313479085
0.080429558293927,2.18818996107018,2078.96448224112,0.0139594891999325
0.0806369131983835,3.19982540066046,2083.6168084042,0.0148844485223922
0.0614646672605963,1.00288309926358,2080.61530765383,0.00597261211558808
0.0729220203371088,1.00288309926358,2072.66133066533,0.0059032366986113
0.05190961675286,1.017423759841,2090.22011005503,0.00482597144210355
0.0913298073727186,1.00577451078852,2064.10705352676,0.0103491093485186
0.0917673308963537,1.78880557933512,2070.56028014007,0.0183256669119648
0.0772477249717642,1.00288309926358,2070.26013006503,0.00710876744620891
0.0626539253741844,1.24458268867087,2083.31665832916,0.00739953815786629
0.0933272234215737,1.00288309926358,2063.35667833917,0.0152802206452866
0.0689394608604702,2.9350594625955,2091.42071035518,0.0102641402265963
0.0901111130165518,1.00577451078852,2064.55727863932,0.00977247355183836
0.0584673017022119,1.00288309926358,2083.16658329165,0.00511189539216241
0.0978361766091968,1.00577451078852,2061.85592796398,0.00935647525969192
0.0975712261503538,1.25899790157518,2064.4072036018,0.0188019572564657
0.0924189133636711,1.00288309926358,2063.65682841421,0.00251236477015177
0.0653759417993551,1.00577451078852,2077.61380690345,0.00436183253722615
0.0728428533964673,1.15815301335288,2074.7623811906,0.00987561590060387
0.0844428090552683,1.54453302690677,2072.21110555278,0.014628512448748
0.0656065528425351,1.00577451078852,2077.46373186593,0.00373624709505982
0.0810002187691308,1.00577451078852,2068.45922961481,0.0025069990433021
0.0872517484205882,1.13831921276723,2067.10855427714,0.0143316604337312
0.0695598577100651,1.00577451078852,2074.7623811906,0.00410556358723274
0.0973335611811981,1.00577451078852,2062.0060030015,0.0042104631273123
0.0520669024097014,1.00577451078852,2089.76988494247,0.00147509152256418
0.0691024602974026,1.00577451078852,2075.06253126563,0.0036451016438637
0.0778362466719755,1.00288309926358,2069.95997999,0.00329048590308302
0.0908538692505068,3.02078648791353,2077.01350675338,0.0197267819154105
0.0755599630562007,1.00288309926358,2071.16058029014,0.00611269436776086
0.0959279383338733,1.00288309926358,2062.45622811406,0.0142787234596529
0.0818533232047233,1.00288309926358,2068.00900450225,0.00522084518312525
0.0816359487000514,1.00577451078852,2068.15907953977,0.00511422567416815
0.0928711097198834,7.2688443008963,2085.56778389195,0.0229582071640029
0.0925568923420601,1.00577451078852,2063.65682841421,0.0132115016253868
0.0976772335422338,1.00288309926358,2061.85592796398,0.0151746258444584
0.0456776682005554,1.01158236655188,2098.17408704352,0.00397921861127968
0.0724458853839004,1.00577451078852,2072.96148074037,0.00456246223354092
0.0914249783319694,3.08228092099346,2076.86343171586,0.0202287509095314
0.0990267228675448,1.11560866287013,2062.60630315158,0.01843903673339
0.0572266147547795,1.01158236655188,2084.51725862931,0.00183983181593017
0.0824068789712858,1.09020803204812,2068.75937968984,0.0125181853952614
0.0835220061144578,1.00288309926358,2067.25862931466,0.0090564904880358
0.0838896831091919,1.3686237465133,2071.01050525263,0.013924256482838
0.0674107858010292,1.00288309926358,2076.11305652826,0.0026620554839324
0.090635916487576,1.35295334494457,2067.85892946473,0.016393631392056
0.0981691695861917,1.00288309926358,2061.70585292646,0.00730305570275193
0.090505059751383,1.25899790157518,2067.10855427714,0.015943590851222
0.0730038402576658,1.00577451078852,2072.66133066533,0.0011341470568882
0.0911596297642807,4.52026390637434,2081.36568284142,0.0209333935827072
0.0936252342093157,1.3686237465133,2066.8084042021,0.0176660536819569
0.0520081132789392,1.00867425853989,2089.91995997999,0.00146697977296498
0.0870626004532014,1.23033252636976,2068.15907953977,0.0146502024403518
0.0767173589468698,1.00288309926358,2070.56028014007,0.0101749948909319
0.0794336632448868,8.89175006582625,2097.57378689345,0.0153519428716466
0.0788308800629806,1.00577451078852,2069.50975487744,0.00195702413110432
0.0925351073457026,1.00577451078852,2063.65682841421,0.00982768873797323
0.0782375076743875,1.017423759841,2069.95997999,0.0109425400424392
0.0898327659005212,4.3542135747773,2081.66583291646,0.0201208943435352
0.0799293615135426,1.00288309926358,2068.90945472736,0.00279853895645272
0.0870194702225563,2.33126636583218,2075.96298149075,0.0170602021464601
0.0899074859780105,1.31077872056062,2067.70885442721,0.0160364904143471
0.085865436009576,1.21975208146059,2068.60930465233,0.0141644109649338
0.0908918700248971,1.00577451078852,2064.25712856428,0.00620558894814088
0.0587218539976934,1.00577451078852,2083.01650825413,0.00511921070218547
0.0933552174324766,1.00577451078852,2063.35667833917,0.00730743184402136
0.0873532096486111,1.00288309926358,2065.60780390195,0.00173438956522642
0.0954735718153179,1.00288309926358,2062.60630315158,0.00199294064098849
0.0874744615952087,1.00577451078852,2065.60780390195,0.00693679499636343
0.0740561583707127,1.00577451078852,2072.06103051526,0.00515124689437212
0.0982506546743549,2.08367368705817,2069.50975487744,0.0224238890351535
0.0486064318400207,1.00288309926358,2093.971985993,0.0037528301702621
0.0974880245541558,3.56975293664868,2075.51275637819,0.0243808754760082
0.0852142013353775,1.07153781450759,2067.25862931466,0.0133415957625092
0.0819266531539884,1.00577451078852,2068.00900450225,0.0118870921735147
0.0688111141581968,3.52888015319671,2094.27213606803,0.0103948995315763
0.0773640918979374,1.00577451078852,2070.26013006503,0.0105232545741066
0.0897907414970392,1.2267955530143,2066.95847923962,0.0156505989845093
0.0834388527966587,9.31091255809072,2094.87243621811,0.017461427702729
0.0873634108127745,4.81582467568853,2084.3671835918,0.0187978004941837
0.0909240790830728,2.98619923379083,2076.86343171586,0.0197135758600911
0.0782054839347339,1.00577451078852,2069.80990495248,0.00410077859704063
0.0727884611612108,1.15482354244809,2074.7623811906,0.00985424476362499
0.0950305592578875,1.00288309926358,2062.75637818909,0.0120387914428796
0.0743024472174053,1.00577451078852,2071.91095547774,0.00403280721748536
0.0963442523176378,1.00288309926358,2062.30615307654,0.00524329839201064
0.0797800880763088,1.1481932879197,2070.71035517759,0.0119206957358492
0.0953202123400016,2.37188579111585,2072.21110555278,0.021310716690954
0.0794986058884624,1.12205075712963,2070.56028014007,0.011728822113517
0.0992082879881871,1.41673238639154,2065.00750375188,0.0204940330212851
0.0765119675369732,1.00577451078852,2070.71035517759,0.00955050588999299
0.0971899896648617,1.00288309926358,2062.0060030015,0.00602917613652261
0.084204947783703,1.00288309926358,2066.95847923962,0.0010262333667387
0.0963648351098096,15.9056121278034,2091.72086043021,0.0264752076968948
0.0920700831250647,2.11997911696849,2072.3611805903,0.0192154540021118
0.0692227275065274,1.00288309926358,2074.91245622811,0.00706254575538484
0.0900671773041138,1.00288309926358,2064.55727863932,0.00849063484802151
0.0493995802796302,1.00288309926358,2092.92146073037,0.00362312799741507
0.0986721681206083,1.00288309926358,2061.55577788894,0.00968006909039763
0.084502353832383,1.00288309926358,2066.8084042021,0.00493979021505363
0.0853305643920542,3.56975293664868,2081.9659829915,0.0173413696759767
0.0589975929323896,1.00288309926358,2082.71635817909,0.00188184459900672
0.0851524719161197,2.1944987299355,2076.26313156578,0.0159842913979314
0.0883427828626977,1.12853005133194,2066.65832916458,0.0145990766844202
0.0878322322051241,7.22711126890421,2088.71935967984,0.0197100118668651
0.0908692751651681,1.00288309926358,2064.25712856428,0.0144286769444713
0.0941238314122429,1.1988633739507,2065.00750375188,0.0171621943837361
0.090904576326787,1.6741946565908,2070.26013006503,0.0175402468378514
0.0612199922899338,1.52684850782001,2088.11905952976,0.0073279269087089
0.0889987532581046,1.00577451078852,2065.00750375188,0.0138587719205193
0.0742818166227885,1.00577451078852,2071.91095547774,0.00556593490354931
0.0704047574540406,1.00288309926358,2074.16208104052,0.00404793734246899
0.0942377997991985,1.19541686845759,2065.00750375188,0.0171238541321925
0.0855328253553636,1.00288309926358,2066.35817908954,0.00157880390717996
0.0973130169608231,1.00577451078852,2062.0060030015,0.00807111049943385
0.0784309011776414,1.00288309926358,2069.65982991496,0.00394544346409766
0.0546079797176543,1.00867425853989,2087.06853426713,0.00420120309412399
0.0888715903530251,1.00288309926358,2065.00750375188,0.00230532441636882
0.088616095834215,2.83539228475476,2077.46373186593,0.0183584583034446
0.0988784863145197,2.65372529430481,2071.76088044022,0.0241283850756717
0.0930442086592036,17.6934267723322,2095.17258629315,0.0238341838977316
0.06078348276398,1.00577451078852,2081.2156078039,0.00377196741454746
0.0748651085062526,1.16484078042324,2073.71185592796,0.0104278560021373
0.0930416698352951,1.77853540743712,2069.95997999,0.0188817898414995
0.0955753802956817,1.38846722913941,2066.20810405203,0.018599700264603
0.08494788213733,1.00577451078852,2066.65832916458,0.00178837954401759
0.0753973389644465,1.00577451078852,2071.31065532766,0.00205386619150306
0.0846172663749397,1.00577451078852,2066.8084042021,0.00290494121608171
0.0714977123775341,1.00577451078852,2073.56178089045,0.00680081622438767
0.0956912777990194,2.73123512958793,2073.56178089045,0.0221246263270755
0.0978268573838973,1.00577451078852,2061.85592796398,0.0130437101933089
0.0832232073162582,1.00577451078852,2067.40870435218,0.00888214423816103
0.0913965126843192,1.29204553462562,2066.95847923962,0.0165328207242942
0.0712316498558216,1.00577451078852,2073.71185592796,0.00274626609137515
0.098355589639878,12.8907317012169,2088.4192096048,0.0276044239487864
0.0988234092965665,4.14623977579979,2076.4132066033,0.0258743698231464
0.0830211953783505,7.50272113554967,2092.62131065533,0.0169983265056876
0.0764940917728957,1.00577451078852,2070.71035517759,0.0102721055595777
0.0676174823499,2.82724106811333,2092.17108554277,0.00972353278257476
0.0938454523279475,1.00577451078852,2063.20660330165,0.0105253742059762
0.0815130481749267,2.97761447568876,2082.11605802901,0.0151702564726497
0.093322882645019,3.04698957090351,2075.81290645323,0.0212312073100296
0.0664304784768379,1.00577451078852,2076.86343171586,0.00127406406311983
0.0930122200981049,1.00577451078852,2063.50675337669,0.00300630350402794
0.0790519235074242,1.00288309926358,2069.35967983992,0.00311952489509892
0.0716759710848018,1.00288309926358,2073.41170585293,0.00247095513985646
0.0889722582412712,1.00577451078852,2065.00750375188,0.00790303384611011
0.0710711774937383,5.17521601544173,2097.72386193097,0.0114919716572983
0.0951408050575656,1.00577451078852,2062.75637818909,0.0153905215552455
0.091759453352036,1.00577451078852,2063.95697848924,0.00938003670605499
0.0997796712188233,1.62668261683323,2066.35817908954,0.0216358247265141
0.0991460093635284,1.10601480450688,2062.45622811406,0.0184429037464368
0.0726911820560476,1.46231609576324,2078.36418209105,0.0103416224290536
0.0772895424140527,1.00288309926358,2070.26013006503,0.00500245579642042
0.0987445960053953,15.4097981223956,2089.91995997999,0.0283476218794175
0.0761103212649769,4.3416960341386,2090.97048524262,0.0132787728795781
0.0904126880566167,2.66904925964653,2075.81290645323,0.0191424974493662
0.0634774757887327,1.00288309926358,2078.96448224112,0.00238847488211217
0.0888565902364312,1.00288309926358,2065.00750375188,0.00214723038383894
0.0875968688005191,5.79016143825715,2086.31815907954,0.0192797728528477
0.0958819891923473,1.00288309926358,2062.45622811406,0.0120417491606674
0.0768135101017254,4.8997344482741,2092.02101050525,0.0136929874860046
0.0994008487457358,2.2071708865269,2069.65982991496,0.023402152536778
0.0637340706652963,1.75817161928149,2088.11905952976,0.00813946681517246
0.0943015249020101,1.02920793476607,2063.20660330165,0.0161720445532778
0.0874171216744333,1.00288309926358,2065.60780390195,0.00461678019159722
0.0540657450591891,1.00288309926358,2087.51875937969,0.00279543978594304
0.0990766127855994,1.00288309926358,2061.40570285143,0.0170158829273301
0.0896969104740672,1.00288309926358,2064.70735367684,0.00922415694285182
0.0859672647286972,2.74700667630971,2078.51425712856,0.0169910838345835
0.0740587386983742,1.00577451078852,2072.06103051526,0.0057164745796936
0.0880954110018886,1.00288309926358,2065.30765382691,0.0125895614526981
0.0643882155068195,1.00577451078852,2078.36418209105,0.0023009408321306
0.0564789169403999,2.11388457789867,2099.07453726863,0.00648459933923752
0.0951418337855282,1.00577451078852,2062.75637818909,0.0077199512798531
0.0886182810817795,2.13222095925085,2074.16208104052,0.0174298885138542
0.0604299978856556,1.00577451078852,2081.51575787894,0.0053024182604808
0.0818327542775641,5.45047194460812,2089.46973486743,0.0162047283515182
0.0816077464054034,1.00577451078852,2068.15907953977,0.00154632990505323
0.0802983039319348,1.00288309926358,2068.75937968984,0.00864009974064276
0.0737834155281302,1.00577451078852,2072.21110555278,0.00732461970889526
0.0993635597173597,1.26262771749805,2063.80690345173,0.0196067679331723
0.0866625356807518,1.00288309926358,2065.90795397699,0.00342626777577196
0.0799509186311059,1.00288309926358,2068.90945472736,0.00900451674166863
0.0991346753410188,1.00288309926358,2061.40570285143,0.0155028442849476
0.0750559211799803,1.00288309926358,2071.46073036518,0.00555205011251671
0.09860791193771,1.00288309926358,2061.55577788894,0.0172465911555355
0.0897332002902944,1.55345194953386,2069.80990495248,0.0167807061716026
0.0842182137669552,1.00288309926358,2066.95847923962,0.00256547244701606
0.0507698751071001,1.19541686845759,2094.87243621811,0.00494355687347108
0.093328168855657,1.00288309926358,2063.35667833917,0.0142691113704544
0.076675926470605,1.03217524340486,2070.86043021511,0.0106254208045038
0.0952224399110825,1.40051115285914,2066.35817908954,0.018607518648766
0.0812691266407076,1.00577451078852,2068.30915457729,0.00516211162627796
0.0764538860355658,1.00577451078852,2070.71035517759,0.00264172018027182
0.0796878738087985,1.24100474879353,2071.91095547774,0.0120957398125071
0.0877543876952904,1.00288309926358,2065.45772886443,0.00543818289665495
0.0900913808516212,1.00577451078852,2064.55727863932,0.0125436353176028
0.0551273130881738,1.00577451078852,2086.46823411706,0.00503539875260897
0.0580562360800165,1.00577451078852,2083.6168084042,0.00188497545747739
0.0732488323085429,1.00577451078852,2072.51125562781,0.00572075287873833
0.0920997007332994,1.00577451078852,2063.80690345173,0.00519507122439623
0.093596062205787,2.16937226517279,2071.91095547774,0.0201218549526692
0.0858149113508872,6.11570617216135,2088.11905952976,0.0183647234205057
0.0971691346191694,3.04698957090351,2074.012006003,0.0235375339637007
0.0949626274457498,1.00288309926358,2062.75637818909,0.0110008010816921
0.0809940848511215,1.00577451078852,2068.45922961481,0.010758176024182
0.0845921528639597,1.00577451078852,2066.8084042021,0.00927096648725586
0.097853188170462,1.56692699337341,2066.65832916458,0.020449815613446
0.0776101245284807,1.00577451078852,2070.11005502751,0.00508568958184226
0.0930104283998018,1.78366310156055,2069.95997999,0.0189328312048173
0.0838675225769203,2.3787241732935,2077.91395697849,0.0156964134949625
0.0956715855572308,4.36676720472819,2078.51425712856,0.0238279897215974
0.0849261984935982,1.00577451078852,2066.65832916458,0.00485293429293507
0.0995836429311584,1.00288309926358,2061.25562781391,0.0172757787873848
0.0939072878171882,5.67464221589759,2082.26613306653,0.0232619852428031
0.0621634116657807,1.00288309926358,2080.01500750375,0.00627085901251158
0.0791252110244171,1.00577451078852,2069.35967983992,0.00623423896653361
0.0957275330836057,2.4062754285944,2072.06103051526,0.0217959845550019
0.0730802955583967,1.26991877487462,2075.96298149075,0.0101837422503325
0.0835918969576479,1.91126246166401,2075.36268134067,0.0149570365438097
0.0983058133818994,1.53566531100084,2066.20810405203,0.0206302575906022
0.0770583786796651,1.00577451078852,2070.41020510255,0.0033047505491653
0.0745722641899257,1.00577451078852,2071.76088044022,0.00369816761415204
0.0825254432915277,1.00288309926358,2067.70885442721,0.0083748404215387
0.0578118582512724,1.00867425853989,2083.91695847924,0.00240625734024063
0.0960306254751873,7.56780167843215,2084.21710855428,0.0251233221576791
0.0716377403213924,1.00288309926358,2073.41170585293,0.00261691115540413
0.064734488973466,1.00577451078852,2078.06403201601,0.00653140876418149
0.0963205212820539,1.00288309926358,2062.30615307654,0.0119389604928605
0.0525337754537603,1.00867425853989,2089.31965982992,0.00503139238183421
0.0737729337156174,2.77083492243083,2086.61830915458,0.011868301201646
0.0962253532918238,6.68661474347447,2082.71635817909,0.0252404571705901
0.0762159526143505,2.68446171339143,2084.3671835918,0.0127495680855182
0.0846083703441443,1.00577451078852,2066.8084042021,0.00562713572940549
0.0941602704444765,16.1362253542068,2093.37168584292,0.0246826731868043
0.0459159992345839,1.00288309926358,2097.72386193097,0.00188606979568181
0.0543640886777976,1.01158236655188,2087.36868434217,0.0030155088386009
0.0945346368390668,1.00288309926358,2062.90645322661,0.00667985988097947
0.0837557987448042,1.73304445225245,2074.012006003,0.0147489827022003
0.0794330474253434,1.00577451078852,2069.2096048024,0.00390686358403647
0.0991343081339158,1.00288309926358,2061.40570285143,0.0124213596690711
0.0540985305525628,1.01158236655188,2087.66883441721,0.00193817672566712
0.0655840581315381,1.00577451078852,2077.46373186593,0.00320390473246146
0.0660631645337063,1.00288309926358,2077.01350675338,0.00781830542537211
0.0874907427969671,2.73123512958793,2077.61380690345,0.0177121297103757
0.0959362580277482,10.1800975118018,2087.36868434217,0.0255410280802902
0.0933254190054852,3.91424641100743,2078.51425712856,0.0220684876508801
0.0828439557236082,1.41673238639154,2071.91095547774,0.0137289898014348
0.0645123757764719,1.00288309926358,2078.21410705353,0.00105231557233253
0.082201331442694,1.00288309926358,2067.85892946473,0.00214522740946067
0.0873440068872725,1.00288309926358,2065.60780390195,0.00605704146273509
0.0685556689516954,1.00288309926358,2075.36268134067,0.00105339945839867
0.0743178580379121,1.00577451078852,2071.91095547774,0.0047514578943431
0.0928436483945247,1.87313095952011,2070.56028014007,0.0191293267719164
0.0554095171547444,1.00577451078852,2086.16808404202,0.00181302484265652
0.0445005937917864,1.00288309926358,2099.82491245623,0.00189293256112172
0.0755815092929194,1.00288309926358,2071.16058029014,0.009249076856134
0.0963227206511783,1.00288309926358,2062.30615307654,0.0150388141098997
0.0775220763675737,1.00288309926358,2070.11005502751,0.00570967869320636
0.0982897402833717,1.00577451078852,2061.70585292646,0.0132367878708085
0.0978968437067992,2.69996316651677,2072.3611805903,0.0235986835332687
0.0995491235638268,1.00288309926358,2061.25562781391,0.00596989331433936
0.0698792239666144,1.06232295058138,2075.36268134067,0.00886497092107085
0.0967830954552566,1.00288309926358,2062.15607803902,0.00769311983801598
0.0895409928462041,2.99480874260266,2077.61380690345,0.0189734205542239
0.0955523432267605,1.50936647207927,2067.10855427714,0.0191596777451141
0.0623963201651663,1.00577451078852,2079.86493246623,0.00412261082013709
0.0791420373163698,1.00577451078852,2069.35967983992,0.00471325732562113
0.0927030238707086,2.14453349218355,2072.21110555278,0.0195645073624355
0.0731924405474142,1.00288309926358,2072.51125562781,0.004355847766812
0.0970121443930685,31.1977684837926,2098.32416208104,0.027318156175227
0.0843579125944047,7.69966123740149,2091.87093546773,0.0178316970178022
0.0591807325652856,1.01158236655188,2082.71635817909,0.00581015498993469
0.0987488286599829,2.32456441587663,2070.41020510255,0.0233959353018004
0.0781375547400193,1.00288309926358,2069.80990495248,0.00235263092431041
0.0897695298667402,1.98987000774274,2072.66133066533,0.0178927868826569
0.0829828707083835,4.55947384416678,2086.46823411706,0.0165429688095345
0.0671667741516704,1.47925317679908,2082.41620810405,0.00883356101243929
0.0917595510615668,1.21274904899342,2066.05802901451,0.0163041176535442
0.0787146111358385,1.21274904899342,2072.06103051526,0.0117392430442468
0.0753334890934474,1.00288309926358,2071.31065532766,0.00592875508162639
0.0914152148683431,1.28093437865255,2066.8084042021,0.016492268017291
0.089241123414629,1.00288309926358,2064.85742871436,0.0037017530560145
0.0860350104112779,1.00577451078852,2066.20810405203,0.00554451690921018
0.0861605527657067,15.6782947440786,2098.92446223112,0.0193203642993398
0.0725776127831605,1.15150364314254,2074.91245622811,0.00975083050740421
0.0877389012835785,1.00288309926358,2065.45772886443,0.00575318920309088
0.0776601419555172,1.00577451078852,2070.11005502751,0.00453558162930935
0.0872467653124291,8.34603823722249,2090.8204102051,0.0194545377265918
0.0918470334739086,1.64552345116496,2069.65982991496,0.0178723498658391
0.0579699580969495,1.00867425853989,2083.76688344172,0.00147610944883213
0.0770101942785543,2.18818996107018,2081.06553276638,0.0126890048965614
0.0857959815868264,2.0598161414781,2075.06253126563,0.016176338116519
0.0969824788218332,1.16484078042324,2063.65682841421,0.018077241308041
0.0999795810425281,2.26510726072284,2069.65982991496,0.0239414273440569
0.0881853890265893,1.06538573309788,2065.90795397699,0.0143122128490885
0.0976537159353017,1.00288309926358,2061.85592796398,0.00189038340218177
0.093387933003821,1.00577451078852,2063.35667833917,0.00130114671792038
0.0778737326696045,1.00288309926358,2069.95997999,0.0105995563900923
0.0598135077940827,1.00288309926358,2081.9659829915,0.00182980367970376
0.0986911255463274,2.52697328239242,2071.31065532766,0.0237820647780387
0.0670850382684356,2.39935784176774,2090.07003501751,0.00943622019648958
0.0918268261372068,4.53329627591397,2081.06553276638,0.0212681238383819
0.0961425242479809,27.4068715821386,2097.57378689345,0.0265954889133661
0.0748236125413471,2.51970871206025,2084.51725862931,0.0121128194179375
0.0796587328018372,1.00288309926358,2069.05952976488,0.00678242156397452
0.0532840066652756,1.00577451078852,2088.4192096048,0.00233149185090331
0.0943803315067066,5.82359678794962,2082.26613306653,0.0236612941239842
0.0912761873764001,1.00288309926358,2064.10705352676,0.00746938905672155
0.0885897406155614,11.8241026687353,2093.82191095548,0.0206492136382398
0.0722292906980087,1.00577451078852,2073.11155577789,0.00375450109284841
0.0493076735418606,1.00288309926358,2093.07153576788,0.00192724514099401
0.0955996622101245,4.62558101221893,2079.26463231616,0.023729379206875
0.0776173745969335,1.23033252636976,2072.81140570285,0.0114726140100235
0.0719561347923563,1.00577451078852,2073.26163081541,0.00263699402196299
0.0873861137276832,2.52697328239242,2076.71335667834,0.0174934519263445
0.0915446562017959,1.19198027101602,2065.90795397699,0.0161474978009954
0.062255579265742,1.00577451078852,2080.01500750375,0.00148651015939498
0.0824788437602979,1.00288309926358,2067.70885442721,0.00511513262777174
0.0670584293101083,1.00577451078852,2076.4132066033,0.0048077690517128
0.0959463011632395,1.00577451078852,2062.45622811406,0.00891192630619046
0.0973999596786138,21.273157622404,2094.12206103052,0.0273786615490184
0.0947107844086137,1.00577451078852,2062.90645322661,0.00578131718702554
0.0978136413103569,1.00577451078852,2061.85592796398,0.0155743700106781
0.09973372994902,1.32978351631576,2064.25712856428,0.0201109024621295
0.0860815506049851,1.97844545312916,2074.46223111556,0.0161360555905487
0.0558120031152845,1.00288309926358,2085.71785892946,0.00278491742684635
0.0676836211955737,1.00288309926358,2075.96298149075,0.00202107324557496
0.0868033905807818,7.94739971184986,2090.52026013007,0.0192100426304493
0.0846014994676181,1.00577451078852,2066.8084042021,0.00506691271221638
0.0783805124064268,9.15145972170511,2098.7743871936,0.0149505253802139
0.0933162562605475,1.00288309926358,2063.35667833917,0.00297698432874031
0.0849436816962004,1.00577451078852,2066.65832916458,0.0122764511795739
0.0570083303515444,1.00867425853989,2084.66733366683,0.00447933960654688
0.0950417781694549,1.00288309926358,2062.75637818909,0.00206526941416803
0.0769659910568503,1.20926262481036,2072.96148074037,0.0112013878788658
0.0829918194054813,7.12382395041967,2092.02101050525,0.0169188208360024
0.0893709280659783,1.08707389011608,2065.75787893947,0.0147551795051589
0.0679784863390072,1.00577451078852,2075.81290645323,0.00660263883023267
0.0992176229065771,1.00577451078852,2061.40570285143,0.0106605424645734
0.0734897072407673,1.86774606222357,2081.2156078039,0.0111769211098768
0.0934173616046958,1.00577451078852,2063.35667833917,0.00320521631597304
0.0842165508399755,1.00288309926358,2066.95847923962,0.00998176841760024
0.0787459388085626,1.00288309926358,2069.50975487744,0.00319882429635389
0.0824959140017986,1.00288309926358,2067.70885442721,0.00853564678136688
0.0758995288670575,1.00577451078852,2071.01050525263,0.00826634818269763
0.0721960224385084,1.00577451078852,2073.11155577789,0.00458279465901869
0.0937698273143311,1.00577451078852,2063.20660330165,0.00971294238195998
0.0642495609536895,1.33746236557711,2083.16658329165,0.00790030352749949
0.0703919816455013,1.00288309926358,2074.16208104052,0.00714871208910331
0.0963680677294416,1.00288309926358,2062.30615307654,0.00933850445702823
0.0920977078826869,3.33142973427318,2077.46373186593,0.0207188551366185
0.0914934895162504,18.7961333346796,2096.82341170585,0.0230189065778263
0.0968731974072754,1.00577451078852,2062.15607803902,0.00778292826914597
0.066544061729721,2.54889290196729,2091.42071035518,0.00937303483688898
0.0992074372811919,1.29950646550457,2064.10705352676,0.0198392790308476
0.0896537351837126,1.00288309926358,2064.70735367684,0.0101301022478876
0.0855814947218302,1.00288309926358,2066.35817908954,0.00782971290495417
0.0954451121166237,3.12697047724319,2075.06253126563,0.0226080236709738
0.0990878891636185,1.00288309926358,2061.40570285143,0.00871232725884646
0.0699244444040323,1.11882507338448,2076.11305652826,0.00900746776335186
0.0976010236048783,1.50936647207927,2066.35817908954,0.0200634301863701
0.0778451100930796,1.00288309926358,2069.95997999,0.00302812913206526
0.0858110231645896,2.63090415150101,2078.06403201601,0.0168373137486342
0.0816495612348556,5.6910027726913,2090.22011005503,0.0160632926143821
0.0964125978297629,1.00577451078852,2062.30615307654,0.00262130084057984
0.0907994102978802,1.42081696649143,2068.30915457729,0.0167921468286917
0.0674691163142307,1.00288309926358,2076.11305652826,0.00238780344544273
0.0950753808267976,4.27964604980107,2078.66433216608,0.0232561911643882
0.0989163047438057,3.78132852701561,2075.51275637819,0.0254247418518661
0.0881663678380983,1.00288309926358,2065.30765382691,0.00527014903460045
0.0776041589709648,1.00577451078852,2070.11005502751,0.009514154912312
0.0885182517066592,1.00288309926358,2065.15757878939,0.0124326320971294
0.0641126029520631,1.00288309926358,2078.51425712856,0.00661109500027034
0.0913383146063783,13.5763553199153,2093.37168584292,0.0226613284141366
0.0932595080488308,1.52245910708953,2068.15907953977,0.018128393979178
0.0805625061641844,7.41681684421187,2094.27213606803,0.0158761932299211
0.0897752323799466,4.55947384416678,2082.26613306653,0.0201145000552757
0.0981810884702156,1.00288309926358,2061.70585292646,0.0105191481640534
0.0662113633187971,1.00577451078852,2077.01350675338,0.00214115999593266
0.0755418180838184,1.00288309926358,2071.16058029014,0.00493303842064035
0.0973629075858508,1.00577451078852,2062.0060030015,0.00873546723906736
0.0835813793141832,1.00577451078852,2067.25862931466,0.0107599670414369
0.0956382596273426,2.71555413295041,2073.41170585293,0.0222551521229991
0.0968504775259203,2.45526020256225,2071.91095547774,0.0223522231890948
0.0617080231156598,1.68871705388817,2089.31965982992,0.00758446772638004
0.0924332522905199,1.00288309926358,2063.65682841421,0.0145221046108175
0.0973221005509766,1.00577451078852,2062.0060030015,0.00282102389166675
0.0577413144310978,1.00577451078852,2083.91695847924,0.00104920151771516
0.0905653701996046,3.63195145450856,2079.26463231616,0.0200352177755852
0.0898088603511166,2.25859550568368,2074.16208104052,0.018319764540584
0.0732079826522773,1.00577451078852,2072.51125562781,0.00718670177638852
0.0739384577077337,1.00288309926358,2072.06103051526,0.00478091564424268
0.0578483645050697,1.36468921205103,2089.46973486743,0.00642741065195848
0.0885874561848855,1.00577451078852,2065.15757878939,0.0124977960493697
0.0489486893075525,1.00288309926358,2093.52176088044,0.00398454761529712
0.098473259986926,2.6460963359074,2071.91095547774,0.0238427921512454
0.0856572865835724,1.00577451078852,2066.35817908954,0.0098913131773298
0.0671015527093397,1.00577451078852,2076.4132066033,0.00640452748791437
0.0609172882159553,1.00288309926358,2081.06553276638,0.00238146601597548
0.0921837468135252,1.00577451078852,2063.80690345173,0.0129295269382957
0.0952060124003838,2.45526020256225,2072.51125562781,0.0215900051328139
0.0908469953360809,1.00288309926358,2064.25712856428,0.00986048968888319
0.0955355801618715,1.00577451078852,2062.60630315158,0.00323609104364675
0.0678204339022081,3.04698957090351,2093.07153576788,0.0098887820116944
0.0530969269645955,1.15482354244809,2091.42071035518,0.00531364520022011
0.0855414349811897,1.00288309926358,2066.35817908954,0.0100775928580758
0.0562814255189866,1.00288309926358,2085.26763381691,0.00287665114495141
0.0910515061229975,1.57597523020146,2069.35967983992,0.017462046430026
0.0755887134930307,2.68446171339143,2084.81740870435,0.0125109877052118
0.0920786518823349,1.00288309926358,2063.80690345173,0.0118711256608745
0.0898030686555618,4.30435891208667,2081.51575787894,0.020144243935438
0.0812971237999747,1.00577451078852,2068.30915457729,0.00281878724997771
0.0962842236300902,1.00288309926358,2062.30615307654,0.00386826458965535
0.0936970454432988,1.06232295058138,2063.80690345173,0.0161668726887206
0.0576397872458099,1.00867425853989,2084.06703351676,0.00156854498093631
0.0724509062532994,1.00577451078852,2072.96148074037,0.00440922243905972
0.0901619086058693,1.00577451078852,2064.55727863932,0.00539073268071001
0.0825241158475175,1.00288309926358,2067.70885442721,0.00680597255158605
0.0790872549127721,1.00577451078852,2069.35967983992,0.00998287443423541
0.061277094985806,1.1028352210931,2082.41620810405,0.00690462960165353
0.0452006930921288,1.00288309926358,2098.7743871936,0.00340388429303484
0.0929202773303668,1.00577451078852,2063.50675337669,0.0143109770959209
0.0689158668775511,3.95958264771409,2095.92296148074,0.0104966984830059
0.0877568420854112,1.00288309926358,2065.45772886443,0.010456733989484
0.0856147543650449,2.81911328467833,2078.96448224112,0.0169561360866249
0.0667899621930349,1.00288309926358,2076.56328164082,0.00713084870179331
0.0963200667276912,1.00288309926358,2062.30615307654,0.00862878359082389
0.0764747665052878,1.00577451078852,2070.71035517759,0.00567932730600239
0.0912135632897945,3.06458444505318,2077.01350675338,0.0199427980977091
0.0811878083777331,1.00288309926358,2068.30915457729,0.00532305055543242
0.0579157923896873,2.3787241732935,2099.37468734367,0.00693606221437925
0.0705102259530321,1.0684573459204,2075.06253126563,0.00902736050311954
0.058278214802638,2.34472828861258,2098.7743871936,0.0069858775180839
0.0516346062370586,1.00288309926358,2090.22011005503,0.0018735161293092
0.0972182762609028,4.32921447906216,2077.61380690345,0.0249327663458887
0.0756116099814695,1.00577451078852,2071.16058029014,0.00735788683514586
0.0858943285340652,1.00288309926358,2066.20810405203,0.0118408547726573
0.079314116495665,1.00288309926358,2069.2096048024,0.00849729372041124
0.0976943190730333,1.00288309926358,2061.85592796398,0.00963142166216956
0.093722334682424,4.31676880609627,2079.41470735368,0.0224940084283398
0.0685036523280442,1.0808326105459,2076.56328164082,0.00855205635115549
0.0818096475063247,1.00288309926358,2068.00900450225,0.00572573057394979
0.0740262363598795,1.00577451078852,2072.06103051526,0.00319791056734953
0.0805066105458031,1.89482624889294,2077.01350675338,0.0136723834763257
0.0661530379618626,1.89482624889294,2087.21860930465,0.0088769724061729
0.0842873914066324,1.00577451078852,2066.95847923962,0.00787605604188632
0.0892755214713764,1.00288309926358,2064.85742871436,0.00552447823444529
0.0948969943714338,10.1800975118018,2087.96898449225,0.0248390504527916
0.0489260410491178,1.00288309926358,2093.52176088044,0.00193772954555628
0.0943705684029163,1.76324060258228,2069.35967983992,0.0193996504430269
0.0909983291255987,2.11997911696849,2072.81140570285,0.0187337178522291
0.0502631914333275,1.00288309926358,2091.87093546773,0.00435303489699754
0.0579505093927254,2.39246014169509,2099.52476238119,0.00691859624939816
0.0893513028205366,1.00577451078852,2064.85742871436,0.0120656414819058
0.0643760871041861,1.00577451078852,2078.36418209105,0.00172978413463806
0.0620717017496293,1.00577451078852,2080.16508254127,0.00319106496989297
0.0949248043334957,2.08968112513086,2071.01050525263,0.0205041099680002
0.0936490490907369,2.90981894079874,2075.21260630315,0.0211598981030187
0.0932484026199626,1.00288309926358,2063.35667833917,0.00105970970439762
0.0885321070335501,1.00288309926358,2065.15757878939,0.00114333868925174
0.068531074629305,1.00288309926358,2075.36268134067,0.001891771323943
0.085585278051983,2.56361151152847,2077.91395697849,0.0166170374948767
0.0978217977732499,1.00577451078852,2061.85592796398,0.0097291388675402
0.090510440027613,1.00577451078852,2064.4072036018,0.00144872816428651
0.0905060696900498,1.00577451078852,2064.4072036018,0.00670153734646287
0.0843058730699932,1.00577451078852,2066.95847923962,0.0115134263677942
0.0821188058240498,4.61228334151361,2087.21860930465,0.0161097263696826
0.0855691504951813,1.00288309926358,2066.35817908954,0.00474887142130899
0.0692158561376228,1.00288309926358,2074.91245622811,0.00596523515441986
0.0803252819802276,2.01872085226992,2077.91395697849,0.0137884408498525
0.0709355856427845,1.00288309926358,2073.86193096548,0.00771430739258098
0.072695753165612,1.00577451078852,2072.81140570285,0.00847648510865554
0.0951351658674143,1.00577451078852,2062.75637818909,0.0128046754716357
0.0897770664318579,1.00577451078852,2064.70735367684,0.00296308207533281
0.0615047437160719,1.00577451078852,2080.61530765383,0.00429581175875008
0.081282095378486,1.00577451078852,2068.30915457729,0.00440093972047851
0.0933133952825214,1.00288309926358,2063.35667833917,0.011706258028406
0.0909173653967963,1.00577451078852,2064.25712856428,0.0044898925585975
0.0959832788749801,1.00577451078852,2062.45622811406,0.0117411368260698
0.0712174568003247,1.00577451078852,2073.71185592796,0.00600590261115856
0.0925681373602691,1.00577451078852,2063.65682841421,0.003989041839035
0.0897056320986117,1.00577451078852,2064.70735367684,0.0129448144225059
0.0686123796895239,1.00577451078852,2075.36268134067,0.00613544965077879
0.0670420772374564,1.00577451078852,2076.4132066033,0.00616788637833101
0.0897693374051295,1.00577451078852,2064.70735367684,0.00826497084874199
0.095533156136341,3.07341994620988,2074.91245622811,0.0224447047368993
0.0905410713006557,1.00577451078852,2064.4072036018,0.0124309846462954
0.0636806567774834,1.00288309926358,2078.8144072036,0.00519773761537122
0.0759568927488897,1.00577451078852,2071.01050525263,0.00382814258114161
0.0770710313090496,1.16149208345279,2072.3611805903,0.0110949910288436
0.0625892482392704,1.00577451078852,2079.71485742871,0.00678072896637138
0.071735023759496,1.00577451078852,2073.41170585293,0.00799712416881285
0.0972535208133207,1.00288309926358,2062.0060030015,0.0110273824410435
0.0915945618805158,1.00288309926358,2063.95697848924,0.00714232765773497
0.0712037751065469,2.00713065465068,2083.91695847924,0.0105415466381952
0.0997192439369538,1.00577451078852,2061.25562781391,0.0175268776019866
0.0627817672665125,1.00577451078852,2079.5647823912,0.00231254528197185
0.093897538308334,2.04210241714683,2071.16058029014,0.0199233239794917
0.0958185975546515,2.34472828861258,2071.76088044022,0.0216992089831477
0.0973409578544644,1.00577451078852,2062.0060030015,0.0139713771705941
0.0676350302170386,1.15482354244809,2078.21410705353,0.00846996224097332
0.0808797675660948,1.1817296425721,2070.56028014007,0.012353210013594
0.0859584124653319,1.00288309926358,2066.20810405203,0.00809888078533674
0.0731397528347539,1.00288309926358,2072.51125562781,0.00639913090979139
0.0758150834793172,1.00288309926358,2071.01050525263,0.00135829803318922
0.0913470918601636,7.92455244054436,2087.51875937969,0.0219390470915494
0.0758678553841327,1.00288309926358,2071.01050525263,0.0042399830504184
0.0958445054104678,1.00288309926358,2062.45622811406,0.0113983179075355
0.0681598061103514,1.00577451078852,2075.66283141571,0.00349152877035753
0.0784655430506272,1.00288309926358,2069.65982991496,0.00614640600938618
0.0910877460637922,1.56242237457588,2069.35967983992,0.0173091305213587
0.0806238532896049,1.04413027541975,2069.05952976488,0.0117814579191356
0.0818353165723604,1.00288309926358,2068.00900450225,0.00273333504023363
0.0936956839309093,1.00288309926358,2063.20660330165,0.0107278461068155
0.0688100086989537,4.63891702142887,2098.32416208104,0.0106011673439198
0.0969918339748506,2.43414579263315,2071.76088044022,0.0223851657886418
0.0812273632267286,1.56242237457588,2074.16208104052,0.0133399220931931
0.0835633471635537,1.40859841962076,2071.6108054027,0.0138331712778855
0.0789639597432976,1.93897358646993,2078.21410705353,0.0131547209363183
0.0681851579696543,1.00577451078852,2075.66283141571,0.00669444772449925
0.0990056126099555,5.89104782059798,2080.01500750375,0.0268417882596676
0.0762289287729715,1.18513668643434,2073.11155577789,0.0109115390259937
0.0491182670282227,1.18513668643434,2096.97348674337,0.00462338530809278
0.0849018896292465,1.00288309926358,2066.65832916458,0.00704975556633679
0.072968936407193,2.87650223749675,2087.81890945473,0.0115855850238306
0.0955490543286702,1.00577451078852,2062.60630315158,0.00221603389384966
0.0702179004852762,2.63848930932274,2088.71935967984,0.0105873600047474
0.0908582224871154,1.00288309926358,2064.25712856428,0.00247719643959728
0.0995414965437182,1.00288309926358,2061.25562781391,0.0116141008840272
0.0818252256811669,1.00288309926358,2068.00900450225,0.0019841170914642
0.0872101693957382,5.46618619625777,2085.86793396698,0.0190198998706981
0.0753282782333112,1.00288309926358,2071.31065532766,0.00994294080841764
0.0697616403230288,1.00577451078852,2074.61230615308,0.00100441523769137
0.0806698817116255,1.00577451078852,2068.60930465233,0.00663019596787418
0.097326009200091,4.27964604980107,2077.46373186593,0.0249195462078712
0.0928967699891999,2.90145376159538,2075.51275637819,0.0207733956273565
0.0782423908460166,1.00577451078852,2069.80990495248,0.00978789292515005
0.0965075482099485,2.49085867387056,2072.21110555278,0.0222221251463935
0.0983141116439191,2.11997911696849,2069.65982991496,0.022576611483536
0.0601752747798161,1.00288309926358,2081.66583291646,0.0016496280490706
0.0813168426113462,1.00577451078852,2068.30915457729,0.00119392740950777
0.0645561888533738,1.00577451078852,2078.21410705353,0.0021619344500845
0.0882467642383769,1.00577451078852,2065.30765382691,0.00665192550277148
0.0805136356289931,4.3542135747773,2087.66883441721,0.0152257702510883
0.0598982759967752,1.00577451078852,2081.9659829915,0.00635917432386703
0.0819703714752706,1.00577451078852,2068.00900450225,0.00626963320934736
0.0977116541846761,1.00288309926358,2061.85592796398,0.0127825736460051
0.0839777330519367,1.21975208146059,2069.50975487744,0.0134792068230617
0.0958519339209646,1.79396288338358,2068.90945472736,0.0202751229311632
0.0969944720798787,1.18855355314224,2063.95697848924,0.0181657779443732
0.0825352894286828,1.80432214140788,2075.21260630315,0.0143578299105068
0.0989506068974851,5.16033824803901,2078.66433216608,0.0265047406228316
0.0489614795306892,1.00288309926358,2093.52176088044,0.0035778976836116
0.0498784159924001,1.00288309926358,2092.32116058029,0.00338790413126592
0.0813721164005509,1.24817094410403,2071.01050525263,0.0127441198092731
0.077690138833858,1.96143148928283,2079.11455727864,0.0127454257994493
0.0790270842476151,1.00288309926358,2069.35967983992,0.00730358652033657
0.0580018787023293,1.00288309926358,2083.6168084042,0.00430248739016104
0.0622005787496691,1.00288309926358,2080.01500750375,0.00574194074099048
0.0918956449110706,2.1944987299355,2072.81140570285,0.0192927536453358
0.0758755116243982,1.00288309926358,2071.01050525263,0.00859001088136229
0.0882644999783528,5.79016143825715,2085.86793396698,0.0197072576985522
0.0972485070306171,1.00288309926358,2062.0060030015,0.0160976976318026
0.0937539066535821,1.70336542221432,2069.2096048024,0.0189581122433943
0.0973470508260495,2.16313573014221,2070.26013006503,0.0221518967856552
0.0747699050961027,1.00288309926358,2071.6108054027,0.00243499030826198
0.083504146230186,1.00288309926358,2067.25862931466,0.00242021097316723
0.0825969268326918,1.00577451078852,2067.70885442721,0.00214573974172089
0.086312094397349,1.00288309926358,2066.05802901451,0.00957644458834182
0.0950550467445915,4.69264665877481,2079.5647823912,0.0236786965223507
0.0822396340490766,1.00577451078852,2067.85892946473,0.00117052600621807
0.091633356667712,1.00288309926358,2063.95697848924,0.0119683387606229
0.0883865303117164,2.58584894057531,2076.4132066033,0.0181114513375685
0.0852998446249993,1.55793070570556,2071.91095547774,0.0149880309188581
0.0658718152395209,1.20578622343754,2080.16508254127,0.00813554055760348
0.0792556702218239,1.4249133228412,2074.012006003,0.0123846097532713
0.0972788662817339,1.00288309926358,2062.0060030015,0.00869719560498064
0.0994085010817328,8.370100693918,2083.31665832916,0.0280936166537835
0.0670451884101744,1.00577451078852,2076.4132066033,0.00709353057319883
0.0819606106176542,1.00577451078852,2068.00900450225,0.00927069176986562
0.0958678213053384,1.97844545312916,2069.95997999,0.020800557454096
0.0499904348799109,1.00288309926358,2092.17108554277,0.00402362877271873
0.0511194531387751,1.00288309926358,2090.8204102051,0.00342087640181674
0.0639835424461437,1.00577451078852,2078.66433216608,0.00138842565300195
0.0949234959416799,1.24458268867087,2065.15757878939,0.0176955777080165
0.0868351248830415,1.44974067037263,2070.26013006503,0.0153256605314482
0.0825493768704253,1.00577451078852,2067.70885442721,0.00820850063482398
0.0842290512608149,1.00577451078852,2066.95847923962,0.00845760803036919
0.0798063150833096,1.68871705388817,2075.96298149075,0.0130568614693024
0.0757582557977791,7.28980110054726,2098.17408704352,0.0135629182098204
0.0910762394164204,3.04698957090351,2077.01350675338,0.0198635816304699
0.081466913474697,1.25537852068667,2071.16058029014,0.0127163389143873
0.09417338137248,1.11560866287013,2064.25712856428,0.0166285113764845
0.0885277738793149,1.00288309926358,2065.15757878939,0.00398800837279151
0.0628739284446126,2.13836836392825,2092.17108554277,0.00811818472338147
0.089751058873504,21.5195511317025,2099.67483741871,0.0218176739170502
0.077303538201529,1.38447564841702,2074.61230615308,0.0117288784329353
0.0842788644829457,1.00577451078852,2066.95847923962,0.00234163632405122
0.083961112538714,2.21991621862324,2077.01350675338,0.0155488547831396
0.0609111786962673,1.00288309926358,2081.06553276638,0.00428535213121675
0.0802174131308365,2.85176528809274,2082.41620810405,0.0145057603534611
0.0631961357451859,1.00577451078852,2079.26463231616,0.00325332269024929
0.0933958542235366,1.00577451078852,2063.35667833917,0.0107742460625608
0.0914870479138073,6.51558610363938,2085.26763381691,0.0217485354906087
0.0706595429834054,1.00288309926358,2074.012006003,0.00547169187071638
0.0832249884973033,8.66431899975565,2094.12206103052,0.0173534915785008
0.0874964466873401,1.00577451078852,2065.60780390195,0.00838397191027274
0.0785601328829886,1.50936647207927,2075.06253126563,0.0124002145433872
0.0884111947642311,2.47655776434198,2075.96298149075,0.0178979806766442
0.0865201584006211,4.59902389909696,2084.21710855428,0.0184664875647562
0.0963629538664242,1.00288309926358,2062.30615307654,0.00215915345979956
0.0799268221057903,1.00288309926358,2068.90945472736,0.00602416227345215
0.087805045487537,1.23387969717049,2067.85892946473,0.0149492884907741
0.0910866885445336,11.0984240743995,2091.42071035518,0.0221222602861534
0.0584031274459791,1.00577451078852,2083.31665832916,0.00413834046779081
0.0976441443941604,1.05622377499757,2062.45622811406,0.0174788528835058
0.0788176408842802,1.00577451078852,2069.50975487744,0.00135585002731927
0.0713904454944559,4.11058351166975,2094.12206103052,0.0114462794247399
0.0871313223393868,1.00577451078852,2065.75787893947,0.00483362833708723
0.0909818499943324,1.46231609576324,2068.60930465233,0.0169667203833407
0.0711565743101154,1.00288309926358,2073.71185592796,0.00201410670805969
0.0928526203819415,4.80198009042612,2081.06553276638,0.022157056854346
0.0922728097355364,1.30701047960937,2066.8084042021,0.0168531282491342
0.0735469865553986,1.95579274466099,2081.9659829915,0.0111791014842441
0.0812188523947027,1.00288309926358,2068.30915457729,0.011381864829726
0.063476691650647,1.00288309926358,2078.96448224112,0.00592422778334135
0.095583239341639,1.86774606222357,2069.35967983992,0.0204952953029502
0.0493694691481646,1.09966477838038,2095.02251125563,0.00460968524974644
0.0851461120822635,1.07153781450759,2067.25862931466,0.0133356193171319
0.0815355519403606,2.44820179377353,2079.71485742871,0.0146919412852105
0.0775788806765592,3.94819959636536,2088.56928464232,0.0137896592650163
0.0970254193982995,2.21353437928443,2070.71035517759,0.0219714903662397
0.0959208926412649,1.00288309926358,2062.45622811406,0.00423051843339387
