0.0911391298500683,1.86774606222357,2057.80390195098,0.0349835511107343
0.0972383264726197,5.29579277470977,2067.70885442721,0.0645880778083765
0.0821312819204499,1.1481932879197,2053.60180090045,0.0204919922023179
0.069389055800608,1.1715671660767,2058.25412706353,0.0166786562301593
0.0758703810112112,5.32637338722108,2078.36418209105,0.0367939976646109
0.0884698841486329,2.32456441587663,2061.40570285143,0.038000185212978
0.0849857225683346,1.2232687477884,2053.75187593797,0.0227017813434855
0.0902694806481812,5.80685504843578,2071.76088044022,0.0552922854291031
0.0868409329758274,3.17230798106454,2065.90795397699,0.0423945935738182
0.0984574317432517,2.55624161321588,2059.30465232616,0.0487408210079497
0.0584770014053554,1.25537852068667,2065.00750375188,0.0136852412373922
0.0782540800648722,1.70827639380871,2060.95547773887,0.025853220521714
0.0956019120931816,5.57746185992785,2068.90945472736,0.0630662205559011
0.0939894313791062,1.50502732889567,2054.20210105053,0.0311425129915789
0.0747264399134568,1.00867425853989,2053.60180090045,0.0161223961826
0.0966485636969702,2.00713065465068,2057.05352676338,0.0405088105325674
0.0900351498206576,5.46618619625777,2071.16058029014,0.0541751357546211
0.0972371055105776,3.66345594042931,2063.65682841421,0.0568967362023513
0.0954132649597515,7.06256146630704,2071.6108054027,0.0662322361133322
0.0968857635033073,6.0805937181354,2069.35967983992,0.066434738969845
0.0706813796068305,1.57144459943409,2062.90645322661,0.020862306156122
0.0983950841849541,4.84363370723389,2066.35817908954,0.0644542466797584
0.0778318645188665,3.89177332396176,2072.96148074037,0.0359880111469494
0.0843141196133543,1.59882507273807,2057.80390195098,0.0278783398680045
0.0915494114154478,1.70827639380871,2056.45322661331,0.033186523970403
0.0942656009395165,2.42714808378022,2059.90495247624,0.0439197978139066
0.0816255654089322,4.17018228211692,2071.91095547774,0.040533224492284
0.0950931989147467,1.15150364314254,2050.45022511256,0.0242744997448517
0.0982086450278272,7.10334430368878,2070.41020510255,0.0716601749113436
0.0783473557177878,2.2456281019818,2065.00750375188,0.029858145840816
0.0844087114206801,1.09020803204812,2052.10105052526,0.0201206710042693
0.0908416812454858,4.3542135747773,2068.15907953977,0.0518568678415783
0.0477401270770656,2.07768351923393,2085.56778389195,0.0121727123801967
0.0800196949230593,2.66904925964653,2066.65832916458,0.0335728376799464
0.084315370375832,2.94352153037066,2066.05802901451,0.0386940305714447
0.0757723740728647,2.39935784176774,2067.10855427714,0.0290242083443742
0.0814275557446473,5.94214829246472,2076.56328164082,0.0438007387257725
0.077403758375458,5.85722521042959,2078.8144072036,0.0388586326034267
0.0783269572378597,1.2517695448338,2056.15307653827,0.0207920775529295
0.0841290651693568,1.66458250694606,2058.40420210105,0.0286052018495198
0.0945362080503107,4.25507507288674,2066.35817908954,0.0564639408374493
0.0887374790061026,2.34472828861258,2061.40570285143,0.0384047574037612
0.0804203651281129,1.2267955530143,2055.10255127564,0.0211908129790359
0.0849747144896865,1.3804955427344,2055.55277638819,0.0251896374342211
0.0748041461017034,1.06232295058138,2054.50225112556,0.016974712184345
0.0962908135556816,6.8227347852315,2070.86043021511,0.0672252776564366
0.0942574276870421,1.5896456468007,2054.8024012006,0.0326728767908056
0.0912259730190378,1.41265954868704,2054.05202601301,0.0282730441275259
0.0533363392731462,1.10601480450688,2065.30765382691,0.0110801744562346
0.0885365791656389,2.1944987299355,2060.65532766383,0.036897141065936
0.0866389421260976,2.43414579263315,2062.60630315158,0.0375773615351487
0.0862654563141584,2.09570588324384,2060.80540270135,0.0343983717297305
0.0693799555504146,2.91820823764409,2073.71185592796,0.0262437249305192
0.0739234710820111,1.05926897298544,2054.8024012006,0.0166923295812316
0.085581137040316,3.61109912366059,2068.15907953977,0.0429680194736327
0.0955880161791751,6.8227347852315,2071.16058029014,0.0660088599828633
0.0866775746116364,1.36076598863131,2054.8024012006,0.0255585138086274
0.0930828719944953,2.21991621862324,2059.30465232616,0.040597766154594
0.0834403781870662,6.42246765119551,2076.4132066033,0.0470167404281424
0.0586772580245095,3.97099851752979,2087.36868434217,0.0203622502788141
0.074029707543129,5.99369202303595,2081.36568284142,0.0353038996338319
0.0763174103918897,1.8199732981517,2062.75637818909,0.0257256840297738
0.0982740333995263,1.43727338940046,2052.55127563782,0.0316991050392017
0.0886501756951311,1.29204553462562,2053.45172586293,0.0252018097802967
0.0787387219078867,1.54898606893921,2059.30465232616,0.0245120223239669
0.0664520812418805,5.17521601544173,2084.81740870435,0.0274623209664403
0.0893989138856978,1.50936647207927,2055.40270135068,0.0291538233584226
0.0974571537485396,5.89104782059798,2068.75937968984,0.067013902974765
0.0807567224336217,2.85176528809274,2067.25862931466,0.0350338346953668
0.0713295554345844,4.98510624458552,2080.46523261631,0.0317881819526271
0.0980902675667381,4.29198469417562,2065.15757878939,0.0614212472667411
0.0780492424390362,3.74881037659201,2072.3611805903,0.0357506224992414
0.0754971864051231,1.16149208345279,2055.85292646323,0.0185724830320849
0.0430634786863229,2.54156531687388,2096.82341170585,0.0107734947722831
0.0827600115600082,2.76286929599819,2065.90795397699,0.0363593999011034
0.0846108463559412,1.79396288338358,2059.30465232616,0.0302481544448582
0.0901752152742889,3.97099851752979,2067.25862931466,0.0497687459912698
0.0794030431006119,1.86774606222357,2061.85592796398,0.0279127644773594
0.0962491790962656,7.87905475386486,2072.3611805903,0.0695165559865901
0.0914746887391077,6.98169689372975,2073.26163081541,0.0596358392926687
0.0627831292177171,1.73804099143649,2068.90945472736,0.0181066663238444
0.099614036737407,4.19426304469508,2064.4072036018,0.0628335493355704
0.0819202004914759,3.6740180475533,2070.11005502751,0.0393294298808529
0.0892376850694909,3.21830282695794,2065.15757878939,0.0449996346042467
0.0873643456781663,2.25859550568368,2061.40570285143,0.0366244573277134
0.082940063472848,2.21353437928443,2062.75637818909,0.033036908123898
0.0863362904752529,1.45811221351425,2055.85292646323,0.0269671969836724
0.0937995846504671,1.30701047960937,2052.4012006003,0.0272467644175717
0.0491786826782052,2.84356700216288,2090.97048524262,0.0138529971603297
0.063116017118963,1.50502732889567,2066.05802901451,0.0169655007880433
0.0896959699095047,2.92662172166501,2063.80690345173,0.0437046443041961
0.0894552161931587,7.54604567969013,2075.06253126563,0.0576009521552665
0.092119386757217,1.86237664548846,2057.35367683842,0.0356527347943963
0.079685992679542,1.5850757161707,2059.30465232616,0.0253627222371375
0.0645031928221194,2.91820823764409,2077.01350675338,0.0228232429192254
0.082254541136049,4.26734287669584,2071.76088044022,0.0416851466273778
0.089050993057548,3.92553157195246,2067.55877938969,0.0483926924066076
0.0929404397568812,6.22226476776323,2071.31065532766,0.0603481355257406
0.0710637093423233,1.32214875407135,2059.75487743872,0.0188619196253383
0.0931443516119239,1.7230944249062,2056.15307653827,0.0342135607825283
0.0732284890328431,7.83381828565906,2085.71785892946,0.03583094423412
0.0911834956798245,3.22758151346831,2064.4072036018,0.0471594727647359
0.0674232588136137,8.370100693918,2091.42071035518,0.0302233187238707
0.0984147395175104,2.51970871206025,2059.15457728864,0.0483333630788351
0.099190956394505,1.42081696649143,2052.25112556278,0.0316731262471329
0.0994605170986501,3.78132852701561,2063.35667833917,0.0601813385723616
0.074559839146788,5.40359972355987,2079.41470735368,0.0355394256575069
0.0991095911721208,1.84105289600553,2055.40270135068,0.039499950776875
0.0645769276878205,4.20635552139048,2083.01650825413,0.0249596733095052
0.0899187088399445,1.55793070570556,2055.70285142571,0.0300754498346336
0.061158896148757,5.84038679556032,2091.72086043021,0.023442849644826
0.0971599150099239,2.15071639511557,2057.65382691346,0.0428889587644834
0.0503578469326358,2.15691712397049,2083.46673336668,0.0134810646520597
0.0755015019434715,1.08707389011608,2054.65232616308,0.0175405239038906
0.0833239398261722,1.96143148928283,2060.95547773887,0.0311997330179456
0.0507921730411323,1.03217524340486,2065.30765382691,0.0099014914866154
0.0994511951606493,7.56780167843215,2070.56028014007,0.0750225459950195
0.075077107731995,8.76467231833321,2085.86793396698,0.0385014348820407
0.0721247739444912,1.06232295058138,2055.40270135068,0.016188513355
0.0646841436305884,3.26496454563336,2078.66433216608,0.0237440916161064
0.0611727242732656,7.10334430368878,2095.02251125563,0.0240138019111735
0.0858100770002346,2.35148837301477,2062.45622811406,0.0362985623548942
0.0556711052460484,1.31455782572457,2067.85892946473,0.0130138792840487
0.0782438645867582,1.54009278652809,2059.45472736368,0.0241542214532934
0.0985005527903008,3.62151028088471,2063.20660330165,0.0578994122518708
0.0514476173632462,4.73335188912938,2098.92446223112,0.0163710300577751
0.0834841359212719,2.18189932872234,2062.45622811406,0.0330978069171176
0.0476686760812577,2.23917234584048,2087.36868434217,0.0124135721721702
0.0969443621562045,3.19062650772569,2062.30615307654,0.0530160682444245
0.0831431731188808,1.03217524340486,2051.65082541271,0.0187223000562159
0.099909637071983,4.67915618701786,2065.45772886443,0.0659102990666855
0.0812471850065577,2.00713065465068,2062.15607803902,0.030224204156793
0.089181204333119,2.88479547897935,2063.80690345173,0.0429655900789163
0.0763997231312926,7.14436264200497,2082.11605802901,0.0390763945477346
0.0916722758956769,1.16484078042324,2051.35067533767,0.0236861080946917
0.0850230725936121,1.05622377499757,2051.50075037519,0.0196280622682953
0.0865761867835699,2.82724106811333,2064.55727863932,0.0402257996549647
0.0516145496626091,1.55793070570556,2074.7623811906,0.012571878289534
0.04053688861415,1.47925317679908,2085.56778389195,0.00846191433008736
0.0622658748984642,1.65502554408647,2068.30915457729,0.0174474169895006
0.0952255900964473,2.73123512958793,2061.10555277639,0.0474037667764671
0.0865242550890517,1.19198027101602,2052.85142571286,0.0226439757901397
0.0836113270493556,1.16149208345279,2053.30165082541,0.0212099400003743
0.0900364880741521,6.0805937181354,2072.3611805903,0.055700218068414
0.0985790457644444,4.50726900243269,2065.45772886443,0.0634397699793232
0.0916577613155684,1.50502732889567,2054.8024012006,0.0300693600891042
0.0833763281730042,1.81474121907939,2059.90495247624,0.0297465789214541
0.089510696975977,1.6984685687346,2057.05352676338,0.031829287733443
0.0722685950480271,1.93339940407185,2065.45772886443,0.0242241404585319
0.0848893867522749,4.23064516672908,2070.41020510255,0.0445165749927842
0.0794824441199114,5.89104782059798,2077.61380690345,0.0413043893359567
0.0907264658256694,3.59036651349369,2065.90795397699,0.0485286977237713
0.0764912381980209,1.36076598863131,2058.10405202601,0.0214395412425263
0.0766067329331741,1.72806227717372,2061.85592796398,0.0251035532699009
0.0992485717873469,4.69264665877481,2065.60780390195,0.0654613899049317
0.0612031906106288,3.29328569222577,2081.66583291646,0.0213009765479085
0.0691853119071748,3.19982540066046,2075.21260630315,0.0269024810464994
0.0922719178764943,8.81528401319323,2075.51275637819,0.0634868539763903
0.0665580664468723,2.71555413295041,2074.31215607804,0.0237784354556046
0.080526588835073,1.83576021707557,2061.10555277639,0.0282957465090056
0.0503906431926567,1.64079288241399,2077.1635817909,0.0123093598091832
0.0848042230973197,1.52245910708953,2056.90345172586,0.0271918270149479
0.0959280511542816,2.88479547897935,2061.40570285143,0.0496837432060344
0.0952949260543908,2.85998721049474,2061.55577788894,0.0487559764223221
0.077067839521251,7.52435222533039,2082.41620810405,0.0400168077991869
0.0931350993801494,1.60805750536954,2055.25262631316,0.0324501252206842
0.0801709868746283,1.56242237457588,2058.85442721361,0.0254096159744038
0.0789378868077852,1.26991877487462,2056.15307653827,0.0212791120020393
0.0794680365334805,3.12697047724319,2069.05952976488,0.0351944875949249
0.072367615553622,4.74699861247518,2079.11455727864,0.0323032011066976
0.0948154579347208,2.71555413295041,2061.10555277639,0.0470310442893021
0.0863415293098116,2.13836836392825,2061.10555277639,0.0347982824642339
0.0638357208655209,5.87411217212038,2089.1695847924,0.0256961839439389
0.0793758581282457,1.3686237465133,2057.2036018009,0.0226728553498955
0.0971922655265451,1.295770630155,2051.50075037519,0.0281769968870749
0.0794986076119298,3.09116744284691,2068.90945472736,0.0350528245889944
0.0560628095478534,2.97761447568876,2084.3671835918,0.0177262076921239
0.08831741349766,5.48194575365476,2071.91095547774,0.0521260471319597
0.0794569002918874,1.55345194953386,2059.00450225113,0.0249582219644018
0.0772514327102697,1.36468921205103,2057.80390195098,0.0218485167346137
0.0860899898758353,2.54889290196729,2063.50675337669,0.0378048709233816
0.0612034549644548,6.04568285725226,2092.17108554277,0.0236905038847664
0.0885613060622344,1.17833239331668,2052.25112556278,0.0229794779813878
0.0705084992133921,2.42017049201696,2069.95997999,0.0255299010933305
0.0931432087386695,1.16149208345279,2050.90045022511,0.0239961367846716
0.0788920677833989,3.9368492691367,2072.51125562781,0.0372086235966042
0.0926860274039903,2.85176528809274,2062.45622811406,0.0459979086496508
0.0973671842490994,1.35295334494457,2051.95097548774,0.0295370401839624
0.0567850928948909,1.02920793476607,2061.55577788894,0.0115114695741303
0.0952348987066508,2.77882351455518,2061.25562781391,0.0479476435676994
0.0765717960366629,1.08394875824941,2054.35217608804,0.0177946095670989
0.0886317974824835,7.56780167843215,2075.51275637819,0.0563607322020914
0.0852556711552875,1.25899790157518,2054.05202601301,0.0234185398360194
0.0983772123169755,6.68661474347447,2069.80990495248,0.0704304148721722
0.0296725793128624,1.04413027541975,2091.12056028014,0.00477909217926632
0.0965705132804198,4.74699861247518,2066.8084042021,0.0613868495259574
0.0991780836963051,1.27358007675926,2050.90045022511,0.0283641128769743
0.0778199724597739,3.01210229799636,2069.35967983992,0.0333221880771443
0.099277176631291,2.28475538672293,2057.80390195098,0.0462660808825553
0.0838507796921925,1.39247031798524,2056.00300150075,0.0248599137377304
0.0800750946734605,1.15482354244809,2054.20210105053,0.0199702549373995
0.0635583396663503,1.20231981606127,2061.40570285143,0.0149819237209626
0.0853947080779598,1.30325307163827,2054.50225112556,0.0241454448916261
0.0813158856140143,1.11240149892777,2053.30165082541,0.0196316416738817
0.0876595696690809,1.26626799854054,2053.45172586293,0.0243317094131335
0.073898629348557,3.10007958542497,2071.91095547774,0.0303027086510673
0.085879316773222,1.82522046182733,2059.15457728864,0.0313287727296012
0.0571951067135653,2.43414579263315,2079.41470735368,0.0174255769827033
0.0750132816412393,1.47076025583445,2059.90495247624,0.0220038200035457
0.0987056191118789,1.85168407581574,2055.55277638819,0.0394928763743701
0.0892952388053906,1.5896456468007,2056.15307653827,0.0303076761594023
0.0663927280809307,3.58004488871148,2078.96448224112,0.0254957609315199
0.0794599428118364,3.88058521159597,2072.06103051526,0.0375353837621756
0.0863239227724545,2.73123512958793,2064.25712856428,0.0393196942355589
0.0549134395088186,1.17833239331668,2065.90795397699,0.0119751052842671
0.0646084979972238,3.60071789654471,2080.46523261631,0.0241286789055184
0.0722410598850347,1.09650345009091,2056.00300150075,0.0167064029769715
0.0690522127233087,1.46653209822205,2062.45622811406,0.0192959741067161
0.0971033782170275,4.65229147967714,2066.35817908954,0.0618661292834041
0.0745159411380885,6.98169689372975,2083.16658329165,0.0366680797078857
0.0361673238207361,1.16819913201946,2084.06703351676,0.00657016108664934
0.0813915232980653,1.0232988843187,2051.95097548774,0.0180702777740051
0.0975105377512009,1.79396288338358,2055.40270135068,0.0378606805230246
0.0802730573346793,1.05015961695978,2052.70135067534,0.018285045323536
0.0935358132527069,3.13598584352336,2063.20660330165,0.0490801029207319
0.0827646314271366,1.02624915657849,2051.65082541271,0.0185010695439055
0.0728861632371426,2.27818714703702,2067.85892946473,0.0263082179214812
0.0961559273317416,1.77853540743712,2055.70285142571,0.0368627667547844
0.0664310743122952,3.26496454563336,2077.46373186593,0.0249346178428906
0.0714920714683793,2.39246014169509,2069.35967983992,0.0259096421902545
0.0567458295568628,3.56975293664868,2087.21860930465,0.0188067515145202
0.0554523470058187,1.46653209822205,2070.41020510255,0.0136765291416725
0.0906642397837476,2.42714808378022,2061.10555277639,0.0408496305960901
0.0960426669283252,3.26496454563336,2062.75637818909,0.0528413654429747
0.0599288167448721,3.36032741709575,2083.16658329165,0.0205232486075524
0.0567017293552434,1.87313095952011,2074.61230615308,0.0157427344433392
0.0929534490212133,1.36076598863131,2053.15157578789,0.0280471053488898
0.0943343468054454,1.34518555643637,2052.70135067534,0.0282358028231828
0.0770375106860381,3.37973166401872,2071.46073036518,0.0337790678602431
0.0517757709274698,1.07153781450759,2065.60780390195,0.0104122712371619
0.0954089455634089,3.16318819550752,2062.60630315158,0.0514182753134507
0.0886275267228546,1.09020803204812,2051.05052526263,0.0212942701455113
0.0981102784777302,2.90981894079874,2060.80540270135,0.0521895619930733
0.0969409118864729,1.83576021707557,2055.85292646323,0.0381923431909073
0.0480352603154685,3.04698957090351,2094.12206103052,0.0134308050780726
0.0982465673865,4.85759838400825,2066.35817908954,0.0645988748261249
0.0958081178946372,1.94456383978917,2056.90345172586,0.0390651205891643
0.0907410346105315,3.39924796097488,2065.15757878939,0.0478112384572444
0.0964109386393485,1.77342245446464,2055.55277638819,0.0369213546262448
0.0845199065333917,3.55949057200184,2068.45922961481,0.0416015500271285
0.0760526425583406,1.68871705388817,2061.70585292646,0.0245127645259873
0.0628520530330431,4.77441020717598,2086.61830915458,0.0241575315600118
0.0914723674744563,1.78880557933512,2057.05352676338,0.0342484542543463
0.0730224557641362,6.33068001474387,2082.86643321661,0.0345361646574402
0.0705867201395848,1.0808326105459,2056.30315157579,0.0160011352845479
0.0717039667262644,2.12609122719942,2067.25862931466,0.0249331968265459
0.096453716858751,4.0401882420282,2065.00750375188,0.0581626891864368
0.0884666794614913,3.63195145450856,2066.95847923962,0.0462169105824263
0.0954617341099647,3.08228092099346,2062.30615307654,0.0508385517078543
0.0998113784542464,2.90981894079874,2060.35517758879,0.0536761058349127
0.0915868277518359,2.75492656923522,2062.45622811406,0.0441352716804386
0.066916852605293,7.16496054867685,2089.46973486743,0.029236137647502
0.0949209361310647,4.81582467568853,2067.55877938969,0.0594787637042518
0.0649245433204522,1.36076598863131,2063.05652826413,0.0168084378287939
0.0942451371272151,2.012917411563,2057.80390195098,0.0389110686875198
0.0778633843382067,1.72806227717372,2061.25562781391,0.0258558297725655
0.0620208318964588,1.1715671660767,2061.55577788894,0.0142503925141998
0.0478213462171258,1.64079288241399,2079.71485742871,0.0113365071447045
0.0703008848196424,6.94161247758823,2086.16808404202,0.0323778769599374
0.040775324603127,1.92229906736858,2092.77138569285,0.00926139240427096
0.0855452910428138,1.09335121002246,2051.95097548774,0.0204849968335947
0.0838220607363944,1.33746236557711,2055.40270135068,0.0240966515207899
0.0926122768152759,3.70588742997801,2065.45772886443,0.051526850069071
0.0826384413144849,6.98169689372975,2077.91395697849,0.0466402544686176
0.0881086152963772,1.0808326105459,2051.05052526263,0.0209551300551242
0.0687985949519036,6.04568285725226,2085.26763381691,0.0303370773323121
0.0719053973885587,4.21848286189654,2077.61380690345,0.0312072907300343
0.0906337258707092,3.66345594042931,2066.20810405203,0.0487531408433804
0.0903205715731305,1.6984685687346,2056.75337668834,0.032312669386575
0.0763063916624952,1.1028352210931,2054.65232616308,0.0179874927603518
0.0904888092485363,6.64822449937834,2073.11155577789,0.0577149140975769
0.0493587225963248,1.95017021036364,2082.26613306653,0.0126248458065128
0.0850308633658475,5.48194575365476,2073.56178089045,0.0476709140206929
0.0931506417757073,3.31230280598519,2063.95697848924,0.0498753065846776
0.0883965881442673,2.15071639511557,2060.35517758879,0.0364574876216196
0.0661528449614797,3.11798102843626,2076.86343171586,0.0244724059181041
0.099741053297488,3.91424641100743,2063.50675337669,0.0617754206615004
0.0574713178482526,1.59422875299434,2070.71035517759,0.0150582702043811
0.0998256677040904,1.33361741419236,2051.35067533767,0.0299298566729341
0.0909435140205831,2.92662172166501,2063.35667833917,0.044930210173439
0.0812948973773665,1.669381663546,2059.45472736368,0.0270720970738835
0.0906816949733831,1.06538573309788,2050.30015007504,0.021208723586355
0.054802647570921,1.09966477838038,2064.25712856428,0.0114466992487238
0.0858830300727111,1.27358007675926,2054.05202601301,0.0238778788882483
0.0967441273044197,5.2653877364201,2067.85892946473,0.0636565564458855
0.0887248397249965,1.21975208146059,2052.70135067534,0.0238551615025023
0.0925432587470965,1.2517695448338,2052.10105052526,0.0257294559178176
0.0407679019673181,1.03217524340486,2074.012006003,0.00730318839525769
0.0993503003210103,5.11596107896008,2066.50825412706,0.067397373731797
0.0991514968414497,1.6741946565908,2054.20210105053,0.0366720872540789
0.0950577929937786,2.42017049201696,2059.75487743872,0.0441919045389184
0.081921256736316,1.07153781450759,2052.55127563782,0.0190755313537783
0.0659207805925041,2.32456441587663,2072.06103051526,0.0222334947430629
0.0788772434665191,1.13178371549186,2054.35217608804,0.0192072011536952
0.0943796362916981,3.03823005207779,2062.60630315158,0.0490865403984455
0.0997050785589568,2.90981894079874,2060.35517758879,0.0537202395418964
0.0812847081709397,1.00867425853989,2051.65082541271,0.0177953214000479
0.0993336745988275,2.01872085226992,2056.30315157579,0.0426296843498761
0.0960310886691095,4.20635552139048,2065.60780390195,0.0585085130100576
0.0999424733373265,2.67674439360146,2059.30465232616,0.0516890765143616
0.0740155156586555,1.51808232505612,2060.80540270135,0.0219939331424346
0.0949961930538383,2.7391095515787,2061.10555277639,0.0475258491985968
0.0938518591824613,5.72386552959968,2069.95997999,0.0606315444401589
0.0739398332488409,8.27426512232383,2085.86793396698,0.0370597681207881
0.0891075290534207,1.59422875299434,2056.30315157579,0.0302011864620983
0.0838169937085131,4.02857346483847,2070.26013006503,0.0427392604919751
0.0499750440151171,3.11798102843626,2092.02101050525,0.0145090711530087
0.0832147326513558,1.02035709353375,2051.35067533767,0.0184799638688025
0.0960709864115434,3.75961856902805,2064.4072036018,0.055879615144126
0.0932830531922238,2.69996316651677,2061.55577788894,0.0454452778787969
0.0541365149743228,1.74305193613896,2075.21260630315,0.0141667765438148
0.0941540004825768,1.96708649096514,2057.50375187594,0.0382985911306976
0.0954968408264606,1.68871705388817,2055.25262631316,0.0349869086666536
0.0866059931233109,1.67902152597229,2057.80390195098,0.030009630436272
0.0996617919997637,6.90175820040029,2069.50975487744,0.0739232703640428
0.071219168425036,1.4249133228412,2060.95547773887,0.0198814177626776
0.0707614666916399,3.00344307348301,2073.26163081541,0.0275791087954426
0.073773950911598,2.03037797761035,2065.60780390195,0.0256134616432435
0.0914928797210931,4.02857346483847,2066.95847923962,0.0515234009931834
0.0934025461028051,3.43861929685961,2064.4072036018,0.0507099817455296
0.0796196565445929,4.12243473196511,2072.81140570285,0.0382554797008354
0.0801435160361966,1.64079288241399,2059.6048024012,0.0262098896617655
0.0647083758076116,6.20437693319619,2089.31965982992,0.0265389814613314
0.0971620286022198,5.5136013085513,2068.15907953977,0.0653721836827073
0.0436828873719,1.017423759841,2070.71035517759,0.00797275400033425
0.0496647136855259,1.1988633739507,2070.11005502751,0.0104442480276123
0.0645081338986363,1.03813555048354,2057.95397698849,0.0137445015276551
0.0990094093078879,3.58004488871148,2062.90645322661,0.0582897768465762
0.0708504364459317,8.76467231833321,2089.1695847924,0.0337939439322586
0.0622964824652648,1.40859841962076,2065.15757878939,0.0160897433211249
0.0954144520849097,8.54049161663095,2073.71185592796,0.0685831283624454
0.0735732787498299,1.0684573459204,2055.10255127564,0.0166873226396227
0.0707297192616552,4.53329627591397,2079.5647823912,0.0304992842096713
0.0801555867940311,1.53566531100084,2058.70435217609,0.0250244859029846
0.0815489424953245,1.441417191251,2057.2036018009,0.0245990710721406
0.0789160225849935,1.13178371549186,2054.35217608804,0.0192387568206993
0.0819734565122137,2.69996316651677,2065.90795397699,0.035388439422084
0.0699923307394882,1.83048275359669,2065.75787893947,0.0222798617043705
0.0937048638965737,2.30457394564778,2059.6048024012,0.0419002169724096
0.0780941587881774,1.5850757161707,2059.90495247624,0.0245670282976878
0.0870252786177686,1.64552345116496,2057.35367683842,0.0298848528478179
0.0686188648770368,1.13831921276723,2058.10405202601,0.0160717738478857
0.0688594838112382,1.1817296425721,2058.70435217609,0.016610366934802
0.0909798060727678,7.10334430368878,2073.71185592796,0.0589498903229605
0.0934104490417516,1.58051892322707,2054.95247623812,0.0321536080630001
0.0699909980374701,2.46233896144414,2070.56028014007,0.0253040696209872
0.0970474733367271,2.98619923379083,2061.40570285143,0.0517747679609244
0.0934021456999305,1.41673238639154,2053.60180090045,0.0292821910019886
0.0663893413417816,3.12697047724319,2076.71335667834,0.0246926522960842
0.0696830833896239,2.2456281019818,2069.35967983992,0.0241021967784967
0.0876042996469308,2.52697328239242,2062.75637818909,0.039030619004084
0.0909663196887436,2.72338334507132,2062.45622811406,0.0434957542581042
0.0967284544804802,1.52245910708953,2053.60180090045,0.03274935896189
0.0794399597210822,6.68661474347447,2079.26463231616,0.0422912462084154
0.0801220307840075,3.51873529007318,2070.41020510255,0.0370751770424444
0.0671797945340131,2.11388457789867,2069.80990495248,0.0220563927475901
0.0811060542763231,1.7683242002651,2060.35517758879,0.0280182054275611
0.076769917580702,1.7230944249062,2061.70585292646,0.0251659452967431
0.0993739814291279,3.70588742997801,2063.05652826413,0.0598509671656862
0.0743615166868098,2.89311263070037,2070.56028014007,0.0300898425069728
0.0947388245497568,7.24794774808137,2072.21110555278,0.0653520530946627
0.078736374710287,4.11058351166975,2073.11155577789,0.0376263947846348
0.0757997346996707,1.65026765861521,2061.40570285143,0.0240441835875179
0.0989270428490289,1.27358007675926,2050.90045022511,0.0282633568566225
0.0959046434329258,2.36506706799381,2059.15457728864,0.0444330337428856
0.0776500283616374,1.14160110005127,2054.8024012006,0.0189795120039737
0.0769722592729458,4.06351835261943,2074.012006003,0.0356085457629362
0.0952528572605698,2.73123512958793,2061.10555277639,0.0474099577744881
0.0705404872536558,4.15819379664401,2078.36418209105,0.0298239766991862
0.0748369221862327,3.53905426496764,2073.26163081541,0.0324052206555602
0.0638962422252489,4.36676720472819,2084.21710855428,0.0245806408823538
0.0799654410400107,2.77882351455518,2067.25862931466,0.0340424622661062
0.0962035458842336,1.77342245446464,2055.70285142571,0.0367385982762491
0.0400230703746027,1.07772542117776,2076.26313156578,0.00728474414450062
0.0840906142733189,3.66345594042931,2068.90945472736,0.0417799424725245
0.0527396125262522,3.90299369276608,2093.37168584292,0.0166548605404755
0.0464290907980945,1.25899790157518,2074.16208104052,0.00973029633468732
0.0894360086960034,1.1817296425721,2052.10105052526,0.0233265720458839
0.0965122057883761,8.58980877761041,2073.26163081541,0.0708182422749406
0.0677803970318907,1.87853138201008,2067.40870435218,0.021326679398389
0.058825936049317,7.24794774808137,2097.87393696848,0.0223140677477981
0.0964284808447594,4.61228334151361,2066.50825412706,0.060743619280379
0.0877271966080642,6.25819530279368,2073.86193096548,0.0525386478100863
0.0687546252980175,1.97275779657863,2067.70885442721,0.022342634512394
0.0904024124266812,1.2232687477884,2052.25112556278,0.0244544593442588
0.0954523741797549,1.19198027101602,2050.75037518759,0.025351031017351
0.0953928286134999,4.97077500682395,2067.70885442721,0.06079603854438
0.0744764959520516,1.00577451078852,2053.60180090045,0.0160521362017536
0.0625169121647487,4.3542135747773,2085.41770885443,0.0234470389805479
0.0932107978423723,5.16033824803901,2069.05952976488,0.0580586428315981
0.0688431179685222,3.73803325566538,2077.91395697849,0.0276577224149754
0.0800202229597499,2.82724106811333,2067.40870435218,0.0344162167838613
0.0991986968833727,6.47817779606607,2069.05952976488,0.0717742870165397
0.069548657490638,2.56361151152847,2071.46073036518,0.0253817429518404
0.0608281289878864,1.29204553462562,2064.25712856428,0.0147389966429339
0.051857291680116,3.28381811862624,2090.97048524262,0.015596402479235
0.09412551119661,1.75311720834914,2056.00300150075,0.0353604332350413
0.0818604646504249,1.37652687910296,2056.45322661331,0.0238398141813338
0.083355055478899,2.35826794741131,2063.50675337669,0.0344049041636436
0.049593254641193,1.92784124639408,2081.66583291646,0.0127245134062257
0.0527735780893571,4.59902389909696,2096.67333666833,0.0170628300444981
0.084063381413186,1.28093437865255,2054.65232616308,0.0233368232367171
0.0664050026612294,1.58051892322707,2065.15757878939,0.0189029438449413
0.09713397406796,1.40859841962076,2052.55127563782,0.0305985175234126
0.0862554914030552,2.69996316651677,2064.10705352676,0.0390958188956202
0.0682854981077708,1.16484078042324,2058.55427713857,0.0162373156360419
0.0579955885365892,1.81474121907939,2072.96148074037,0.0161644919519125
0.0972549107169547,1.28462743961633,2051.35067533767,0.0279615108673423
0.0910782158043352,5.10125365829453,2069.80990495248,0.0549540852154557
0.0787760778509741,2.65372529430481,2067.10855427714,0.0325715306385114
0.0970210215172213,3.04698957090351,2061.70585292646,0.0521340961218475
0.07882805739176,1.29204553462562,2056.45322661331,0.021474743047676
0.0904193487275804,4.0518365057735,2067.40870435218,0.0504385385842463
0.0815160417146406,1.4249133228412,2057.05352676338,0.0243602053867322
0.0974822447915035,8.370100693918,2072.51125562781,0.0725336583279939
0.0910952550755263,2.03623175886238,2058.85442721361,0.0370929774077636
0.0357834617143075,1.26262771749805,2087.51875937969,0.00667365558021732
0.0874548799020924,1.54453302690677,2056.30315157579,0.0287572972210054
0.0863731514491858,1.23033252636976,2053.45172586293,0.0232919959924936
0.0768026675999376,1.20578622343754,2056.00300150075,0.0196048612317145
0.0782439606484451,2.31788173275986,2065.45772886443,0.030317770816713
0.0988165603164227,3.85830538552188,2063.65682841421,0.0602246662998383
0.0752439824546634,2.7391095515787,2069.35967983992,0.0300925033548263
0.0674417933956935,4.99947880072813,2083.46673336668,0.0281752703687869
0.0746397430390331,4.24284253669373,2075.96298149075,0.0337940557076407
0.0815495624774712,2.91820823764409,2067.10855427714,0.0362065632683429
0.0832874875723983,1.37256962462899,2056.00300150075,0.0243683544392048
0.0790646122161408,2.2008256876077,2064.4072036018,0.0301401875740249
0.0867080790315676,1.56242237457588,2056.75337668834,0.0285746547880742
0.0640045641785456,1.2232687477884,2061.55577788894,0.0153140830922554
0.0949676621466007,4.39198314906283,2066.50825412706,0.0578353394569666
0.0388198465848428,1.24817094410403,2082.56628314157,0.0074653099871499
0.0642661619174377,1.15482354244809,2060.20510255128,0.0148116179854021
0.0878285580315828,1.85168407581574,2058.70435217609,0.0328101772783047
0.0847846128867092,4.3416960341386,2070.86043021511,0.0444449941677954
0.0824533038136053,1.19541686845759,2054.05202601301,0.0213985673459437
0.0990430408591015,2.83539228475476,2060.20510255128,0.0524668822131585
0.0873144538339663,2.31788173275986,2061.70585292646,0.0371963747454056
0.0967804624029655,7.37423424898408,2071.46073036518,0.0693963097904167
0.0774908979238788,6.04568285725226,2079.11455727864,0.0393512079563651
0.0859200416838523,1.05318733137807,2051.20060030015,0.0198289050366905
0.0562578456984609,6.2943333190863,2098.47423711856,0.0199767174646145
0.0895358061453801,2.09570588324384,2059.75487743872,0.0366085581119243
0.0878806180609947,1.92229906736858,2059.15457728864,0.0336947591675316
0.0922128039500616,1.38447564841702,2053.60180090045,0.0282070860511291
0.0659911845331541,7.4811522310616,2090.97048524262,0.0285379690904239
0.0828632989457229,1.88394737445416,2060.65532766383,0.0301008948566562
0.0660167331500293,1.37652687910296,2062.75637818909,0.0173479679356526
0.0611931685756026,5.37257572706184,2090.22011005503,0.0232471588377563
0.0786950408305332,1.39648494813358,2057.65382691346,0.0228348274665975
0.0358627855961985,1.03217524340486,2080.01500750375,0.00614207538013262
0.0570031372916699,5.89104782059798,2096.3731865933,0.0203520573298269
0.0735274402063932,1.63607591315362,2062.30615307654,0.0227390966358852
0.0952977367725253,2.012917411563,2057.50375187594,0.0396206294136118
0.0429432329861985,1.17494491051044,2075.81290645323,0.00836998411178716
0.0953749637888523,2.65372529430481,2060.65532766383,0.0470096427959363
0.0910729130366454,1.11240149892777,2050.75037518759,0.0224008717022076
0.0524558202104262,1.8463608342542,2077.91395697849,0.0137383724072114
0.0356512282639274,1.26626799854054,2087.81890945473,0.00663796328273397
0.057285892599137,3.00344307348301,2083.46673336668,0.0184042473812822
0.0951750295928778,2.6460963359074,2060.65532766383,0.0468331956904957
0.0461668399175627,3.23688695135292,2098.024012006,0.0127123247995968
0.0927021802097633,2.89311263070037,2062.60630315158,0.0463217856726764
0.0613667082497798,1.92784124639408,2071.76088044022,0.0182091411460842
0.0932240855818979,1.84105289600553,2056.90345172586,0.0360021891755132
0.099205600800751,2.0598161414781,2056.60330165083,0.0431011388697977
0.0431400849820948,1.05318733137807,2072.21110555278,0.0079817884496086
0.0626747751479507,4.17018228211692,2084.51725862931,0.0234090378405931
0.0627215544950293,2.07768351923393,2072.21110555278,0.0194670461538628
0.0989570834799162,3.65292419736599,2063.05652826413,0.0589257340176209
0.0310469303431553,1.07772542117776,2089.61980990495,0.00515171659387345
0.0613403223505417,1.50070065992818,2066.95847923962,0.0162375746991562
0.0744792098963097,1.1715671660767,2056.30315157579,0.0183671467129476
0.0898637301872892,4.07523387938939,2067.70885442721,0.0499106622382844
0.0516744051292341,2.78683513858361,2087.66883441721,0.0150164519864684
0.0953306472966642,3.62151028088471,2064.25712856428,0.0541317969085865
0.0907959562581336,7.31081832073186,2074.16208104052,0.0588574057210646
0.0903082241634097,1.3804955427344,2054.05202601301,0.0273745268281736
0.0898467502279402,2.56361151152847,2062.15607803902,0.0411331390453236
0.0608094639890347,1.12853005133194,2061.40570285143,0.0134942918636003
0.0948833088300431,2.97761447568876,2062.15607803902,0.0492886407589093
0.0615995755776686,7.78884153617836,2096.07303651826,0.0246512233812072
0.0931001626857449,3.0557743442915,2063.05652826413,0.0480996107388615
0.0353730631154363,1.54453302690677,2095.17258629315,0.00700623893804264
0.0821195276654941,1.10601480450688,2053.00150075038,0.0197725435747617
0.075744564189448,7.87905475386486,2083.91695847924,0.0388082135301372
0.0689770207190637,4.3542135747773,2080.16508254127,0.0287692012091453
0.0536961259806569,3.66345594042931,2090.97048524262,0.0170454338245742
0.0873743408815232,2.90981894079874,2064.70735367684,0.0412414198607183
0.0963262532269551,5.40359972355987,2068.30915457729,0.0634993893629524
0.0696860562930595,2.33126636583218,2069.95997999,0.0244642155218071
0.0948454153983575,7.41681684421187,2072.3611805903,0.0661023593025509
0.0693606169954718,5.90803229623124,2084.51725862931,0.03071980922585
0.0783963664375153,1.81474121907939,2061.85592796398,0.0268262604864618
0.0829858045572456,7.92455244054436,2079.26463231616,0.0481732814409031
0.0942241041405841,1.92229906736858,2057.2036018009,0.0377789190686691
0.0940169484045616,3.45847564108692,2064.25712856428,0.0514983971871129
0.0779691942245613,2.50524216415549,2066.65832916458,0.0312183225101213
0.0777612944684948,1.42902148939294,2058.40420210105,0.0227385896106906
0.0985421305577166,1.86237664548846,2055.55277638819,0.0396970890263401
0.0479709237178478,1.32596064017055,2074.16208104052,0.0104368764022831
0.0998479467465977,3.26496454563336,2061.55577788894,0.057073795010833
0.0978503416485717,3.49853297367273,2062.90645322661,0.0566317971918216
0.0865153207612546,5.80685504843578,2073.56178089045,0.0500723091732251
0.0556090551951347,2.62334079957365,2082.41620810405,0.0168796808869085
0.0803831695235946,5.05738459676651,2075.06253126563,0.04113532341407
0.0516451122463182,2.87650223749675,2088.4192096048,0.0150796346919981
0.0897459285284049,1.62668261683323,2056.30315157579,0.0310932340866058
0.0545230678079076,4.12243473196511,2092.47123561781,0.0178008958928362
0.0875360314818552,1.01449885892793,2050.30015007504,0.0193702088149137
0.0927833203616324,1.38846722913941,2053.45172586293,0.0285264905517799
0.0876727998159838,3.78132852701561,2067.70885442721,0.0461364267657256
0.0868563436162179,1.00867425853989,2050.30015007504,0.019089311724227
0.0962829360968722,5.95928009583079,2069.35967983992,0.0652278761882348
0.0959835777966845,5.5454396587911,2068.75937968984,0.0632667373274158
0.0918091918879108,1.07462716439149,2050.15007503752,0.0217154665706821
0.0662948833091573,1.55793070570556,2064.85742871436,0.018773359351151
0.0977281702410459,8.49145760309168,2072.51125562781,0.0734716200461612
0.0796066511158578,1.31077872056062,2056.45322661331,0.0220633560671605
0.0912746623895298,2.91820823764409,2063.20660330165,0.045145843994992
0.0631065300477942,1.10920355497526,2059.90495247624,0.0140430534809913
0.0974923274888105,1.41673238639154,2052.55127563782,0.0308899754857844
0.0742003416086564,5.48194575365476,2079.86493246623,0.0352218555920422
0.0748330929410653,2.0598161414781,2065.30765382691,0.0264539177210088
0.0908627144505738,2.4062754285944,2060.95547773887,0.0408228137027424
0.0989501805392879,3.36032741709575,2062.15607803902,0.0568216370415808
0.0862820767381463,1.295770630155,2054.20210105053,0.0243932269081861
0.0817568050195558,6.47817779606607,2077.46373186593,0.0449301337710976
0.0688273275711671,1.05926897298544,2056.60330165083,0.0152272554681055
0.0612788117308787,1.20231981606127,2062.60630315158,0.0142036652131859
0.0761694943284388,1.36076598863131,2058.25412706353,0.0212763690846168
0.092319398284017,2.12609122719942,2059.00450225113,0.0389763141498973
0.0755947832634048,2.70774742833384,2069.05952976488,0.030168789694733
0.0680810565028726,1.88937898174206,2067.25862931466,0.0216189139749591
0.0858262481248087,5.59354223610883,2073.41170585293,0.0489141051132358
0.0881242913023865,1.04112859832463,2050.45022511256,0.0200656971680523
0.0990587695730459,4.13432012050498,2064.4072036018,0.0618673018749606
0.0974207704398976,3.75961856902805,2063.95697848924,0.0575318535774668
0.0969019339527476,1.47925317679908,2053.30165082541,0.031937125931954
0.0894333177522606,2.77083492243083,2063.20660330165,0.042466583233493
0.0985753058675456,3.06458444505318,2061.25562781391,0.0539309583778641
0.068844791301812,1.24458268867087,2059.6048024012,0.0172554364870214
0.0918963906437247,1.86237664548846,2057.50375187594,0.035496230408772
0.080051125426381,1.46653209822205,2057.95397698849,0.0242407172644752
0.0952023721951082,7.65545473146367,2072.51125562781,0.067268438697477
0.0675642390220232,3.31230280598519,2076.86343171586,0.0258874508947654
0.0697098576859944,2.04210241714683,2067.70885442721,0.0232827577910006
0.052300331838814,1.28833114804146,2069.80990495248,0.0117202386391147
0.0826725477941621,3.74881037659201,2069.95997999,0.0404526814117473
0.099597094224027,4.17018228211692,2064.25712856428,0.0631619065764212
0.0964809957904416,1.37256962462899,2052.4012006003,0.0295932801144501
0.0893446518939094,4.98510624458552,2070.41020510255,0.0519219873059056
0.0923639505272916,2.76286929599819,2062.15607803902,0.0450566101522428
0.0860257023946908,1.76324060258228,2058.55427713857,0.0308150346718216
0.0603558537889933,1.0684573459204,2060.50525262631,0.0128610827748076
0.0901681600362389,6.02830266228601,2072.21110555278,0.0557364765595096
0.0818611468935377,1.59422875299434,2058.55427713857,0.0266059516266257
0.0682486560885243,3.28381811862624,2076.26313156578,0.0263590666442485
0.0579900078547842,1.04714060664789,2061.25562781391,0.011992444973151
0.0748732889080248,6.44098426295101,2081.66583291646,0.0369164188451559
0.0846153816526787,2.95200799512719,2065.90795397699,0.0391467379200161
0.0915423099709841,3.78132852701561,2066.20810405203,0.0504304270312947
0.0924066716982006,1.78880557933512,2056.75337668834,0.0348559728065181
0.0656327224816002,4.27964604980107,2082.41620810405,0.0259149693168596
0.0490943176703932,1.71320152422168,2079.41470735368,0.012025775845561
0.0839105589072004,1.55345194953386,2057.50375187594,0.0271318955437114
0.0657290957526378,1.06538573309788,2057.95397698849,0.0143643346027179
0.0926542476358166,1.83048275359669,2057.05352676338,0.0355205870889669
0.0801985651342377,6.862132740856,2079.11455727864,0.0434469899456376
0.0964394438112696,6.51558610363938,2070.26013006503,0.0669784995992539
0.0978538178576653,6.7058929175172,2069.95997999,0.0699935180277491
0.0719316599470294,1.81474121907939,2064.70735367684,0.0232137582782081
0.0884389088193821,2.07768351923393,2059.90495247624,0.0357895927726446
0.0456422353997565,1.41265954868704,2078.06403201601,0.00997519973381418
0.0956905269322886,2.012917411563,2057.35367683842,0.0399672096249161
0.0987691998395484,1.24817094410403,2050.60030015007,0.0275850861811103
0.0876151947813445,3.30278056177977,2066.05802901451,0.0439404387486069
0.0501926891130761,4.3416960341386,2098.92446223112,0.0153895689451651
0.0437002006484676,2.83539228475476,2098.62431215608,0.011273808458535
0.0866329422553071,4.06351835261943,2069.05952976488,0.0460250202996271
0.0852798030090532,2.97761447568876,2065.75787893947,0.0398574528504594
0.0816464294835543,1.50936647207927,2057.80390195098,0.025524912763353
0.0978180234309182,1.79396288338358,2055.40270135068,0.0380031675398471
0.0979722552698482,5.07196553857306,2066.95847923962,0.0649163394826123
0.087041629488119,1.27358007675926,2053.75187593797,0.0242617984328531
0.0814542424673688,1.42081696649143,2057.05352676338,0.0242607053901943
0.0986492384773741,2.60827926283097,2059.45472736368,0.0495908011646523
0.0324047520451695,1.45392041663176,2098.7743871936,0.00608439347867777
0.0889948797835749,2.90145376159538,2063.95697848924,0.0429243548844185
0.0855002687881741,2.66137624774655,2064.25712856428,0.0381181812602017
0.0979604931732416,2.16937226517279,2057.50375187594,0.0438012066668386
0.0725606411507595,2.15071639511557,2067.10855427714,0.0255326604426636
0.0828973947323306,2.00713065465068,2061.55577788894,0.0311988187409561
0.0958068414590184,1.669381663546,2054.95247623812,0.0348979466183725
0.0759398595590537,1.01158236655188,2053.30165082541,0.0164786397965234
0.0864267961491242,1.21975208146059,2053.30165082541,0.0231150889630721
0.0851008334937293,2.15691712397049,2061.70585292646,0.034013592922814
0.0882184498467352,8.58980877761041,2077.31365682841,0.0564505896597044
0.0991469088858996,1.64552345116496,2054.05202601301,0.0361394911269501
0.0934602678644891,1.86774606222357,2057.05352676338,0.0364977317100825
0.093847530989164,3.44853317762211,2064.25712856428,0.0513234132887167
0.0978153124023235,5.52949756842363,2068.00900450225,0.066076554481917
0.07918215688579,1.15150364314254,2054.50225112556,0.019636828010111
0.0837466433583819,2.31788173275986,2063.05652826413,0.0344937134670598
0.0860159967112762,1.82522046182733,2059.00450225113,0.0315122168630006
0.0868222767653341,7.2688443008963,2076.11305652826,0.0527363412458484
0.0888116754986683,3.83615347588896,2067.40870435218,0.0476383464977785
0.0691329447088857,3.56975293664868,2077.01350675338,0.0275769794803564
0.0965969323693299,1.62668261683323,2054.50225112556,0.0345027306031454
0.0821128447684312,8.51593931825384,2080.76538269135,0.0472193330134194
0.0453534182955908,1.56242237457588,2081.06553276638,0.0102637963170656
0.0871312809773704,1.11560866287013,2051.80090045023,0.021367257892635
0.0998652231693652,3.07341994620988,2060.95547773887,0.0552370205578251
0.0545848909969559,5.97646129188652,2099.52476238119,0.0187812087920463
0.0781480660379996,2.66137624774655,2067.40870435218,0.0321694059514855
0.088548479790824,5.5136013085513,2071.91095547774,0.0523709355573837
0.0836936478173609,7.45964533309522,2078.06403201601,0.0488401946922204
0.0633472933074902,7.58962040187813,2093.82191095548,0.0260870599827485
0.0559974278930388,1.23387969717049,2066.20810405203,0.0126641456606227
0.0874249512768337,3.23688695135292,2065.90795397699,0.0433437260278069
0.0480456860232296,1.2517695448338,2072.51125562781,0.0102036759175615
0.0650099165557321,4.13432012050498,2082.41620810405,0.0251656714791817
0.0954568650052234,1.69358579278262,2055.25262631316,0.0350742622321711
0.0867936269095953,6.36723659478765,2074.46223111556,0.0516761599790808
0.0816473138713375,1.1817296425721,2054.20210105053,0.020878807079532
0.0965990722931142,1.16819913201946,2050.30015007504,0.02507152700643
0.0668765950480834,1.36468921205103,2062.15607803902,0.0175931289851824
0.0801767821779455,4.25507507288674,2072.81140570285,0.0394092646530924
0.0683239132131006,2.82724106811333,2073.86193096548,0.0252360304768446
0.0962614168485315,2.6460963359074,2060.35517758879,0.0476952082776878
0.0748627994564232,1.78880557933512,2063.05652826413,0.0246883123052211
0.0827307676296037,1.24458268867087,2054.65232616308,0.0222280550042323
0.0862865578401987,5.90803229623124,2073.86193096548,0.0500550711919129
0.0661399654122589,8.89175006582625,2093.67183591796,0.0289262850046921
0.0764644005836515,6.40400427119728,2080.61530765383,0.0384311592600273
0.0892636988402142,4.29198469417562,2068.60930465233,0.0498502522334996
0.0744241006215023,1.41673238639154,2059.6048024012,0.0211517714445585
0.0867691467147439,4.94223601165526,2071.46073036518,0.0486219233535401
0.0940303010156032,3.48847535295163,2064.25712856428,0.0519045378639521
0.0847768290768916,3.84721348715026,2069.2096048024,0.0432247945209474
0.0632563075344418,2.92662172166501,2077.91395697849,0.0220823307890048
0.0586411539888657,2.55624161321588,2079.11455727864,0.0185071326983963
0.0607672173012116,3.91424641100743,2085.11755877939,0.0217648275666792
0.089284404872353,3.10007958542497,2064.70735367684,0.0442879724044015
0.0801723111734042,1.09335121002246,2053.30165082541,0.0189920752845749
0.0956337344102387,1.96708649096514,2057.05352676338,0.0392963004257031
0.0951357387484996,1.94456383978917,2057.05352676338,0.0387259916293271
0.0984437616864456,2.04210241714683,2056.75337668834,0.0422604570596067
0.0862452215479408,3.46844676966084,2067.25862931466,0.0432592281860812
0.0910770848061358,8.27426512232383,2075.36268134067,0.0609399428183436
0.0746853789433324,1.08707389011608,2054.95247623812,0.0172894871824602
0.0789170688709537,1.20926262481036,2055.40270135068,0.0203809772753747
0.0432088794809773,2.46233896144414,2095.77288644322,0.0107666784231021
0.0501636024196198,4.55947384416678,2099.97498749375,0.01548964620872
0.0680905435118712,2.96051892720402,2074.7623811906,0.0254177787847877
0.0578249646537064,1.39247031798524,2067.70885442721,0.0142042462294261
0.0715100269527743,1.1028352210931,2056.30315157579,0.016545656095696
0.0677408496658206,1.31834782642385,2061.10555277639,0.0175646985499967
0.0845957956707027,1.6984685687346,2058.55427713857,0.0292318001279899
0.0562778573982125,1.69358579278262,2072.81140570285,0.0149650427832733
0.0870812484779684,1.12205075712963,2051.95097548774,0.0214918078153413
0.0593819011624469,3.81412874828321,2085.86793396698,0.0207859762596645
0.0877290815728267,7.65545473146367,2076.26313156578,0.0545191783767895
0.0851951528578849,1.57597523020146,2057.35367683842,0.0279681366037877
0.0576143712708429,1.00867425853989,2060.65532766383,0.0115712894338422
0.0732858554781359,6.92165665438525,2083.91695847924,0.0353179481136389
0.086346406629952,1.4963864293158,2056.30315157579,0.0274154474080758
0.0615134840467589,1.18513668643434,2062.15607803902,0.0141522857063288
0.0769314953583206,5.99369202303595,2079.41470735368,0.0385177864456183
0.085552035640674,1.79396288338358,2059.00450225113,0.0307933579176275
0.0954455753026254,2.02454102487246,2057.50375187594,0.0398888572057073
0.0867598836549537,1.16484078042324,2052.55127563782,0.022177896431036
0.0782296782057483,2.30457394564778,2065.30765382691,0.0303264033122392
0.0944347341386076,1.41673238639154,2053.30165082541,0.0297221855120317
0.072003267638693,1.28462743961633,2058.85442721361,0.0188066853034029
0.0676025722054174,5.2653877364201,2084.21710855428,0.0284558247051763
0.0776098127478037,7.52435222533039,2081.9659829915,0.0408962665507581
0.0633773901163758,2.57100265798945,2075.66283141571,0.0212439189938064
0.0898113536340048,4.29198469417562,2068.30915457729,0.0507282101756094
0.0788067549612552,1.05926897298544,2053.30165082541,0.018021072194815
0.0854278157195204,1.55345194953386,2057.05352676338,0.0278196947391504
0.0553996201576794,1.65502554408647,2073.11155577789,0.0143929818479005
0.0961503357866121,2.44116367657533,2059.45472736368,0.0454893145929833
0.0961668221041441,3.34103457688672,2063.05652826413,0.0533106690175879
0.0585253617377125,5.79016143825715,2094.27213606803,0.021488154914627
0.0642392968327028,1.15150364314254,2060.20510255128,0.0147900932364043
0.0906417312062373,1.669381663546,2056.45322661331,0.0321273332410507
0.0798298236654705,2.17562678075294,2063.80690345173,0.0305399572875562
0.0909268120611673,6.34893199363231,2072.3611805903,0.0578974779533466
0.0956183811326115,1.53125056362849,2054.05202601301,0.0323113871809205
0.0810370646160924,2.012917411563,2062.30615307654,0.0300578245885867
0.088065641540983,3.62151028088471,2067.10855427714,0.0456770261314417
0.086517090352867,1.51371812544339,2056.30315157579,0.027875450029221
0.0990384528478139,2.13222095925085,2057.05352676338,0.0439742956364597
0.0872187336567517,3.50861959151272,2067.10855427714,0.044200956884831
0.0872450332682715,1.58051892322707,2056.75337668834,0.0290878609140607
0.0860886573893228,1.3490638599235,2054.8024012006,0.0251570257380208
0.093953866451181,2.87650223749675,2062.0060030015,0.0476877919926544
0.0574692773382004,6.61005466738882,2097.87393696848,0.0210156201849149
0.078090199456902,3.51873529007318,2071.46073036518,0.0351397292497648
0.0990125011133892,1.3804955427344,2051.95097548774,0.0307343402633505
0.0918807315307955,3.82512526006857,2066.20810405203,0.0510175201404367
0.099370556179026,1.46653209822205,2052.55127563782,0.0326906745286283
0.0758414365385637,4.3416960341386,2075.66283141571,0.0349332575646756
0.0780817975263769,2.17562678075294,2064.55727863932,0.0293654631310953
0.0558152871798255,1.62200621191813,2072.3611805903,0.0144463035742424
0.0990567053860071,3.4784466459882,2062.45622811406,0.0579638875710615
0.0980072202370318,1.92784124639408,2056.15307653827,0.0402648075365464
0.0921735927715071,2.2071708865269,2059.45472736368,0.0397903697924408
0.0661459972766864,5.01389279437678,2084.51725862931,0.0271416010588588
0.0741636301437055,1.31834782642385,2058.40420210105,0.0200514999495254
0.0800086009182172,5.46618619625777,2076.26313156578,0.041457843192992
0.0992264488251312,2.92662172166501,2060.50525262631,0.0534948938114693
0.0711422155082738,3.6740180475533,2076.11305652826,0.0294366006447973
0.0987889225663561,2.51246502599404,2059.00450225113,0.0486433454564495
0.0989838112058364,5.02834834499989,2066.50825412706,0.0662775066452359
0.0893506474565867,3.11798102843626,2064.70735367684,0.0445977242554329
0.0914797780666396,2.83539228475476,2062.75637818909,0.0448054477042171
0.0951751589888261,1.92229906736858,2056.90345172586,0.038427854891862
0.0475686903712124,1.32596064017055,2074.46223111556,0.0103363309297869
0.0684983464216053,2.01872085226992,2068.15907953977,0.0224748958591737
0.0995948306638962,1.69358579278262,2054.20210105053,0.0372904113383711
0.0910570922697261,3.48847535295163,2065.45772886443,0.0483445562984188
0.0839223639284498,1.56242237457588,2057.65382691346,0.0271875690968328
0.0797157231412874,4.63891702142887,2074.31215607804,0.0395185869454361
0.0861608813492877,5.74036800209287,2073.56178089045,0.0496225411084458
0.0741086093435974,2.86823283751515,2070.56028014007,0.0298177816293152
0.0973601946356621,6.76406156642458,2070.26013006503,0.0692799272260548
0.0999595780419346,5.89104782059798,2067.85892946473,0.0708645394865492
0.044491658820609,1.07462716439149,2071.6108054027,0.00843035546138525
0.076108904732556,2.99480874260266,2070.11005502751,0.0318890840869906
0.0724302246872442,8.58980877761041,2087.51875937969,0.0356133543073317
0.0607429282383363,2.88479547897935,2079.71485742871,0.0202990829525138
0.095217523569287,1.41265954868704,2053.00150075038,0.0299230178043846
0.0826580669731481,5.19013667692469,2074.16208104052,0.0440108736201775
0.0999771937917878,3.19982540066046,2061.25562781391,0.0567543510534138
0.0768239584985813,3.37973166401872,2071.46073036518,0.0337818176858762
0.0781971049781734,1.34131840233837,2057.2036018009,0.0219499688940198
0.0901827565896387,7.4382002633935,2074.61230615308,0.0582608197664842
0.0736294907435058,1.57144459943409,2061.55577788894,0.0222900873181357
0.0896477047689729,4.17018228211692,2068.15907953977,0.0496640316966378
0.0968534271689513,6.53437118513655,2070.11005502751,0.0677847086233298
0.0732494747964421,2.07768351923393,2066.20810405203,0.0255876156179159
0.0978909245472952,8.10918567113405,2072.06103051526,0.0724547705517115
0.0825887099446456,1.39648494813358,2056.45322661331,0.0243837165827622
0.0791811544213189,3.44853317762211,2070.56028014007,0.0360419820282864
0.0837193265913338,4.91386086905364,2072.81140570285,0.0450147736213274
0.0962289957441565,2.21353437928443,2058.25412706353,0.0429739043824389
0.05967004118325,1.58051892322707,2069.05952976488,0.0159155263236053
0.098021645089377,3.82512526006857,2063.95697848924,0.0586678249671621
0.0882119673695656,5.6910027726913,2072.51125562781,0.0520829716376829
0.0988678552023241,4.94223601165526,2066.35817908954,0.0657521268402545
0.0846597190167959,1.54009278652809,2057.2036018009,0.027275754970392
0.0836045314191463,5.02834834499989,2073.26163081541,0.0448526988802753
0.0787517551630041,2.98619923379083,2068.75937968984,0.0340284944312477
0.0786290908403852,4.00544398533237,2072.96148074037,0.0369838395444377
0.0429721665812682,1.72806227717372,2086.7683841921,0.00973476326015992
0.0811888482793878,1.05015961695978,2052.4012006003,0.0185566017249153
0.0763860331797305,3.90299369276608,2073.71185592796,0.0348003612450189
0.0710596061226795,3.1450272019994,2073.86193096548,0.0280851938739983
0.0863325024248431,2.46943812909056,2062.90645322661,0.037598149253318
0.0849383980378773,8.27426512232383,2078.66433216608,0.0512554385168165
0.0831335972095048,4.65229147967714,2072.51125562781,0.0434683754637313
0.0906854009303214,6.38559396992509,2072.66133066533,0.0571133198775066
0.0900723259447578,2.4062754285944,2061.25562781391,0.0401294372325933
0.0973674392203373,6.13333836012256,2069.2096048024,0.067631020560187
0.0927659030028822,1.26991877487462,2052.25112556278,0.0261978019632866
0.0996928087711268,1.52684850782001,2053.00150075038,0.034103379855557
0.0484002774695177,3.24621921773864,2095.02251125563,0.0137784893903385
0.0655455574623277,3.09116744284691,2077.1635817909,0.0239703822258624
0.0595768630498012,2.34472828861258,2076.71335667834,0.0185417852019771
0.0847572999209328,7.81129753947542,2078.06403201601,0.0505443146563074
0.0735335487023284,1.2232687477884,2057.35367683842,0.018723866152851
0.0983991938019149,1.26991877487462,2050.90045022511,0.0280284534644341
0.0783052287552548,1.27358007675926,2056.45322661331,0.0210524009437047
0.0892446499088525,6.1865405227709,2072.96148074037,0.0546552805870542
0.0579670814944011,1.59422875299434,2070.41020510255,0.0152612402836857
0.076566515334125,7.72186012504483,2083.01650825413,0.0397981958674838
0.0813213324863275,2.18818996107018,2063.35667833917,0.031621539534356
0.0354501205646391,1.00288309926358,2079.5647823912,0.00595772512504532
0.0341637562233997,1.1715671660767,2087.36868434217,0.0060742551037096
0.0616055392197302,1.8199732981517,2070.56028014007,0.0178711479837757
0.0936697915030034,1.37256962462899,2053.00150075038,0.0285181553459379
0.0893012875726475,2.88479547897935,2063.80690345173,0.0429927990289861
0.0535592238679472,2.82724106811333,2085.86793396698,0.0160956737942095
0.0873473384702411,1.73804099143649,2057.95397698849,0.0312102999952067
0.0944674248281307,2.45526020256225,2060.05502751376,0.0441483891791866
0.0634677461121562,1.60805750536954,2067.10855427714,0.0177150641234585
0.0768135951337177,1.04112859832463,2053.60180090045,0.0171946061969413
0.0672048693909934,7.72186012504483,2090.37018509255,0.0297805428875516
0.0988463285119048,4.67915618701786,2065.75787893947,0.0646588686461816
0.0493835356882427,1.17494491051044,2069.80990495248,0.0102474169096504
0.073582238048129,1.89482624889294,2064.55727863932,0.024686821817546
0.0964349573048073,4.92802801770652,2067.25862931466,0.0619446900815239
0.0805982429922886,2.82724106811333,2067.10855427714,0.0349508589688651
0.0773440428958475,2.04799000112185,2064.10705352676,0.0279745746777982
0.0740518701312054,4.08698318318596,2075.81290645323,0.032894102889745
0.063804354542572,1.05015961695978,2058.55427713857,0.0136710997468873
0.0957458061107796,4.57261925984919,2066.65832916458,0.0596895380965009
0.0699646588112422,1.035151107089,2055.70285142571,0.0152201199267372
0.0849491289540303,3.11798102843626,2066.50825412706,0.0402559574226159
0.0938708970566469,2.86823283751515,2062.0060030015,0.047544983802494
0.0932246626018098,8.15601225127809,2074.16208104052,0.0644279663181643
0.0606090683204065,2.18818996107018,2074.7623811906,0.0186060736657651
0.0872929655565462,3.01210229799636,2065.15757878939,0.0417774385889048
0.0889695021027897,1.43314150019665,2054.8024012006,0.0277076241980184
0.0968919625691541,1.56692699337341,2053.90195097549,0.0336200331488268
0.0999953402191212,3.88058521159597,2063.35667833917,0.0617966884015872
0.0874733308260735,3.1450272019994,2065.60780390195,0.0427440117128124
0.0852649908820687,1.15482354244809,2052.85142571286,0.0215480806137399
0.0934153005483181,1.46653209822205,2054.05202601301,0.0301441448604245
0.0727462653874454,1.50936647207927,2061.25562781391,0.0213347082448651
0.0763387206516758,5.62584220609726,2078.8144072036,0.0376941308253669
0.0760977109117595,2.012917411563,2064.4072036018,0.0269375276168221
0.0975980162538161,2.26510726072284,2058.10405202601,0.0447373833076626
0.090576879509729,1.31077872056062,2053.15157578789,0.0262182428744457
0.0899240006551874,2.70774742833384,2062.75637818909,0.0424453013691605
0.0744364608232413,1.2517695448338,2057.50375187594,0.0193248907825024
0.0674246755142254,3.39924796097488,2077.46373186593,0.0258641852913391
0.0980040498644953,8.6145740489714,2072.66133066533,0.0733783473419971
0.0723309214330476,3.74881037659201,2075.66283141571,0.0305915433042406
0.0700345508580856,1.00867425853989,2055.25262631316,0.0149100881080143
0.0923806091730677,4.40464567244553,2067.55877938969,0.0543909488636244
0.0951973052851997,5.23515726431772,2068.45922961481,0.0610093788963961
0.038079965030892,1.81474121907939,2095.47273636818,0.00820462162898533
0.0887846213087619,3.48847535295163,2066.35817908954,0.0458375447968806
0.0624945400061409,3.23688695135292,2080.31515757879,0.0220729518606921
0.0699930666405235,1.41673238639154,2061.40570285143,0.0193024779242573
0.0828301908014001,1.48779514022745,2057.2036018009,0.0257887329376635
0.0951461932286666,3.17230798106454,2062.75637818909,0.0511401375799763
0.0923127371069593,2.42714808378022,2060.65532766383,0.0419799641530681
0.0594371085646645,8.25047817477399,2099.52476238119,0.022950650221603
0.0868925237422724,8.17952684419346,2077.46373186593,0.0539470205941146
0.0826323180175066,1.53566531100084,2057.80390195098,0.0262548171575019
0.0765147946581717,5.99369202303595,2079.5647823912,0.0383256266020754
0.0655154737454971,1.30325307163827,2062.0060030015,0.0165537692027712
0.07716931318921,1.18855355314224,2055.70285142571,0.0195106063030556
0.0628224860400901,3.90299369276608,2083.16658329165,0.023335270242062
0.0664461791101224,1.0232988843187,2056.90345172586,0.0141077425928379
0.082881909027044,1.99560700049668,2061.40570285143,0.0311812018654511
0.0576389650663461,1.017423759841,2060.80540270135,0.011624727697869
0.0489096330811753,1.77853540743712,2080.46523261631,0.0121194501123824
0.0930348282725292,4.55947384416678,2067.70885442721,0.0557953283566823
0.0921067769576902,2.69996316651677,2062.0060030015,0.0442114494951752
0.0728071053583804,1.30325307163827,2058.85442721361,0.0192813340366378
0.0905428952288117,4.41734470314007,2068.45922961481,0.0517314998781025
0.0982600984815342,1.7683242002651,2055.10255127564,0.0378262156117247
0.0739289478398107,2.09570588324384,2065.90795397699,0.0262025482205105
0.0528751376339463,1.70827639380871,2075.81290645323,0.0135402617900292
0.0826075841814201,2.78683513858361,2066.05802901451,0.0364191848494537
0.0946686388609678,4.18220533158347,2066.05802901451,0.0564961093875654
0.0991876887213872,2.90981894079874,2060.50525262631,0.0531778013005448
0.0756409863094532,5.22010717715947,2078.36418209105,0.0361015799338866
0.0952618334797682,6.59105201019205,2070.86043021511,0.0652633508833594
0.0817319293061462,2.45526020256225,2064.70735367684,0.033809957979309
0.0785570537657924,1.00288309926358,2052.4012006003,0.0170125483121024
0.0926846770950886,1.41673238639154,2053.75187593797,0.0289958235949493
0.0966978212467303,2.69996316651677,2060.50525262631,0.0485241652116185
0.0943397845788825,1.21975208146059,2051.35067533767,0.0256657246219414
0.0901441362370936,2.54889290196729,2062.0060030015,0.0412378856023344
0.0898098725207058,2.53425879720196,2062.0060030015,0.0409199718216896
0.0383104397226923,1.00867425853989,2076.11305652826,0.00662772288093954
0.0795828724659099,1.15150364314254,2054.35217608804,0.0197807601953371
0.0876237637754522,2.89311263070037,2064.4072036018,0.041634444392339
0.0800658082547161,3.56975293664868,2070.56028014007,0.0373312603613363
0.0800332481494367,2.68446171339143,2066.65832916458,0.033768150065154
0.089492273974115,1.25537852068667,2052.85142571286,0.0248136011107626
0.0883073012209472,7.78884153617836,2076.11305652826,0.0557413372664897
0.0711500623510987,1.28093437865255,2059.15457728864,0.018482333074189
0.0973170936220754,2.39935784176774,2058.85442721361,0.0461182976393023
0.0818120737187347,1.75817161928149,2060.05502751376,0.0282590989238462
0.0779976628971883,6.34893199363231,2079.41470735368,0.040375624117895
0.0690126540310892,1.26991877487462,2059.90495247624,0.0175537768651855
0.0640146367612438,2.14453349218355,2071.91095547774,0.0204483690021195
0.0964603648071717,1.48351801054375,2053.45172586293,0.031833636722708
0.0988855304175562,4.3416960341386,2065.00750375188,0.0627493152883191
0.0793794226050706,1.85168407581574,2061.70585292646,0.0277627115551376
0.0830755420844545,4.36676720472819,2071.76088044022,0.0426202799585235
0.0515387663923687,2.7391095515787,2087.36868434217,0.0149298391242043
0.0808054710529842,1.37256962462899,2056.75337668834,0.0233768167523468
0.068882591612782,1.40051115285914,2061.70585292646,0.0186916706867869
0.094992470632137,2.95200799512719,2062.0060030015,0.0492518435115717
0.0924582133795125,1.92229906736858,2057.65382691346,0.0366708233042782
0.098911334421642,8.08587329578959,2071.6108054027,0.0743009103241902
0.0760899823091727,2.25859550568368,2066.05802901451,0.0285255631585539
0.0724124357062901,3.23688695135292,2073.41170585293,0.0295134618795379
0.0919294563247632,3.02078648791353,2063.35667833917,0.0465941656292783
0.0934649424317285,1.8463608342542,2056.90345172586,0.0362009081375809
0.0981584070251958,1.66458250694606,2054.35217608804,0.0360048130966216
0.0973002049199777,3.25557838997471,2062.30615307654,0.0541675875224821
0.0671391152001682,3.81412874828321,2079.41470735368,0.0264768016969826
0.070613102802129,7.90177085082341,2087.81890945473,0.0332374662230711
0.0632818073031099,7.3530347199978,2093.37168584292,0.025937755597354
0.0994784039856363,4.49431145638251,2065.15757878939,0.0644182907565274
0.0629844512694243,2.12609122719942,2072.51125562781,0.0197492684078593
0.0896055960010232,1.38447564841702,2054.20210105053,0.0271803754301729
0.094886760314405,2.04210241714683,2057.65382691346,0.0398624847899085
0.081156442050841,1.82522046182733,2060.80540270135,0.0285611233903084
0.0707952246646192,1.18855355314224,2057.95397698849,0.0173578115040858
0.0687983257497928,1.09020803204812,2057.2036018009,0.0155888995929177
0.0584030996600351,5.97646129188652,2095.02251125563,0.0214308835417187
0.0492847628373989,2.3787241732935,2086.91845922961,0.0133114045224986
0.0716047811891168,1.02035709353375,2054.8024012006,0.0154973713800456
0.093252411590057,5.25025074237118,2069.2096048024,0.0585156195678358
0.0934647612288973,5.87411217212038,2070.41020510255,0.0603944704653244
0.0885497715455768,7.92455244054436,2076.11305652826,0.0565972035762317
0.0498614493386785,2.36506706799381,2086.0180090045,0.013608181934157
0.0973976864714642,2.61579919085284,2059.90495247624,0.0484048700197863
0.0746759129996093,2.08968112513086,2065.60780390195,0.0265689656587803
0.0897144043264055,2.43414579263315,2061.55577788894,0.0399726251979202
0.061241127626712,1.00867425853989,2058.85442721361,0.0125398791073116
0.0873920557120018,1.2517695448338,2053.45172586293,0.0240011219977738
0.0717896850231507,6.06311316104581,2083.01650825413,0.0333131287574458
0.0709723758500326,1.05926897298544,2055.85292646323,0.0158328965363712
0.0758739883738988,1.47076025583445,2059.6048024012,0.0223838301762382
0.0928102150826646,5.13071090257931,2069.2096048024,0.0572206047274966
0.0926130580022516,1.16484078042324,2051.05052526263,0.0239191175359857
0.0858251382524774,4.52026390637434,2070.86043021511,0.0461701666142434
0.0888160155275444,2.36506706799381,2061.55577788894,0.0385632992233669
0.0671664213919314,1.1481932879197,2058.85442721361,0.0157087259404103
0.0902506007766828,7.45964533309522,2074.61230615308,0.0584145376752476
0.0873015742728341,2.10780755947618,2060.50525262631,0.0352282166927602
0.0658785419747726,4.92802801770652,2084.51725862931,0.0267490501293967
0.0969415101541702,2.60078095318014,2059.90495247624,0.0480149932986141
0.0799295923913683,3.37001557459736,2069.80990495248,0.0366127335911724
0.0804830948954764,1.23743709481674,2055.25262631316,0.0213427052399145
0.0579374654886586,2.012917411563,2075.06253126563,0.0167671917193086
0.0962883143050509,1.83048275359669,2056.00300150075,0.0377454150909993
0.096288648820653,1.42902148939294,2053.00150075038,0.0306971180938705
0.06329553008197,6.59105201019205,2091.5707853927,0.0256186002359925
0.0947590716942315,2.41321295951054,2059.75487743872,0.0440376944103681
0.0765172233969729,1.75311720834914,2062.0060030015,0.0253459803616826
0.059549751052161,1.5850757161707,2069.2096048024,0.0158842566857359
0.0484767234568779,2.2456281019818,2086.46823411706,0.0127873999661922
0.093619307588871,2.48369792620856,2060.50525262631,0.0436468987800045
0.0807998422499278,1.55793070570556,2058.70435217609,0.0255732779595927
0.0897050059909943,3.0557743442915,2064.4072036018,0.0443720355277632
0.0742302146351434,4.94223601165526,2078.36418209105,0.0345581685256727
0.0977986317079433,3.95958264771409,2064.4072036018,0.0592021314908045
0.0957974321469278,1.28093437865255,2051.65082541271,0.0273907332353836
0.0470857489464737,1.04413027541975,2068.45922961481,0.00895889857832696
0.083588714383936,8.15601225127809,2079.26463231616,0.0492219602147807
0.0659762015105157,2.56361151152847,2073.71185592796,0.0229836141658955
0.0980098448228223,5.52949756842363,2067.85892946473,0.0667731987693867
0.0667064508344047,1.35295334494457,2062.15607803902,0.0173891038867848
0.0752858539565427,2.03623175886238,2064.85742871436,0.0266280412383652
0.0896271643306733,2.6460963359074,2062.60630315158,0.0416395230854556
0.0699967944326553,1.00288309926358,2055.10255127564,0.0148217351473463
0.0318652787397405,1.16484078042324,2091.27063531766,0.00550890415678888
0.0925072562061437,2.44116367657533,2060.65532766383,0.0422946514609131
0.07126740251127,6.15102138343189,2083.6168084042,0.032848659626442
0.087336293891427,6.45955425993623,2074.31215607804,0.0527641156644749
0.0986319116377542,2.16937226517279,2057.35367683842,0.0441759595019198
0.0668306572441131,3.28381811862624,2077.31365682841,0.0252023860138
0.0579601907162643,1.69358579278262,2071.6108054027,0.0156821844907509
0.0918488264743443,1.15815301335288,2051.20060030015,0.0235680698114173
0.0694782527629345,1.31455782572457,2060.35517758879,0.0181441908441893
0.0922793854714106,1.92784124639408,2057.80390195098,0.036562706460991
0.0828506973794605,4.8997344482741,2073.26163081541,0.0438376171851561
0.0796327159295811,1.36076598863131,2057.05352676338,0.0226829513544025
0.0646245168365105,2.21991621862324,2072.21110555278,0.0209981796449919
0.0766435201608924,2.74700667630971,2068.60930465233,0.0313300190796807
0.0565921297235887,1.3804955427344,2068.30915457729,0.0137097576686441
0.0961306589133944,5.3417298504113,2068.30915457729,0.0627891491038324
0.0986304073795115,2.0538945595859,2056.75337668834,0.0426289587183994
0.0879059719736858,3.02949571521225,2064.85742871436,0.0427923567933796
0.0922539200423166,4.37935702804035,2067.55877938969,0.0541429891991208
0.0723184917608928,3.68461060628057,2075.36268134067,0.0305531471186959
0.0511257132299931,2.16937226517279,2082.86643321661,0.0138134680103746
0.0916033780869852,1.16484078042324,2051.35067533767,0.0236534208995909
0.0761663641451282,1.80432214140788,2062.60630315158,0.0255384509562039
0.0973715496456467,1.20926262481036,2050.60030015007,0.0262707942604001
0.0786010515143793,1.09650345009091,2053.90195097549,0.0185881621446089
0.0643976274466708,1.33361741419236,2063.05652826413,0.0163407162379142
0.0777853330274719,5.95928009583079,2078.8144072036,0.039400455737118
0.0803324872116691,2.95200799512719,2067.85892946473,0.0352664647101994
0.0577514451028074,3.71657187129828,2087.06853426713,0.0195065007614966
0.0461221961921724,2.66904925964653,2093.52176088044,0.0122322069440794
0.0973322200787051,1.20926262481036,2050.60030015007,0.0262559839046975
0.0922462444187985,6.34893199363231,2071.76088044022,0.0599080184090083
0.098868490830222,4.18220533158347,2064.55727863932,0.0621631692492394
0.0968776154788887,4.29198469417562,2065.60780390195,0.0596366975839796
0.0725855247348193,1.3804955427344,2059.90495247624,0.0200203921809557
0.0960082721147877,1.83048275359669,2056.15307653827,0.0374584896253174
0.0336939051923682,1.36076598863131,2093.82191095548,0.00629038568106488
0.0469409824912129,1.5850757161707,2079.71485742871,0.0108847093017331
0.0887670383257624,2.21991621862324,2060.65532766383,0.0373544269221858
0.0917168039633152,3.37973166401872,2064.70735367684,0.0487995843321302
0.063276607799342,4.69264665877481,2086.0180090045,0.0243361969101529
0.0995339130303682,5.22010717715947,2066.65832916458,0.0680887475721977
