0.0989717463216623,1.00288309926358,2066.35817908954,0.0105694247802941
0.0543040909145036,1.01158236655188,2096.3731865933,0.00162971410240031
0.0786390539289739,1.00867425853989,2075.81290645323,0.00435687796155589
0.0762075938912316,1.01158236655188,2077.31365682841,0.00509140596838796
0.0626613400286878,1.03813555048354,2087.81890945473,0.00495853448185898
0.0976845242124543,1.00288309926358,2066.8084042021,0.0122870679997498
0.0746227674977748,1.00577451078852,2078.21410705353,0.00476244952828828
0.0972909949138961,1.00288309926358,2066.95847923962,0.00593620680741014
0.079673808666504,1.00867425853989,2075.21260630315,0.00119104296000411
0.0824629184898954,1.40859841962076,2077.91395697849,0.00942665530310558
0.0665466762372017,1.00577451078852,2084.06703351676,0.00300146949723952
0.0958696410080379,1.00577451078852,2067.55877938969,0.00191924739913616
0.0589843017530815,1.00577451078852,2090.97048524262,0.00418849320779255
0.0755281189200514,1.00288309926358,2077.61380690345,0.00461759383206748
0.0820863771758526,1.00867425853989,2073.86193096548,0.00435474520866169
0.0774979607760306,1.00288309926358,2076.4132066033,0.00133481907237189
0.0801780328523318,1.00867425853989,2074.91245622811,0.00507877021782005
0.0965015716651427,1.00288309926358,2067.25862931466,0.00886263221278675
0.0914308387268383,1.3686237465133,2072.81140570285,0.0120617059785674
0.099098842943063,1.00867425853989,2066.35817908954,0.00398477155623883
0.0859657972405755,1.00867425853989,2071.91095547774,0.00770059329941765
0.0575123274504998,1.00867425853989,2092.62131065533,0.00146979393978575
0.0865856071071681,1.00867425853989,2071.6108054027,0.00421856535471997
0.0679776594536553,1.00288309926358,2082.86643321661,0.00416221125352821
0.0998962733602775,1.00867425853989,2066.05802901451,0.00289383658628076
0.0845573666907746,1.00288309926358,2072.51125562781,0.0023817342459968
0.0664729013687305,1.00288309926358,2084.06703351676,0.00405222273760263
0.0795135302925743,1.00288309926358,2075.21260630315,0.00316899820558766
0.0853147112660769,1.00867425853989,2072.21110555278,0.0094239039808083
0.0986658335371893,1.00867425853989,2066.50825412706,0.0018647692065923
0.0650323318321049,1.00288309926358,2085.26763381691,0.00344514075750875
0.0556881682241134,1.01158236655188,2094.72236118059,0.00321367968609322
0.0969975355608311,1.16819913201946,2068.60930465233,0.0134342541347504
0.0900556944965696,1.00577451078852,2069.95997999,0.00842958677937379
0.0928624753033295,1.00577451078852,2068.75937968984,0.00610313241363704
0.095114922732382,1.00577451078852,2067.85892946473,0.00111768974296461
0.0657683641087177,1.00288309926358,2084.66733366683,0.00502994240414647
0.0737406136099292,1.00577451078852,2078.8144072036,0.00438927410444148
0.0901898223822665,1.00867425853989,2069.95997999,0.00490307764741849
0.0532048060488685,1.01158236655188,2097.72386193097,0.00215328065547919
0.0646663263284384,1.25537852068667,2089.1695847924,0.00541874263186132
0.0932928049519134,1.00867425853989,2068.60930465233,0.00452778589960911
0.0807920234117476,1.13831921276723,2076.11305652826,0.00866610334399096
0.0981290969993578,1.31834782642385,2069.50975487744,0.014202894205926
0.0600608520737998,1.01449885892793,2090.07003501751,0.00124514484205969
0.0825863630135681,1.00577451078852,2073.56178089045,0.00599326144622049
0.0873798059155959,1.00288309926358,2071.16058029014,0.00959688705123405
0.0826289416499894,1.00577451078852,2073.56178089045,0.00548967689520074
0.0672609129576354,1.00288309926358,2083.46673336668,0.00420956431948685
0.0874564145907869,1.00577451078852,2071.16058029014,0.00745555081980529
0.0602103154715714,1.00577451078852,2089.76988494247,0.00422418661731288
0.0901531926743879,1.00867425853989,2069.95997999,0.0064015023290245
0.0538151958044488,1.01158236655188,2096.97348674337,0.00103521334959079
0.0586593382714941,1.00288309926358,2091.27063531766,0.00219824674169331
0.0603524765025012,1.00577451078852,2089.61980990495,0.00360383804750205
0.0888184273393008,1.00867425853989,2070.56028014007,0.00964166461360579
0.0965902641634789,1.00577451078852,2067.25862931466,0.00866408653051082
0.0798813081398637,1.00577451078852,2075.06253126563,0.00387940125480434
0.083062055061233,1.27358007675926,2076.26313156578,0.00944355031409272
0.0884261047040673,1.00577451078852,2070.71035517759,0.00842527204575779
0.0995633578150145,1.32214875407135,2068.90945472736,0.014787199905754
0.0840886107150442,1.00577451078852,2072.81140570285,0.00524518455054295
0.087790401281815,1.00577451078852,2071.01050525263,0.00418585890034693
0.0690563578871796,1.00577451078852,2082.11605802901,0.00399368143831502
0.0798231544706142,1.00288309926358,2075.06253126563,0.00651305757296003
0.0903779775283844,1.00288309926358,2069.80990495248,0.00122401627999584
0.0760550247429807,1.00577451078852,2077.31365682841,0.00640312288318168
0.0764741806518141,1.00288309926358,2077.01350675338,0.00283530875526623
0.099276565889944,1.39247031798524,2069.65982991496,0.0147677003161142
0.0970300344427667,1.00577451078852,2067.10855427714,0.0117572436546459
0.0928800984719792,1.00577451078852,2068.75937968984,0.00746886287908454
0.0797663255244189,1.00288309926358,2075.06253126563,0.00304159442042642
0.093278644300406,1.00867425853989,2068.60930465233,0.0103350858987567
0.0932045650968371,1.00577451078852,2068.60930465233,0.00918769208357852
0.0862660167338136,1.00867425853989,2071.76088044022,0.00352083126431038
0.0806875722015459,1.00577451078852,2074.61230615308,0.00411282444251063
0.075151860583032,1.47925317679908,2083.16658329165,0.00770468631244434
0.0997575774130844,1.00288309926358,2066.05802901451,0.0102677751632472
0.0752883357998547,1.00288309926358,2077.76388194097,0.00456899962834498
0.0880663068892094,1.00577451078852,2070.86043021511,0.00340432994604245
0.0718121442433421,1.05015961695978,2080.61530765383,0.00661131553966929
0.0974224238229349,1.00577451078852,2066.95847923962,0.00320007160882505
0.0934910875332149,1.00288309926358,2068.45922961481,0.00579818211021551
0.0911057191325548,1.00577451078852,2069.50975487744,0.0107941973341551
0.0881579118427431,1.00867425853989,2070.86043021511,0.0102375114989654
0.0594074419151255,1.00288309926358,2090.52026013007,0.00197875796053613
0.0739125660179472,1.00577451078852,2078.66433216608,0.00191513082681837
0.0602641106437636,1.00288309926358,2089.61980990495,0.00319216556969269
0.0873635711249807,1.00288309926358,2071.16058029014,0.00619670714867561
0.0868252566332344,1.00577451078852,2071.46073036518,0.00868853732701613
0.0670999385361362,1.00577451078852,2083.6168084042,0.00198844895209029
0.0974397962112442,1.00577451078852,2066.95847923962,0.00889811076322811
0.0903482578343599,1.00288309926358,2069.80990495248,0.00706836293209722
0.0887852126782688,1.1988633739507,2072.51125562781,0.0109397414277861
0.0629626779109498,1.00288309926358,2087.06853426713,0.00174253145017787
0.0769554242100365,1.00288309926358,2076.71335667834,0.00754859267701654
0.0901074123896029,1.00577451078852,2069.95997999,0.00175264707615919
0.0815539586634453,1.00867425853989,2074.16208104052,0.00117844942767655
0.0944580609245492,1.52245910708953,2072.66133066533,0.0133058763748687
0.0612269912547914,1.00288309926358,2088.71935967984,0.00148211570890296
0.0723837329858294,1.00577451078852,2079.71485742871,0.00401548087177723
0.0529461725730362,1.00288309926358,2097.87393696848,0.00144869569457848
0.0963686673017597,1.16819913201946,2068.90945472736,0.0131923535289764
0.053351558729908,1.00577451078852,2097.42371185593,0.00155435373868937
0.0795005659215392,1.00288309926358,2075.21260630315,0.00544942411757041
0.0826888933564636,1.00867425853989,2073.56178089045,0.00425534373656351
0.0541459067706103,1.00288309926358,2096.3731865933,0.00222833183098829
0.0843185586227194,1.00288309926358,2072.66133066533,0.00155521287747344
0.0803544808329077,1.00288309926358,2074.7623811906,0.00440067789357852
0.0919009051849466,1.00867425853989,2069.2096048024,0.00138612553794169
0.0991336365841833,1.00867425853989,2066.35817908954,0.00930473183294197
0.0755534290572014,1.00577451078852,2077.61380690345,0.00422039552165797
0.0706651157250164,1.00577451078852,2080.91545772886,0.00500201804249377
0.0817870700836,1.25899790157518,2076.86343171586,0.00907815128102636
0.0716609948014042,1.00288309926358,2080.16508254127,0.00501915517256457
0.0734555895869517,1.00288309926358,2078.96448224112,0.00499544837181751
0.0911471171139394,1.00867425853989,2069.50975487744,0.00360091276318133
0.0943216315191274,1.00577451078852,2068.15907953977,0.00505507136515461
0.0986927547809244,1.00867425853989,2066.50825412706,0.0117846072718208
0.0781200071600316,1.00867425853989,2076.11305652826,0.00145615314191546
0.0574540114463141,1.00577451078852,2092.62131065533,0.00396507989018185
0.0958029200658051,1.00288309926358,2067.55877938969,0.00893679640841108
0.057255722971335,1.00288309926358,2092.77138569285,0.00403280960132383
0.0978345441411259,1.00577451078852,2066.8084042021,0.0110950693632659
0.096925072177648,1.00288309926358,2067.10855427714,0.0109372116378715
0.0765042688537217,1.53566531100084,2082.71635817909,0.00807673964602807
0.0868531830860868,1.00867425853989,2071.46073036518,0.00387435216471228
0.0666662783202434,1.01158236655188,2084.06703351676,0.00556969211316396
0.0986623040297811,1.00867425853989,2066.50825412706,0.00499542588586088
0.0950640567005744,1.00577451078852,2067.85892946473,0.0107249401627246
0.0942856969078073,1.00288309926358,2068.15907953977,0.0070701905957525
0.0932148920286281,1.00577451078852,2068.60930465233,0.00891102596100819
0.0940041987949542,1.00577451078852,2068.30915457729,0.00374525966666248
0.0910448197568718,1.00288309926358,2069.50975487744,0.00410391088797745
0.0772913448257201,1.00577451078852,2076.56328164082,0.00583306241047389
0.0801454758915783,1.00577451078852,2074.91245622811,0.00779708669208336
0.0979230588867199,1.00867425853989,2066.8084042021,0.00362295786223749
0.0573775313885961,1.00288309926358,2092.62131065533,0.00408784197937654
0.0806423701993494,1.00577451078852,2074.61230615308,0.00166173148151026
0.0880163100809835,1.00288309926358,2070.86043021511,0.00409601321627597
0.0900958871343168,1.00577451078852,2069.95997999,0.00989427612246979
0.0817669772350692,1.00577451078852,2074.012006003,0.00290777197155015
0.0974940799918446,1.00867425853989,2066.95847923962,0.00425205828637707
0.060032945513247,1.00577451078852,2089.91995997999,0.00296926389264031
0.0753611327811085,1.00577451078852,2077.76388194097,0.00282501445331099
0.0870784721918437,1.00288309926358,2071.31065532766,0.00111064549848673
0.0954181321441258,1.00288309926358,2067.70885442721,0.00657180246364258
0.0814654842501042,1.00577451078852,2074.16208104052,0.00706216132625609
0.0846315480288705,1.00577451078852,2072.51125562781,0.00336941732115042
0.0541559953781157,1.00288309926358,2096.3731865933,0.00178584482846452
0.0826622361648705,1.00867425853989,2073.56178089045,0.0055832381205135
0.0763607367853426,1.00867425853989,2077.1635817909,0.00103127016613504
0.0970801077411456,1.00867425853989,2067.10855427714,0.012748538044253
0.0791476491579153,1.00867425853989,2075.51275637819,0.00529326560187759
0.0891295764480231,1.36076598863131,2073.86193096548,0.0113223887051743
0.0936102614225377,1.00577451078852,2068.45922961481,0.00606776128792972
0.0924599533689939,1.00288309926358,2068.90945472736,0.00995065153367744
0.072170234683418,1.00577451078852,2079.86493246623,0.00202239629967083
0.0782014463519094,1.01158236655188,2076.11305652826,0.0029196395751155
0.0624896575206293,1.00288309926358,2087.51875937969,0.00237927782245809
0.0859553035854134,1.04112859832463,2072.21110555278,0.00980944137343712
0.0777412638879466,1.00288309926358,2076.26313156578,0.00557148859455612
0.09665807432742,1.00577451078852,2067.25862931466,0.00847621275992897
0.0685996170478179,1.00288309926358,2082.41620810405,0.00156372966548914
0.0921751085288031,1.00577451078852,2069.05952976488,0.00323469945172556
0.0643563131200133,1.00288309926358,2085.86793396698,0.00352284582691337
0.0564984099693908,1.00577451078852,2093.67183591796,0.00314226109106226
0.0989465129605634,1.00288309926358,2066.35817908954,0.0103815107720817
0.0796892626995542,1.00867425853989,2075.21260630315,0.00182645038133385
0.0982032862518169,1.00577451078852,2066.65832916458,0.00243876514104066
0.0983213545228128,1.00867425853989,2066.65832916458,0.00351570034356426
0.092818319398254,1.00288309926358,2068.75937968984,0.00787219432693919
0.0967423651812751,1.00867425853989,2067.25862931466,0.00162769622434696
0.0943975161923942,1.00867425853989,2068.15907953977,0.0105851793603543
0.0841606427030715,1.00867425853989,2072.81140570285,0.00737007090956892
0.0968927213650566,1.00288309926358,2067.10855427714,0.0079387120572996
0.0802031152037013,1.20231981606127,2077.1635817909,0.00861854785638792
0.057998505381806,1.00577451078852,2092.02101050525,0.00258103517242588
0.0543783682018218,1.00867425853989,2096.22311155578,0.00238168431492062
0.0878533592733957,1.00867425853989,2071.01050525263,0.00200335535469373
0.0997949653207693,1.00288309926358,2066.05802901451,0.0113528170522644
0.092494850188827,1.00577451078852,2068.90945472736,0.00255079919782913
0.0900541463302332,1.00577451078852,2069.95997999,0.00140355401581616
0.0906641543161701,1.00288309926358,2069.65982991496,0.00583226262261077
0.0590987338608689,1.00288309926358,2090.8204102051,0.00405381228553895
0.0956048810664444,1.43727338940046,2071.46073036518,0.0136124314633496
0.0944995089348342,1.17494491051044,2069.80990495248,0.0125421475668733
0.0792829949864479,1.04413027541975,2075.81290645323,0.00817710552413191
0.0521814156290154,1.00577451078852,2098.92446223112,0.00107763772538259
0.0606389208415287,1.00577451078852,2089.31965982992,0.00360495816957402
0.0787166402015351,1.01158236655188,2075.81290645323,0.00499328487125763
0.0955687170326315,1.00867425853989,2067.70885442721,0.0050600149950587
0.0856417261842606,1.00867425853989,2072.06103051526,0.00616445192681751
0.0799309099733799,1.00867425853989,2075.06253126563,0.00276578477330467
0.0849284180562247,1.00577451078852,2072.3611805903,0.00446024887141898
0.0878315568915086,1.00867425853989,2071.01050525263,0.00103673629509245
0.0828047462778561,1.00288309926358,2073.41170585293,0.00533273368964546
0.0778521415693773,1.00867425853989,2076.26313156578,0.00470880330595401
0.080206575246325,1.00867425853989,2074.91245622811,0.00273496008040709
0.0983199212532672,1.00867425853989,2066.65832916458,0.00435520946248244
0.0955010651887013,1.00577451078852,2067.70885442721,0.0111567681840372
0.0971287200149972,1.00867425853989,2067.10855427714,0.00297525816641534
0.0901093919231613,1.00577451078852,2069.95997999,0.00446551819422137
0.09983332834898,1.00577451078852,2066.05802901451,0.00956916632257761
0.0710961165251422,1.00577451078852,2080.61530765383,0.00248462831529206
0.0906671888194781,1.00288309926358,2069.65982991496,0.00751160397034122
0.0999488968423486,1.00867425853989,2066.05802901451,0.00989880402658351
0.0983270305085918,1.00867425853989,2066.65832916458,0.00382664911232669
0.0891038762172658,1.00577451078852,2070.41020510255,0.00528373884511586
0.0577965985637124,1.00288309926358,2092.17108554277,0.00205577555706648
0.0712632656061599,1.00288309926358,2080.46523261631,0.00143548345441211
0.085025876046364,1.00867425853989,2072.3611805903,0.00650618152214846
0.0588765531841108,1.00577451078852,2091.12056028014,0.0025473337812648
0.0969424377314181,1.00288309926358,2067.10855427714,0.00456468681855029
0.0876652781650386,1.00288309926358,2071.01050525263,0.00700441729022979
0.0777378088726811,1.00288309926358,2076.26313156578,0.00555385468163054
0.0997652471603966,1.00288309926358,2066.05802901451,0.00708673496418134
0.0871393096454851,1.00577451078852,2071.31065532766,0.00394551110975011
0.0982228109676989,1.00577451078852,2066.65832916458,0.00459663294701863
0.0966246549081086,1.00577451078852,2067.25862931466,0.0100621589924677
0.0896676587284548,1.00288309926358,2070.11005502751,0.00772888279447108
0.0704025587347859,1.00288309926358,2081.06553276638,0.00473886607806615
0.0843092539942378,1.00288309926358,2072.66133066533,0.00604119871865588
0.0962092840890244,1.00577451078852,2067.40870435218,0.00133284862607636
0.091438489068857,1.00577451078852,2069.35967983992,0.00866010253679096
0.0760972407699459,1.017423759841,2077.46373186593,0.00417159968124232
0.0954435750952845,1.00577451078852,2067.70885442721,0.00884388551955765
0.0865060809204476,1.44974067037263,2075.96298149075,0.010658653993891
0.099899559018812,1.00867425853989,2066.05802901451,0.0115305284629129
0.0924690391065584,1.00288309926358,2068.90945472736,0.00974058806453477
0.0530029012668804,1.00577451078852,2097.87393696848,0.00189789453612712
0.0771898731229659,1.01158236655188,2076.71335667834,0.00227417871406861
0.0678085493389891,1.00288309926358,2083.01650825413,0.00491923607187757
0.0915651229539276,1.00867425853989,2069.35967983992,0.00467815677693549
0.0818372205905863,1.00867425853989,2074.012006003,0.00669691938344138
0.0877215017313868,1.00288309926358,2071.01050525263,0.00997522075607352
0.0955459804642914,1.00867425853989,2067.70885442721,0.00371292646947378
0.0931985029125447,1.00577451078852,2068.60930465233,0.00416828828685104
0.0852371097178942,1.00577451078852,2072.21110555278,0.00314832953599306
0.0778487101474599,1.00867425853989,2076.26313156578,0.00766088251665423
0.0671176247684576,1.00577451078852,2083.6168084042,0.00466763734724164
0.0993610318825578,1.00288309926358,2066.20810405203,0.0115552153256558
0.0869151392590723,1.00867425853989,2071.46073036518,0.00809831051371814
0.0951274905494964,1.00867425853989,2067.85892946473,0.00915187469151679
0.0991295545501431,1.00867425853989,2066.35817908954,0.00231042521226451
0.0657475533808074,1.00288309926358,2084.66733366683,0.00332999288892341
0.0809121358637463,1.00577451078852,2074.46223111556,0.00173007717034111
0.0981031277617096,1.00288309926358,2066.65832916458,0.00133419226653756
0.0554144640852228,1.24458268867087,2098.92446223112,0.00394559153542242
0.0532267301656174,1.00577451078852,2097.57378689345,0.00260756343445695
0.0754991745115871,1.00288309926358,2077.61380690345,0.00603543315874415
0.077841383400519,1.00867425853989,2076.26313156578,0.00359560023018747
0.0806796555207247,1.00577451078852,2074.61230615308,0.00554445546474593
0.0781314187588441,1.00867425853989,2076.11305652826,0.00779666681218783
0.0690043246712522,1.00288309926358,2082.11605802901,0.00530731812616194
0.0600198510422336,1.00577451078852,2089.91995997999,0.00248689478304999
0.0864644554717452,1.00577451078852,2071.6108054027,0.00889123668564841
0.0798084005556064,1.00288309926358,2075.06253126563,0.00204034898465197
0.0703930355393678,1.00288309926358,2081.06553276638,0.00297817341520839
0.0985991276145973,1.00577451078852,2066.50825412706,0.0112451464789567
0.0772042523991177,1.00288309926358,2076.56328164082,0.00189653219363937
0.0986159783585196,1.00577451078852,2066.50825412706,0.00915577299477486
0.0956228712370464,1.39648494813358,2071.16058029014,0.0135139403752011
0.0834460261583226,1.53125056362849,2078.36418209105,0.00984103495420363
0.0865936253546573,1.00867425853989,2071.6108054027,0.00311123125135622
0.0817917985296182,1.00577451078852,2074.012006003,0.00567404892205169
0.082911917871939,1.00577451078852,2073.41170585293,0.00817740493730016
0.0760704929560544,1.00577451078852,2077.31365682841,0.00310167075091489
0.0623735037747678,1.00577451078852,2087.66883441721,0.0031455645525672
0.0913865591988294,1.00288309926358,2069.35967983992,0.0071085730266556
0.0672527644791984,1.00288309926358,2083.46673336668,0.00455196920826019
0.0847202742721972,1.00867425853989,2072.51125562781,0.00474273737068121
0.068783447170301,1.00288309926358,2082.26613306653,0.00388164821451601
0.0527763097078522,1.00577451078852,2098.17408704352,0.00322530560238337
0.0973925246384891,1.00577451078852,2066.95847923962,0.0125168090552819
0.0943887762749408,1.40859841962076,2071.76088044022,0.013143998017467
0.0991444821200951,1.00867425853989,2066.35817908954,0.0100174821899018
0.0555600320856434,1.01158236655188,2094.87243621811,0.00122251056714132
0.0729548983845955,1.00288309926358,2079.26463231616,0.00502102683539377
0.056767149753867,1.00577451078852,2093.37168584292,0.00166814994226845
0.0872996809049321,1.24817094410403,2073.71185592796,0.010613643209631
0.0958972174200611,1.00867425853989,2067.55877938969,0.00493231575296776
0.0928461351827743,1.00577451078852,2068.75937968984,0.00512103157919864
0.0897248910118216,1.00577451078852,2070.11005502751,0.00668903494444907
0.0573246061771374,1.00577451078852,2092.77138569285,0.00162587448023995
0.0735077466846823,1.00577451078852,2078.96448224112,0.00223670581396807
0.0734577564205409,1.00577451078852,2078.96448224112,0.00576317157827845
0.0596111117818379,1.01449885892793,2090.52026013007,0.00244956750098633
0.0866468595677077,1.37256962462899,2075.21260630315,0.0106066896091381
0.0942501650641936,1.00288309926358,2068.15907953977,0.00320884630202409
0.0920149188498607,1.3490638599235,2072.3611805903,0.0122235778838484
0.0670842883249327,1.00577451078852,2083.6168084042,0.0013699317250242
0.0868722326554665,1.00867425853989,2071.46073036518,0.00886848478006853
0.0981554134938788,1.00288309926358,2066.65832916458,0.00657102802126177
0.0999182531795594,1.00867425853989,2066.05802901451,0.0115237458475788
0.0907294264157547,1.00577451078852,2069.65982991496,0.002721126949129
0.0817280397646639,1.00288309926358,2074.012006003,0.00136537309565504
0.077437628025556,1.01158236655188,2076.56328164082,0.00258109511975589
0.0981928504063402,1.00577451078852,2066.65832916458,0.00102293921824404
0.0921921345317882,1.00577451078852,2069.05952976488,0.00972726118786022
0.0708423162402051,1.00288309926358,2080.76538269135,0.00614087804217787
0.0823724192627767,1.00867425853989,2073.71185592796,0.00252186302870764
0.0810240219870442,1.00867425853989,2074.46223111556,0.00238074197663487
0.057123714273701,1.00288309926358,2092.92146073037,0.00351841350889632
0.0526606620568952,1.00577451078852,2098.32416208104,0.00213993596991638
0.0528418343582303,1.00288309926358,2098.024012006,0.00278454422036113
0.0922502736373134,1.00867425853989,2069.05952976488,0.00839851020859896
0.0958952902520718,1.00867425853989,2067.55877938969,0.00160936994521392
0.0932123150427651,1.00577451078852,2068.60930465233,0.00780403839710084
0.097822749195212,1.00577451078852,2066.8084042021,0.00612254306089904
0.0788251334761517,1.00577451078852,2075.66283141571,0.00333617636798713
0.0796239464570724,1.2232687477884,2077.76388194097,0.00848646245778059
0.0684152053775819,1.00288309926358,2082.56628314157,0.00198831870885068
0.060645315279429,1.00577451078852,2089.31965982992,0.0041155721142659
0.0797712873999329,1.15482354244809,2076.86343171586,0.00846107066785606
0.0741866821326979,1.00577451078852,2078.51425712856,0.00647706646460445
0.0931317420012776,1.017423759841,2068.75937968984,0.0116727362256204
0.0917822392311904,1.00577451078852,2069.2096048024,0.00525127757849085
0.0778381562610797,1.00867425853989,2076.26313156578,0.00108541833710475
0.0734432911378462,1.00288309926358,2078.96448224112,0.00400370535522591
0.0883924181959278,1.00577451078852,2070.71035517759,0.00408589165542886
0.0802226908010614,1.00867425853989,2074.91245622811,0.00748597679849938
0.0661891168486329,1.00577451078852,2084.3671835918,0.0040882055883389
0.0840320562270373,1.00288309926358,2072.81140570285,0.00225467067609195
0.0911900604172244,1.00867425853989,2069.50975487744,0.00340166788516006
0.0628010083877059,1.00288309926358,2087.21860930465,0.00160872476477156
0.0966699926889681,1.00867425853989,2067.25862931466,0.00257150511585469
0.0884802786976751,1.00867425853989,2070.71035517759,0.00278530069821429
0.0989289773900908,1.00288309926358,2066.35817908954,0.00634811015730472
0.0998581868209645,1.25537852068667,2068.30915457729,0.0146458099509392
0.0935156757280031,1.00288309926358,2068.45922961481,0.0032067305674901
0.0858226000414778,1.00288309926358,2071.91095547774,0.00914945103288435
0.0887820855506231,1.00867425853989,2070.56028014007,0.00630079928512805
0.0835440989657581,1.00867425853989,2073.11155577789,0.00578823145508288
0.0670353273573333,1.00288309926358,2083.6168084042,0.00242458617000553
0.0652222039185907,1.00288309926358,2085.11755877939,0.00213551254640576
0.0715326740581037,1.00577451078852,2080.31515757879,0.0042138076739651
0.096944310789022,1.00288309926358,2067.10855427714,0.00258117619122551
0.0730148133165507,1.00577451078852,2079.26463231616,0.0010922901400196
0.0809516457535144,1.00577451078852,2074.46223111556,0.00623305396116339
0.0955565570404008,1.00867425853989,2067.70885442721,0.00798806602095994
0.0650125385372024,1.00288309926358,2085.26763381691,0.00436273099226201
0.0551715639504018,1.01158236655188,2095.32266133067,0.00236399947368404
0.0767940809022514,1.00577451078852,2076.86343171586,0.00636334138561274
0.0859462889201699,1.00867425853989,2071.91095547774,0.00962848010376403
0.0939758736845676,1.00577451078852,2068.30915457729,0.00929886735692826
0.0704128966081426,1.00288309926358,2081.06553276638,0.00465620010896881
0.0987323118340262,1.00867425853989,2066.50825412706,0.00428584949250138
0.0580843302514858,1.00288309926358,2091.87093546773,0.00258520925241086
0.0983149605325773,1.00867425853989,2066.65832916458,0.0129526863634197
0.0929348368260581,1.00867425853989,2068.75937968984,0.00434380310790756
0.0583718300553808,1.00288309926358,2091.5707853927,0.00247047173871702
0.0865831984141581,1.00867425853989,2071.6108054027,0.00152641295994454
0.0968919927480326,1.00288309926358,2067.10855427714,0.00958625965031299
0.0730548489125733,1.00577451078852,2079.26463231616,0.00290594863086778
0.0537798307826504,1.00288309926358,2096.82341170585,0.00194590842670337
0.096213708500598,1.00577451078852,2067.40870435218,0.00191420076193067
0.0970263186826316,1.00577451078852,2067.10855427714,0.0114681150444449
0.0852889576121968,1.00577451078852,2072.21110555278,0.00800506091621227
0.0645293523355664,1.00288309926358,2085.71785892946,0.00258614080558083
0.0760625108734321,1.00577451078852,2077.31365682841,0.00294410088890094
0.0954064668582537,1.00288309926358,2067.70885442721,0.011064188083506
0.0793681634491795,1.017423759841,2075.51275637819,0.00540344267766508
0.0819418172129633,1.02624915657849,2074.16208104052,0.0087308350399526
0.0978864342943199,1.07153781450759,2067.40870435218,0.0133209682218271
0.0926165420309614,1.00867425853989,2068.90945472736,0.00748178451337175
0.0967061404755569,1.00867425853989,2067.25862931466,0.0114479725990691
0.0652976316633066,1.00577451078852,2085.11755877939,0.0015072281897562
0.0800477528617781,1.00288309926358,2074.91245622811,0.00811789096735838
0.0766110210651694,1.00867425853989,2077.01350675338,0.00293680989034769
0.0973651392717441,1.00288309926358,2066.95847923962,0.0011223885187662
0.083205999998871,1.00577451078852,2073.26163081541,0.00736482825016733
0.063555191932937,1.00577451078852,2086.61830915458,0.00155675767071357
0.0817628316992128,1.00577451078852,2074.012006003,0.00628996033747759
0.080576620981708,1.00288309926358,2074.61230615308,0.00615067849451906
0.0918985151068588,1.00867425853989,2069.2096048024,0.00858625854503724
0.0998133577323832,1.00577451078852,2066.05802901451,0.00269533135306422
0.0678895249773128,1.00577451078852,2083.01650825413,0.00312711723437079
0.0928328278323097,1.00288309926358,2068.75937968984,0.00635475688567204
0.0932850310662745,1.00867425853989,2068.60930465233,0.00286349015608625
0.0997915198716815,1.00288309926358,2066.05802901451,0.00522942095797739
0.080163667115921,1.017423759841,2075.06253126563,0.00140601735298905
0.062962067812006,1.00288309926358,2087.06853426713,0.00256360629365884
0.0826880675486442,1.00867425853989,2073.56178089045,0.00442838825323504
0.0974773291538937,1.00867425853989,2066.95847923962,0.00133629208762747
0.0970380572396141,1.00577451078852,2067.10855427714,0.0104237645526109
0.086105072547617,1.0684573459204,2072.51125562781,0.00987057045583298
0.051918909658745,1.00288309926358,2099.22461230615,0.00266917049786819
0.0918595736238676,1.00867425853989,2069.2096048024,0.00221892990402255
0.097330596239264,1.00288309926358,2066.95847923962,0.00259275210391774
0.093929134318624,1.00577451078852,2068.30915457729,0.00608442506077304
0.0805735651740173,1.00288309926358,2074.61230615308,0.00240785516556922
0.0654757366743611,1.00577451078852,2084.96748374187,0.00263631436581046
0.0944488460814927,1.00867425853989,2068.15907953977,0.00678291414456914
0.0969815841048848,1.00577451078852,2067.10855427714,0.00488675343600214
0.0918498193323394,1.00867425853989,2069.2096048024,0.00235093990218878
0.0923608810242877,1.07462716439149,2069.65982991496,0.011653390479137
0.0674064356036192,1.35295334494457,2087.96898449225,0.00596004039820114
0.0804409338204344,1.00867425853989,2074.7623811906,0.00648420178927846
0.0886350289505506,1.00288309926358,2070.56028014007,0.0102293949726164
0.0822291974278306,1.00288309926358,2073.71185592796,0.00652789532169278
0.0921980835338291,1.10920355497526,2070.11005502751,0.0116896435613152
0.0893710094678981,1.00577451078852,2070.26013006503,0.00692155391464257
0.0642462965081636,1.00577451078852,2086.0180090045,0.00177972454024025
0.0837740966471898,1.00577451078852,2072.96148074037,0.00566519636910594
0.0993484340988954,1.31077872056062,2068.90945472736,0.0146789917189672
0.0615805080102232,1.00577451078852,2088.4192096048,0.00107865721246546
0.0809201604367975,1.00577451078852,2074.46223111556,0.00104032015503049
0.0884122956866753,1.00577451078852,2070.71035517759,0.00257440986773563
0.0885242309856156,1.00288309926358,2070.56028014007,0.0103767162443611
0.0652393681648063,1.00288309926358,2085.11755877939,0.00449496757999518
0.0795481090152384,1.00288309926358,2075.21260630315,0.00640887745819977
0.0998050647834444,1.00577451078852,2066.05802901451,0.00521756513530645
0.0582574570459715,1.01158236655188,2091.87093546773,0.00159288053049324
0.0979292030314427,1.00867425853989,2066.8084042021,0.00205814049648414
0.092483838700457,1.00577451078852,2068.90945472736,0.00894028682788456
0.098583466954858,1.00577451078852,2066.50825412706,0.00740973796556769
0.0963434924330241,1.00867425853989,2067.40870435218,0.00443057275946552
0.0616830101207145,1.00288309926358,2088.26913456728,0.00107605637469677
0.0844561038749893,1.00867425853989,2072.66133066533,0.0060557843037432
0.0859815861590862,1.00867425853989,2071.91095547774,0.00290805636745925
0.0913401058489654,1.00288309926358,2069.35967983992,0.00195364171629001
0.0712997668443351,1.00577451078852,2080.46523261631,0.00488687890640335
0.0829215628363201,1.08707389011608,2074.31215607804,0.00912271324083432
0.0653840028122781,1.00288309926358,2084.96748374187,0.00162549870927354
0.0721095157972414,1.19541686845759,2082.41620810405,0.00676740965672094
0.092049865473489,1.00288309926358,2069.05952976488,0.0016431141332288
0.0851603757005522,1.00288309926358,2072.21110555278,0.0049526198015366
0.096101406965347,1.10920355497526,2068.45922961481,0.0128998095195686
0.0706285484193293,1.00288309926358,2080.91545772886,0.00580932240100197
0.0932929847023653,1.32978351631576,2071.6108054027,0.012613580193866
0.0823798048540141,1.00867425853989,2073.71185592796,0.00459321800861802
0.0828273107030879,1.00288309926358,2073.41170585293,0.00778509632575175
0.0803388331427732,1.00288309926358,2074.7623811906,0.00261897445145679
0.0905135724280531,1.00867425853989,2069.80990495248,0.0102300136599682
0.0610576644137328,1.00288309926358,2088.86943471736,0.00323795079357704
0.0617577812993459,1.00577451078852,2088.26913456728,0.00125861828841182
0.0907313361815167,1.00577451078852,2069.65982991496,0.00129473291466041
0.0647381184979579,1.00577451078852,2085.56778389195,0.0026980276487451
0.0527612252325603,1.00577451078852,2098.17408704352,0.00300753050523493
0.0770787408515192,1.017423759841,2076.86343171586,0.00599460601561614
0.0914461439794318,1.00577451078852,2069.35967983992,0.0106905591928924
0.0654440695471778,1.06538573309788,2085.86793396698,0.00541868762682606
0.0966602306665315,1.00577451078852,2067.25862931466,0.00314787729346736
0.0759688915455413,1.00288309926358,2077.31365682841,0.00735907096507454
0.0878015766462108,1.47076025583445,2075.51275637819,0.011027424574562
0.063118198655573,1.35295334494457,2091.87093546773,0.00519346079987738
0.0565028929567688,1.00577451078852,2093.67183591796,0.00204078233372036
0.0961479776752134,1.00288309926358,2067.40870435218,0.0101255092523107
0.0645247532485914,1.00288309926358,2085.71785892946,0.00245160436431497
0.0603188109588201,1.00577451078852,2089.61980990495,0.00230290528242219
0.0864342203720925,1.00288309926358,2071.6108054027,0.00251073435329979
0.0833647435554213,1.27725193454067,2076.11305652826,0.00954110300275098
0.0982696576128431,1.0684573459204,2067.25862931466,0.0134213461710101
0.0893535959745081,1.05926897298544,2070.86043021511,0.010733048471228
0.0873461130440125,1.00288309926358,2071.16058029014,0.00676476217621177
0.0986878546802109,1.16819913201946,2068.00900450225,0.0139481225365068
0.0680265612137706,1.00288309926358,2082.86643321661,0.00431796325621073
0.0946724714134595,1.00577451078852,2068.00900450225,0.0114048070514071
0.0674800016162658,1.00577451078852,2083.31665832916,0.00215888596790911
0.0814445125409947,1.00288309926358,2074.16208104052,0.00522995166437271
0.087365186643798,1.00288309926358,2071.16058029014,0.00558975018810558
0.0958888605668066,1.00867425853989,2067.55877938969,0.00992519770668732
0.0541951689869761,1.00577451078852,2096.3731865933,0.00259253966937418
0.0904509999838258,1.00577451078852,2069.80990495248,0.0047745794864989
0.0614264098397892,1.00577451078852,2088.56928464232,0.0024736730988028
0.0993762455384933,1.00288309926358,2066.20810405203,0.00962800781957888
0.0939648259000352,1.00577451078852,2068.30915457729,0.00908112386392643
0.086561180257036,1.00867425853989,2071.6108054027,0.00298692023060538
0.0896643879332894,1.00288309926358,2070.11005502751,0.00585079416161994
0.0897055975897175,1.00577451078852,2070.11005502751,0.00544575863561723
0.0963624253920772,1.55345194953386,2072.06103051526,0.0140284873750226
0.0716788848658399,1.00288309926358,2080.16508254127,0.00116857846113051
0.0948337522166204,1.37652687910296,2071.31065532766,0.0132307374619031
0.0662487028703579,1.30701047960937,2088.4192096048,0.00572464197311827
0.0554150336936555,1.00288309926358,2094.87243621811,0.00213818649430928
0.0513586729110946,1.00288309926358,2099.97498749375,0.00136284620561782
0.0670986320336305,1.00577451078852,2083.6168084042,0.00424006072699477
0.0993404109840623,1.00288309926358,2066.20810405203,0.00821071906915456
0.0887002037593008,1.00288309926358,2070.56028014007,0.00938956426693865
0.0793196796080423,1.00577451078852,2075.36268134067,0.00460223807897756
0.0913919929641487,1.00288309926358,2069.35967983992,0.00746192169353765
0.0828031529893272,1.00288309926358,2073.41170585293,0.00545580347089739
0.0986068241954811,1.00577451078852,2066.50825412706,0.00260056228300377
0.0633952817856742,1.00577451078852,2086.7683841921,0.00100434757777361
0.0919055517265747,1.00867425853989,2069.2096048024,0.010572800615866
0.08624587313063,1.05622377499757,2072.21110555278,0.00993674203672346
0.0617214206295893,1.00577451078852,2088.26913456728,0.00400916938716809
0.0535294414411732,1.00867425853989,2097.27363681841,0.00353518093716227
0.0854741362595827,1.00288309926358,2072.06103051526,0.00250378758157766
0.0806377710157495,1.00577451078852,2074.61230615308,0.00470573894616324
0.0949880633121006,1.00288309926358,2067.85892946473,0.00362564464329918
0.0792688028287596,1.00288309926358,2075.36268134067,0.00644549032173714
0.0688506570847764,1.00577451078852,2082.26613306653,0.00334193371314552
0.0922544844146195,1.00867425853989,2069.05952976488,0.00364067382274295
0.0944136549495435,1.00867425853989,2068.15907953977,0.00929005707307335
0.0785418493729846,1.00577451078852,2075.81290645323,0.00675153242891618
0.0759714001887095,1.295770630155,2080.76538269135,0.00774514150609577
0.0921942722902755,1.00577451078852,2069.05952976488,0.00886881239986436
0.0894380506843703,1.00577451078852,2070.26013006503,0.00814237140211442
0.0987197277519393,1.00867425853989,2066.50825412706,0.00600403853872031
0.0888462290855091,1.00867425853989,2070.56028014007,0.00164388303274726
0.0982782219403229,1.51808232505612,2071.01050525263,0.0146518636083994
0.0806704853870774,1.00577451078852,2074.61230615308,0.00496678898087619
0.0945910278148076,1.50070065992818,2072.3611805903,0.0133938955970519
0.0723020997195245,1.00288309926358,2079.71485742871,0.00513133515727859
0.0801997260266137,1.00867425853989,2074.91245622811,0.00711372687267468
0.0777123683386609,1.00288309926358,2076.26313156578,0.00154373929401186
0.0859451611062655,1.00867425853989,2071.91095547774,0.00536010892403654
0.0927718941256622,1.00288309926358,2068.75937968984,0.00273278990754315
0.0862681137632951,1.00867425853989,2071.76088044022,0.0070051103574193
0.0855591073601828,1.00577451078852,2072.06103051526,0.0071483387625859
0.0621984304102856,1.00577451078852,2087.81890945473,0.00459252675338668
0.085368087119686,1.13831921276723,2073.56178089045,0.00988512956701467
0.0977713914999661,1.00577451078852,2066.8084042021,0.00282202800903167
0.0772899612334206,1.00577451078852,2076.56328164082,0.0014957217302659
0.0959635650079703,1.00867425853989,2067.55877938969,0.00423807060696926
0.0564940436969613,1.00577451078852,2093.67183591796,0.00336487728200418
0.0946631731277437,1.00288309926358,2068.00900450225,0.00853823207763635
0.0778647822244355,1.00867425853989,2076.26313156578,0.00484946323871802
0.0942821110679612,1.00288309926358,2068.15907953977,0.0102979294166732
0.0832675457766849,1.00867425853989,2073.26163081541,0.00840301890835272
0.0954487969132117,1.39648494813358,2071.31065532766,0.0133785428399035
0.0920668976326682,1.00288309926358,2069.05952976488,0.00250605396095781
0.091854799981709,1.45811221351425,2073.41170585293,0.0122827234502058
0.0883275978396843,1.00288309926358,2070.71035517759,0.00212260838133726
0.0942942052544383,1.00288309926358,2068.15907953977,0.00537914353169271
0.0969953004128003,1.00577451078852,2067.10855427714,0.0119347309379283
0.0951228144279312,1.00577451078852,2067.85892946473,0.00687727690781367
0.0725049236077049,1.00288309926358,2079.5647823912,0.00146624019030426
0.0739169970899676,1.00577451078852,2078.66433216608,0.00186020241665654
0.0886720261992823,1.00288309926358,2070.56028014007,0.00901400276970524
0.0809900448937226,1.00867425853989,2074.46223111556,0.00586645467845375
0.0792700054171374,1.00288309926358,2075.36268134067,0.00138201003256382
0.084287409389026,1.00288309926358,2072.66133066533,0.0057092021375968
0.0706644388193651,1.00577451078852,2080.91545772886,0.00300368490733213
0.0943686316020954,1.00577451078852,2068.15907953977,0.00514465980815131
0.0844611238337682,1.00867425853989,2072.66133066533,0.00432067637428797
0.072737815514474,1.00288309926358,2079.41470735368,0.00490898350984122
0.0608016413799979,1.441417191251,2095.32266133067,0.00483669452690186
0.0743564677658706,1.00288309926358,2078.36418209105,0.00567116349959508
0.0997743336076746,1.00288309926358,2066.05802901451,0.00627327766678874
0.0587183647630034,1.00577451078852,2091.27063531766,0.00275696584487912
0.0897833964493769,1.00867425853989,2070.11005502751,0.00969276459457178
0.0943910067963226,1.00867425853989,2068.15907953977,0.00397355653140842
0.0519451217494186,1.01158236655188,2099.37468734367,0.00273757606577169
0.0999096013984978,1.00867425853989,2066.05802901451,0.00574861656005588
0.0676497669922757,1.00577451078852,2083.16658329165,0.00566895524665172
0.0851915677764669,1.00288309926358,2072.21110555278,0.00731970649365398
0.0800569915043127,1.00288309926358,2074.91245622811,0.00297747890367416
0.0828630324305465,1.00288309926358,2073.41170585293,0.00131257221579603
0.0796638498420042,1.00867425853989,2075.21260630315,0.003851789407616
0.0899116488896207,1.3490638599235,2073.41170585293,0.0115138177282972
0.0966632634832843,1.00867425853989,2067.25862931466,0.00329428078798744
0.0971161876334462,1.04413027541975,2067.40870435218,0.0129936005850667
0.0903413546416652,1.00288309926358,2069.80990495248,0.0104124802701212
0.0841387789727548,1.00867425853989,2072.81140570285,0.0015899790463882
0.0723290242475616,1.00288309926358,2079.71485742871,0.00589604923250548
0.0998975583004713,1.00867425853989,2066.05802901451,0.012678992255829
0.0928140509653984,1.00288309926358,2068.75937968984,0.00284495345426706
0.0546180184398378,1.00867425853989,2095.92296148074,0.00239723617337793
0.0790879697281493,1.36468921205103,2079.41470735368,0.00858070777604744
0.0914085472392447,1.00288309926358,2069.35967983992,0.00274813129020806
0.087585214509696,1.38846722913941,2074.91245622811,0.0108656565089975
0.0877994113936015,1.00577451078852,2071.01050525263,0.00160952683121465
0.074134034707575,1.00288309926358,2078.51425712856,0.00633085542187943
0.0989925719920574,1.00577451078852,2066.35817908954,0.00408739733544504
0.0942271808788778,1.00288309926358,2068.15907953977,0.00283146324581934
0.098116726805517,1.00288309926358,2066.65832916458,0.00306163055059347
0.0881066370728814,1.00577451078852,2070.86043021511,0.00816863153380895
0.0532339278230181,1.00577451078852,2097.57378689345,0.00171178464395093
0.0609619699280521,1.00577451078852,2089.01950975488,0.00377047234165213
0.0886639173897021,1.00288309926358,2070.56028014007,0.00781939615664785
0.0784890040534555,1.00288309926358,2075.81290645323,0.0073860437348589
0.0659271807529785,1.00288309926358,2084.51725862931,0.00256581332193376
0.0862856696159025,1.10920355497526,2072.81140570285,0.0100516897879015
0.0873844431288266,1.00288309926358,2071.16058029014,0.00888540430238501
0.0855082611958969,1.00288309926358,2072.06103051526,0.00922723911736776
0.0729963752219764,1.37256962462899,2083.76688344172,0.00709755477852855
0.0829921289494154,1.48779514022745,2078.21410705353,0.00971107807722979
0.0971627107608739,1.05015961695978,2067.40870435218,0.0130687630313359
0.0874235242050403,1.00577451078852,2071.16058029014,0.00116265189047346
0.0935387723128026,1.47076025583445,2072.66133066533,0.0129357258517702
0.0855517698602558,1.00577451078852,2072.06103051526,0.00214154302439926
0.0776974805133402,1.00288309926358,2076.26313156578,0.00301631825848891
0.0933367472379819,1.00867425853989,2068.60930465233,0.0112901243312422
0.097798389893224,1.00577451078852,2066.8084042021,0.0126006638949152
0.0727683981765717,1.00288309926358,2079.41470735368,0.00331162784040252
0.0884626374003796,1.00867425853989,2070.71035517759,0.00355745692988716
0.0656464172802915,1.00577451078852,2084.81740870435,0.00252795968831277
0.0879831899335102,1.00288309926358,2070.86043021511,0.00807439647411954
0.095422266436968,1.00288309926358,2067.70885442721,0.00954764096238145
0.09615164198469,1.00288309926358,2067.40870435218,0.011336819936722
0.0831492476815488,1.00288309926358,2073.26163081541,0.00308028763999082
0.0890496658087887,1.00577451078852,2070.41020510255,0.00409281762456016
0.0695718644945872,1.00288309926358,2081.66583291646,0.00372383057493076
0.0717084347486185,1.00577451078852,2080.16508254127,0.00230383519841382
0.0855867026902441,1.00577451078852,2072.06103051526,0.00281626689874524
0.0654055381756631,1.00288309926358,2084.96748374187,0.00139004375479877
0.0780031635586496,1.00288309926358,2076.11305652826,0.00399422553559411
0.0825537444727324,1.00288309926358,2073.56178089045,0.00250729570260231
0.0849288638054764,1.00577451078852,2072.3611805903,0.00864974183239977
0.0945923798188766,1.00288309926358,2068.00900450225,0.00363759791920984
0.0669010825276549,1.00577451078852,2083.76688344172,0.00532544819943736
0.0766190409238442,1.00867425853989,2077.01350675338,0.00460913934398036
0.086522518946649,1.00577451078852,2071.6108054027,0.00853780613795256
0.0755179736003932,1.00288309926358,2077.61380690345,0.0047817599784572
0.0904584564669628,1.00867425853989,2069.80990495248,0.00599943609264357
0.0785611409462682,1.00577451078852,2075.81290645323,0.00739079241571373
0.098618194993127,1.00577451078852,2066.50825412706,0.0104571489202303
0.094259736756952,1.00288309926358,2068.15907953977,0.00556654647920057
0.0874863484422668,1.00867425853989,2071.16058029014,0.00285212308775094
0.0794151420704402,1.00867425853989,2075.36268134067,0.00335969272479092
0.0789998768621981,1.00288309926358,2075.51275637819,0.00743744295742413
0.092149242763345,1.00577451078852,2069.05952976488,0.00278142403480959
0.0606172504812886,1.00577451078852,2089.31965982992,0.00294299882912786
0.098423546221163,1.08707389011608,2067.40870435218,0.0135153053802496
0.0787445015966057,1.00288309926358,2075.66283141571,0.00464740510324094
0.0729601579528579,1.00288309926358,2079.26463231616,0.0040493908504968
0.091483482667479,1.00577451078852,2069.35967983992,0.00817213393851614
0.0966135042480273,1.00577451078852,2067.25862931466,0.0107963617653858
0.0829368776893961,1.21624552488348,2075.81290645323,0.00929355146622178
0.0778583845900462,1.21624552488348,2078.66433216608,0.0081108871577051
0.0891445418179968,1.00867425853989,2070.41020510255,0.0101926351220635
0.0770096801685962,1.01449885892793,2076.86343171586,0.00227543876913625
0.081005718345406,1.00867425853989,2074.46223111556,0.00763667272657949
0.0905171625665821,1.00867425853989,2069.80990495248,0.0104172991267268
0.0911270081878803,1.56242237457588,2074.46223111556,0.0122777451131075
0.0897389035953123,1.00577451078852,2070.11005502751,0.00308139442618237
0.0986587287133032,1.00867425853989,2066.50825412706,0.00771815259728267
0.0956014040863215,1.54453302690677,2072.21110555278,0.0138460924988432
0.0983147825460666,1.00867425853989,2066.65832916458,0.00272851679331005
0.094783151020234,1.00867425853989,2068.00900450225,0.00821142526540277
0.0803085190390547,1.00288309926358,2074.7623811906,0.00370552380846621
0.0883823124021462,1.3686237465133,2074.31215607804,0.0110973822314798
0.0808769750357827,1.30325307163827,2077.76388194097,0.00894479420250204
0.0811956932430672,1.00577451078852,2074.31215607804,0.00801652383896717
0.0711150501785478,1.00577451078852,2080.61530765383,0.00532413833019188
0.0959027127773909,1.00867425853989,2067.55877938969,0.00963458140061093
0.0625019780114987,1.00288309926358,2087.51875937969,0.00125228812717205
0.0906524349995721,1.00288309926358,2069.65982991496,0.00700414564873564
0.0788647251922453,1.00867425853989,2075.66283141571,0.00106932950693078
0.0831432580786737,1.00288309926358,2073.26163081541,0.00800818869921149
0.0776964458214199,1.01158236655188,2076.4132066033,0.00696220569471575
0.0991423865449176,1.00867425853989,2066.35817908954,0.00815436398275476
0.0961846476160776,1.00288309926358,2067.40870435218,0.00744606752655425
0.0862149078846928,1.00577451078852,2071.76088044022,0.00248660276728041
0.0762743279868662,1.01449885892793,2077.31365682841,0.00443476367090449
0.0789906705184405,1.00288309926358,2075.51275637819,0.00111994783477258
0.0612343916446494,1.00288309926358,2088.71935967984,0.00305061150118829
0.0995507247537034,1.00867425853989,2066.20810405203,0.0053453584488322
0.0930836428599781,1.0684573459204,2069.35967983992,0.0117903978597487
0.0973929635205974,1.00577451078852,2066.95847923962,0.00580582396307099
0.0780160608562456,1.00577451078852,2076.11305652826,0.00494567236214719
0.0562467987365821,1.00577451078852,2093.971985993,0.00212272459533327
0.0884136934470599,1.00577451078852,2070.71035517759,0.00464448714631481
0.0649437536072114,1.00577451078852,2085.41770885443,0.00390855995514311
0.0820172054438005,1.1817296425721,2075.96298149075,0.00899972880209448
0.0780263538832371,1.00577451078852,2076.11305652826,0.0077755185036126
0.0603492317819979,1.00577451078852,2089.61980990495,0.00105387996653114
0.0577887658023003,1.00867425853989,2092.32116058029,0.00195577101527472
0.0650858396572959,1.00577451078852,2085.26763381691,0.00267126319791343
0.0790722808711943,1.00577451078852,2075.51275637819,0.00678462184244597
0.0939097450784348,1.00288309926358,2068.30915457729,0.0109030663222308
0.0890314788257617,1.00288309926358,2070.41020510255,0.00709969907368946
0.0610426022255236,1.00288309926358,2088.86943471736,0.00280227874054388
0.0954312703853571,1.44974067037263,2071.6108054027,0.0135986289921808
0.0901584540324757,1.00867425853989,2069.95997999,0.00935990130902162
0.0671110977241328,1.00577451078852,2083.6168084042,0.00438405620212577
0.0917617055010041,1.00288309926358,2069.2096048024,0.00372439277884897
0.0641808821543776,1.00288309926358,2086.0180090045,0.00111049166260656
0.0815736557868426,1.00867425853989,2074.16208104052,0.00825311028941379
0.0776034889021756,1.00867425853989,2076.4132066033,0.00163236890583974
0.0934098346767341,1.4455729400936,2072.51125562781,0.0128575528931193
0.0954097559565938,1.00288309926358,2067.70885442721,0.0100097736185157
0.0955311291577851,1.2232687477884,2069.80990495248,0.0130146775836955
0.0815005831061932,1.17494491051044,2076.11305652826,0.00889936331289527
0.0719433836283651,1.00577451078852,2080.01500750375,0.00651213682906055
0.0848967886639274,1.00288309926358,2072.3611805903,0.00719929624178285
0.0939148585772299,1.00288309926358,2068.30915457729,0.00494288592812298
0.0809415655796942,1.00577451078852,2074.46223111556,0.00195615028718751
0.0813970083506732,1.00288309926358,2074.16208104052,0.00262405755842766
0.0642122229540651,1.00577451078852,2086.0180090045,0.0021274366787148
0.0845565074520464,1.00288309926358,2072.51125562781,0.00493134517119288
0.097837394082603,1.00577451078852,2066.8084042021,0.0107633008651904
0.0945916715109001,1.00288309926358,2068.00900450225,0.0061036981358149
0.0905263014427349,1.00867425853989,2069.80990495248,0.00192491408692791
0.0986070141293302,1.00577451078852,2066.50825412706,0.0120863590473317
0.0814112372180704,1.00288309926358,2074.16208104052,0.00523572229454088
0.0996028986672852,1.14489244934213,2067.40870435218,0.0142104776823739
0.0993649588532835,1.00288309926358,2066.20810405203,0.0118991222950232
0.0924793959736019,1.00577451078852,2068.90945472736,0.00911568174239196
0.0974699131778102,1.00867425853989,2066.95847923962,0.00232037446051653
0.0623587265679639,1.00577451078852,2087.66883441721,0.0033678670012909
0.0730220270001561,1.00577451078852,2079.26463231616,0.00232939661510529
0.0727691245370709,1.00288309926358,2079.41470735368,0.00206570805109107
0.0697745885614519,1.00288309926358,2081.51575787894,0.00554166796787682
0.0744088331095425,1.00577451078852,2078.36418209105,0.00312900327630134
0.0936842458378605,1.00867425853989,2068.45922961481,0.00438965940884805
0.0847437395690741,1.00867425853989,2072.51125562781,0.00816652266609119
0.0711487883205198,1.16149208345279,2082.71635817909,0.00654059185563376
0.0958841531407893,1.00577451078852,2067.55877938969,0.00845791169612501
0.0719383285525417,1.00577451078852,2080.01500750375,0.00615405755337479
0.0671030494534986,1.00577451078852,2083.6168084042,0.00351765418480779
0.0977197978237062,1.00288309926358,2066.8084042021,0.011814707908714
0.0936983611867273,1.00867425853989,2068.45922961481,0.00822586540365169
0.0962477085274591,1.00577451078852,2067.40870435218,0.00590200920437919
0.0977838043661388,1.00577451078852,2066.8084042021,0.0119085239256991
0.0546828454716861,1.00577451078852,2095.77288644322,0.00189451978843397
0.0812892373125788,1.00867425853989,2074.31215607804,0.00692494044080534
0.0565635818113701,1.00867425853989,2093.67183591796,0.00101495565327603
0.0676730346361777,1.00577451078852,2083.16658329165,0.00234344026796738
0.0803581370243544,1.00288309926358,2074.7623811906,0.00750221877508489
0.0560571610478637,1.00288309926358,2094.12206103052,0.00166891506348123
0.0933047167372869,1.00867425853989,2068.60930465233,0.00870647549138287
0.0831366258298649,1.00288309926358,2073.26163081541,0.00291563842509595
0.0615570595773697,1.00577451078852,2088.4192096048,0.00389097936195716
0.0826059263785808,1.00577451078852,2073.56178089045,0.00455340483993579
0.0946382952556077,1.00288309926358,2068.00900450225,0.0074508246628436
0.0891789758930207,1.10920355497526,2071.46073036518,0.0108210412602764
0.0766006774274709,1.00867425853989,2077.01350675338,0.00443111212712585
0.0838034200918957,1.00577451078852,2072.96148074037,0.00822931039358907
0.0800441617981325,1.00288309926358,2074.91245622811,0.00363751213355625
0.0832265198027514,1.00867425853989,2073.26163081541,0.00589621704479157
0.0954233202882803,1.00288309926358,2067.70885442721,0.00440621400166794
0.0737031066758916,1.00577451078852,2078.8144072036,0.00154739100149815
0.0811221410573779,1.00288309926358,2074.31215607804,0.00704135035509532
0.0764865375003072,1.00288309926358,2077.01350675338,0.00297090436623058
0.0830941309413273,1.00288309926358,2073.26163081541,0.00608215393318326
0.0668817750061727,1.00288309926358,2083.76688344172,0.00210533627843548
0.0831150550249018,1.00288309926358,2073.26163081541,0.00473396390231879
0.0973381472798933,1.00288309926358,2066.95847923962,0.00872622893417465
0.0976892725075723,1.11560866287013,2067.85892946473,0.0134760683596064
0.0640682566000862,1.00577451078852,2086.16808404202,0.00145157731090154
0.0631448975276969,1.00288309926358,2086.91845922961,0.00368039076337404
0.0945957439865495,1.00288309926358,2068.00900450225,0.00677782792193369
0.0834402358311617,1.00288309926358,2073.11155577789,0.00186451401207208
0.0995123789232547,1.00867425853989,2066.20810405203,0.010637395696554
0.0829581501275753,1.17833239331668,2075.36268134067,0.0092597423992751
0.075504016609594,1.00288309926358,2077.61380690345,0.00590114931511091
0.0698694656410905,1.00577451078852,2081.51575787894,0.00535379260964278
0.0994154607808781,1.00577451078852,2066.20810405203,0.0113973290888518
0.0572601170555736,1.00288309926358,2092.77138569285,0.00350894945695609
0.0624778933987687,1.00288309926358,2087.51875937969,0.00332463532483042
0.0985425910074978,1.00288309926358,2066.50825412706,0.00515387339338921
0.0752970886775983,1.00288309926358,2077.76388194097,0.00716030307628754
0.0938925385636354,1.00288309926358,2068.30915457729,0.00836169392045572
0.0951762986791406,1.00867425853989,2067.85892946473,0.00818321057449745
0.0959498710754003,1.39648494813358,2071.01050525263,0.013635620736255
0.07527549671857,1.00288309926358,2077.76388194097,0.00682652598707102
0.0768425057702631,1.00867425853989,2076.86343171586,0.00680864162343586
0.0984909819527187,1.00288309926358,2066.50825412706,0.0121692190920763
0.0656366313208041,1.00577451078852,2084.81740870435,0.00440112753207482
0.0844373109092108,1.00867425853989,2072.66133066533,0.00554328103365992
0.0647686382439649,1.4249133228412,2091.12056028014,0.00552018966100737
0.0783212476781632,1.33746236557711,2079.71485742871,0.00831958435897856
0.0861198125601146,1.00288309926358,2071.76088044022,0.00492907079243182
0.0957649459973998,1.00288309926358,2067.55877938969,0.0113493955674401
0.0654650555475122,1.00577451078852,2084.96748374187,0.00269487942935105
0.0957745488930985,1.00288309926358,2067.55877938969,0.0104654051924014
0.0674014188198967,1.00288309926358,2083.31665832916,0.00339979524338009
0.0717445678298674,1.00577451078852,2080.16508254127,0.00335470253653541
0.0982113877413891,1.00577451078852,2066.65832916458,0.00223548872484163
0.0817700383017327,1.00577451078852,2074.012006003,0.00162072734813383
0.0855417468608686,1.00577451078852,2072.06103051526,0.00798973439733984
0.0916060043070694,1.41265954868704,2073.11155577789,0.0121747317693057
0.0785129597353462,1.00288309926358,2075.81290645323,0.00677594988499163
0.0782743764680122,1.00577451078852,2075.96298149075,0.00222019598668569
0.0913496981636247,1.00288309926358,2069.35967983992,0.0100934604684999
0.0774584201465264,1.00288309926358,2076.4132066033,0.00603404565331523
0.0781340769027051,1.00867425853989,2076.11305652826,0.00504749334680874
0.0826606502971793,1.23387969717049,2076.11305652826,0.00926688829928861
0.0918272508259842,1.00577451078852,2069.2096048024,0.00290032724087926
0.0744114707549558,1.00577451078852,2078.36418209105,0.00631753680018349
0.0978741928915004,1.00867425853989,2066.8084042021,0.0111956878032501
0.0973533801941693,1.00288309926358,2066.95847923962,0.0120652604241145
0.0730050545906757,1.00288309926358,2079.26463231616,0.00265730135250915
0.0859119937178395,1.00577451078852,2071.91095547774,0.00954690029172851
0.0910833949842098,1.00577451078852,2069.50975487744,0.00939812444193786
0.0760452430207871,1.00577451078852,2077.31365682841,0.00218892239776273
0.0766940459390255,1.01158236655188,2077.01350675338,0.00370314282348967
0.0936987349057656,1.00867425853989,2068.45922961481,0.0103742639163985
0.0928590635254764,1.04714060664789,2069.2096048024,0.01167391746422
0.0603199332135498,1.00577451078852,2089.61980990495,0.00442328844945571
0.0838178509462725,1.00867425853989,2072.96148074037,0.00138360904247789
0.0939646931927066,1.40859841962076,2072.06103051526,0.0128934125395068
0.0917654822396096,1.19541686845759,2071.16058029014,0.0117721936242801
0.0843315796492345,1.00577451078852,2072.66133066533,0.00596006869123386
0.0891733902461345,1.00867425853989,2070.41020510255,0.00149186884294791
0.0952254254198475,1.10601480450688,2068.75937968984,0.0126344199721927
0.0859501441883518,1.00867425853989,2071.91095547774,0.00663774671435719
0.0929464598376105,1.00867425853989,2068.75937968984,0.00755530158138888
0.0980335028141024,1.035151107089,2066.95847923962,0.0132524205396155
0.0775596802142144,1.00577451078852,2076.4132066033,0.00114660270405004
0.0918005020687335,1.05318733137807,2069.65982991496,0.0114392908672018
0.0790083824207074,1.00288309926358,2075.51275637819,0.00626563926642907
0.0811142450037151,1.00288309926358,2074.31215607804,0.0034554749849155
0.0805742864940591,1.00288309926358,2074.61230615308,0.00777190461382876
0.072746326114511,1.00288309926358,2079.41470735368,0.00162632260291551
0.0585885837549632,1.00577451078852,2091.42071035518,0.00134792030125039
0.0855347067547159,1.00577451078852,2072.06103051526,0.00448031494665679
0.0874067721710044,1.00288309926358,2071.16058029014,0.00408946638736115
0.0997868169332238,1.07772542117776,2066.8084042021,0.0139214172339717
0.0682649808233122,1.00577451078852,2082.71635817909,0.00209829512762566
0.0887712601061209,1.00577451078852,2070.56028014007,0.00430229035582879
0.0911853016177705,1.00867425853989,2069.50975487744,0.00130359548160879
0.0811423809176181,1.00288309926358,2074.31215607804,0.00132719943511466
0.0883937291800744,1.00577451078852,2070.71035517759,0.00996159078453636
0.0825896492738866,1.00577451078852,2073.56178089045,0.00302836257529748
0.0664634976275433,1.00288309926358,2084.06703351676,0.00486027379937982
0.0856618013938165,1.00867425853989,2072.06103051526,0.00842965751890538
0.0785524287667079,1.00577451078852,2075.81290645323,0.00252139258832082
0.0933323672313163,1.00867425853989,2068.60930465233,0.00374364997553491
0.0880013725203067,1.00288309926358,2070.86043021511,0.00751693895552511
0.0990978044604011,1.00867425853989,2066.35817908954,0.00522505218543998
0.0891401329282837,1.00867425853989,2070.41020510255,0.00159024363315711
0.0925042668348491,1.00577451078852,2068.90945472736,0.00751716309077747
0.0808638516135793,1.00288309926358,2074.46223111556,0.00709942942299357
0.0864096623188441,1.00288309926358,2071.6108054027,0.00435688594800135
0.0821294385272305,1.20926262481036,2076.11305652826,0.00911415468250329
0.0701066363015663,1.48779514022745,2087.06853426713,0.00660106716540024
0.0832930364794845,1.00867425853989,2073.26163081541,0.00160211283857828
0.0961231435549865,1.00288309926358,2067.40870435218,0.00482352663179845
0.0795923838839714,1.00577451078852,2075.21260630315,0.00227893484712171
0.0699971615725257,1.00288309926358,2081.36568284142,0.00500727203369728
0.0536515701437351,1.00867425853989,2097.12356178089,0.00198311403796464
0.0820660460005143,1.00577451078852,2073.86193096548,0.00121624026583592
0.0647382875101973,1.00577451078852,2085.56778389195,0.00122149690352839
0.0884747617311837,1.00867425853989,2070.71035517759,0.00734889422804354
0.0687956312715232,1.10601480450688,2083.76688344172,0.00603769372002871
0.0748481134300436,1.00577451078852,2078.06403201601,0.00519378707391488
0.0728399137742443,1.00577451078852,2079.41470735368,0.00147471889323888
0.0661864244533864,1.00577451078852,2084.3671835918,0.00178308278763567
0.0915345832706472,1.00867425853989,2069.35967983992,0.0028844310305951
0.0847042704424027,1.00867425853989,2072.51125562781,0.00906596581545765
0.0599030164720133,1.00577451078852,2090.07003501751,0.00265084513820905
0.0748369186544774,1.00577451078852,2078.06403201601,0.00273922675691794
0.0753143556864518,1.00577451078852,2077.76388194097,0.00128807932318052
0.0692399494769223,1.00577451078852,2081.9659829915,0.00164296575434784
0.059217655225191,1.00867425853989,2090.8204102051,0.00294649836082294
0.0843571732959324,1.00577451078852,2072.66133066533,0.00178112486075716
0.0821313858926673,1.00867425853989,2073.86193096548,0.00637962236925659
0.0950793898675672,1.00577451078852,2067.85892946473,0.0109607978563304
0.0715284968251086,1.00577451078852,2080.31515757879,0.00641295715639103
0.0837398473129272,1.00577451078852,2072.96148074037,0.00486908715825093
0.0818105087096638,1.00867425853989,2074.012006003,0.00607171250237833
0.0953472809748015,1.03217524340486,2068.00900450225,0.012378415044633
0.0865753376440443,1.00867425853989,2071.6108054027,0.00850788198194677
0.0812293293677914,1.00577451078852,2074.31215607804,0.00814926494838223
0.0853541275520019,1.00867425853989,2072.21110555278,0.00597963061074615
0.0986607819245897,1.00867425853989,2066.50825412706,0.00942895292571199
0.0791123898669446,1.00867425853989,2075.51275637819,0.00485721622162991
0.0999656020108073,1.00867425853989,2066.05802901451,0.0110849843139885
0.0828938680740599,1.00577451078852,2073.41170585293,0.00788895552708561
0.0932589556912558,1.00577451078852,2068.60930465233,0.00889684741349177
0.0952184904180573,1.28833114804146,2070.41020510255,0.0131716642635294
0.0913578211490147,1.03217524340486,2069.65982991496,0.0112231992215287
0.0680315399673702,1.00577451078852,2082.86643321661,0.00397894119643088
0.0780238816945325,1.00577451078852,2076.11305652826,0.00483145066715077
0.0607233923354618,1.00288309926358,2089.1695847924,0.00246029652915165
0.0763224665736048,1.00577451078852,2077.1635817909,0.00627014685010062
0.0937530369837262,1.27725193454067,2071.01050525263,0.012593838194806
0.0718946029415032,1.00288309926358,2080.01500750375,0.0049359499958999
0.0809260451149041,1.00577451078852,2074.46223111556,0.00383123844099051
0.0737431440610423,1.00577451078852,2078.8144072036,0.00288251469638413
0.0684119368858981,1.00288309926358,2082.56628314157,0.00124477428924283
0.0928373766031725,1.00577451078852,2068.75937968984,0.0026881625380209
0.067118958584152,1.00577451078852,2083.6168084042,0.00207384389197826
0.0747714664962929,1.00288309926358,2078.06403201601,0.00190127927906474
0.064864738097509,1.00288309926358,2085.41770885443,0.00218260602277762
0.0948298009604771,1.00867425853989,2068.00900450225,0.0090478658279823
0.0806425423633079,1.00577451078852,2074.61230615308,0.00346678249936364
0.0760640855871709,1.00577451078852,2077.31365682841,0.00511808579538475
0.0989180099669088,1.00288309926358,2066.35817908954,0.00833950689897792
0.0729487642852193,1.00288309926358,2079.26463231616,0.00571139790173962
0.0995146234138219,1.07462716439149,2066.8084042021,0.0138906994763474
0.0761137888087124,1.00867425853989,2077.31365682841,0.00232497589996738
0.0828163042166971,1.00288309926358,2073.41170585293,0.008315195233272
0.0838411869993303,1.00867425853989,2072.96148074037,0.00358306102511024
0.052414223036471,1.00577451078852,2098.62431215608,0.00116584648951479
0.0929257745366927,1.00867425853989,2068.75937968984,0.00611196615311727
0.0988964589154339,1.00288309926358,2066.35817908954,0.00165631932022706
0.097724174850422,1.00288309926358,2066.8084042021,0.0124922181268006
0.0900179275525844,1.00288309926358,2069.95997999,0.00762215973135857
0.0944898516416706,1.02920793476607,2068.30915457729,0.0121226764298863
0.0850153281835692,1.00867425853989,2072.3611805903,0.00548616812915412
0.0997633716180976,1.00288309926358,2066.05802901451,0.00995022473853453
0.0835727406274151,1.30701047960937,2076.26313156578,0.00965167382912456
0.05322816622058,1.00577451078852,2097.57378689345,0.00264570875533827
0.0977621223523936,1.00288309926358,2066.8084042021,0.00772875164905104
0.0712132179002882,1.00288309926358,2080.46523261631,0.00269634637113809
0.0845997078200897,1.00288309926358,2072.51125562781,0.00564953581417825
0.0769806640053521,1.00288309926358,2076.71335667834,0.00299398526982014
0.0793246959925725,1.00577451078852,2075.36268134067,0.00564690441075264
0.0753181149775908,1.00577451078852,2077.76388194097,0.00663780082166503
0.0665028846886785,1.00288309926358,2084.06703351676,0.00287459276595156
0.0989455567081317,1.00288309926358,2066.35817908954,0.00141756380829549
0.0842846862834201,1.00288309926358,2072.66133066533,0.00449592491690883
0.0704121285345392,1.00288309926358,2081.06553276638,0.00442543587306248
0.092225478228381,1.00867425853989,2069.05952976488,0.00669485029596869
0.0944239734294622,1.00867425853989,2068.15907953977,0.00196421232304851
0.0861419369962511,1.00288309926358,2071.76088044022,0.00302912448668958
0.084270972202023,1.00288309926358,2072.66133066533,0.00248734783617075
0.0708233178444072,1.00288309926358,2080.76538269135,0.00589498854802664
0.0778342646209098,1.00867425853989,2076.26313156578,0.00591976688437804
0.0773250277679619,1.06538573309788,2077.31365682841,0.00773099095677434
0.0856071812598557,1.00867425853989,2072.06103051526,0.0076565085936322
0.0944713761780221,1.47076025583445,2072.21110555278,0.0132795230099019
0.0829695937928295,1.00867425853989,2073.41170585293,0.0069094039120136
0.0698155453608268,1.00577451078852,2081.51575787894,0.00190261650831677
0.0590830473906052,1.00288309926358,2090.8204102051,0.00190411769191511
0.0881865813818129,1.04413027541975,2071.16058029014,0.0104129565491527
0.0811292086069192,1.00288309926358,2074.31215607804,0.00284921477452377
0.0561775186631461,1.00288309926358,2093.971985993,0.00269360328017284
0.0614451179469566,1.00577451078852,2088.56928464232,0.00423994721882465
0.0807025474573175,1.017423759841,2074.7623811906,0.00725591462119417
0.092232324297882,1.00867425853989,2069.05952976488,0.00206975456818592
0.0748844351416312,1.00577451078852,2078.06403201601,0.00172727187003968
0.0753510265358389,1.00577451078852,2077.76388194097,0.00412589960530377
0.0620467358079576,1.00577451078852,2087.96898449225,0.00237169243057825
0.0989873752196058,1.00577451078852,2066.35817908954,0.00992237914357963
0.0670475552588759,1.00288309926358,2083.6168084042,0.00518547224682756
0.0658046087900883,1.00577451078852,2084.66733366683,0.00452343766989813
0.0701680233173113,1.00288309926358,2081.2156078039,0.00342489939882616
0.0540040557973893,1.13504676028852,2098.92446223112,0.00371586737004862
0.0849146470353303,1.00288309926358,2072.3611805903,0.00737414175776349
0.0716730702684118,1.00288309926358,2080.16508254127,0.00555203159077269
0.0817911763523409,1.00577451078852,2074.012006003,0.00678036682262056
0.0865143884440016,1.00577451078852,2071.6108054027,0.0043808156198699
0.0907218942888987,1.00288309926358,2069.65982991496,0.0104182471854935
0.084682185055995,1.00577451078852,2072.51125562781,0.00890801983025005
0.0694519388826058,1.00577451078852,2081.81590795398,0.00377066769653545
0.0800423741499252,1.00288309926358,2074.91245622811,0.00224515553942443
0.0929397866834699,1.00867425853989,2068.75937968984,0.008182189999932
0.0888421594280034,1.00867425853989,2070.56028014007,0.00223103772516397
0.0822929297170903,1.00288309926358,2073.71185592796,0.00637909788265563
0.0549443837635536,1.00577451078852,2095.47273636818,0.00350358261178928
0.0659493349898616,1.00288309926358,2084.51725862931,0.0030247344291034
0.0740981178248945,1.00288309926358,2078.51425712856,0.00686588851687066
0.0989326770674689,1.00288309926358,2066.35817908954,0.00367436910850663
0.0553018049474268,1.01158236655188,2095.17258629315,0.00262374399794417
0.0844246163147953,1.42902148939294,2076.86343171586,0.0100726311848238
0.0801654787685199,1.00867425853989,2074.91245622811,0.00613574796925159
0.0586282730118295,1.28833114804146,2095.77288644322,0.00442920148770582
0.0935265568740091,1.00288309926358,2068.45922961481,0.00284738613988518
0.0981446038781124,1.00288309926358,2066.65832916458,0.0106356313570163
0.0892928556470434,1.2267955530143,2072.66133066533,0.0110594033795023
0.0903909096988548,1.00577451078852,2069.80990495248,0.00205483769568007
0.07927970904879,1.00288309926358,2075.36268134067,0.0063354139919457
0.0806510466214973,1.00577451078852,2074.61230615308,0.00763274016710833
0.0514826739453083,1.00288309926358,2099.82491245623,0.00277781001975323
0.0961144808364152,1.00288309926358,2067.40870435218,0.00641808698425756
0.0880009208468577,1.00288309926358,2070.86043021511,0.00960332733739237
0.0884019035293785,1.00577451078852,2070.71035517759,0.00290865701286491
0.0780295997880759,1.00577451078852,2076.11305652826,0.00136196878497085
0.0609242731257682,1.00288309926358,2089.01950975488,0.00337396224590156
0.0857788542550505,1.00288309926358,2071.91095547774,0.0040978847198775
0.082513265970153,1.00288309926358,2073.56178089045,0.00426088888081897
0.0852862002932822,1.00577451078852,2072.21110555278,0.00204278563435717
0.098148947149839,1.00288309926358,2066.65832916458,0.0111584878938549
0.0800872517404298,1.00288309926358,2074.91245622811,0.00634190358059981
0.0603600866528802,1.00577451078852,2089.61980990495,0.00187213957327638
0.0575756649259184,1.00577451078852,2092.47123561781,0.00412033744171042
0.0954855654901137,1.00577451078852,2067.70885442721,0.00451053220136347
0.0807914070805741,1.08394875824941,2075.51275637819,0.00855925708687031
0.0796256383956006,1.00577451078852,2075.21260630315,0.00248868116055423
0.0626757152700717,1.00288309926358,2087.36868434217,0.00344028680388136
0.0883678598046266,1.59422875299434,2076.11305652826,0.0114008953038618
0.0910677724017407,1.41265954868704,2073.41170585293,0.0119710144152212
0.0992389857113294,1.10601480450688,2067.25862931466,0.0138757568040839
0.0980670521649058,1.50070065992818,2070.86043021511,0.0146531819546192
0.095666626280056,1.50070065992818,2071.91095547774,0.0137536497754315
0.0911524556960748,1.00867425853989,2069.50975487744,0.0061042184927542
0.0775471682746865,1.00577451078852,2076.4132066033,0.00156998578310068
0.0745657765494228,1.00288309926358,2078.21410705353,0.00138000985003422
0.0592509509505132,1.00288309926358,2090.67033516758,0.00126743595600501
0.0982472826763973,1.00577451078852,2066.65832916458,0.00189810742251818
0.0890355320073593,1.00577451078852,2070.41020510255,0.00480486467840952
0.0940640026289071,1.00867425853989,2068.30915457729,0.00649845617704081
0.0825901130564776,1.00577451078852,2073.56178089045,0.00630288507621212
0.0836999884731004,1.00288309926358,2072.96148074037,0.00159459246764473
0.0559078543294308,1.00288309926358,2094.27213606803,0.00336153442259928
0.0604487640366893,1.00288309926358,2089.46973486743,0.0035395116242005
0.0932986717061835,1.441417191251,2072.51125562781,0.0128314851793472
0.0886326490859751,1.00288309926358,2070.56028014007,0.00223968093359875
0.074654516744035,1.00577451078852,2078.21410705353,0.00163421336289931
0.0867397696225507,1.00288309926358,2071.46073036518,0.00601458800331493
0.0888079750053664,1.00867425853989,2070.56028014007,0.00906445415422561
0.0947945959788636,1.00867425853989,2068.00900450225,0.00822846723620243
0.0993832285991497,1.2517695448338,2068.45922961481,0.0144573020650801
0.0969938666202498,1.00577451078852,2067.10855427714,0.00112852555302588
0.0954947944572891,1.00577451078852,2067.70885442721,0.0110839848970524
0.0889738493367783,1.00288309926358,2070.41020510255,0.0097003030720459
0.0804796491963536,1.00867425853989,2074.7623811906,0.00650410595060668
0.0880825922239492,1.00577451078852,2070.86043021511,0.00801298245367583
0.09641118279201,1.32978351631576,2070.26013006503,0.0136680986446791
0.0973689156552393,1.50070065992818,2071.16058029014,0.0143809600546781
0.095078235905604,1.00577451078852,2067.85892946473,0.00554498073048337
0.097029821957578,1.00577451078852,2067.10855427714,0.0111813053266539
0.076707803020798,1.00288309926358,2076.86343171586,0.00173028270006068
