0.0931181483707179,1.00867425853989,2084.96748374187,0.00217589385557418
0.0991348911214727,1.01158236655188,2081.66583291646,0.00179894180021073
0.0879271925301546,1.37256962462899,2091.72086043021,0.00291568715054405
0.0903790874440955,1.02035709353375,2086.7683841921,0.00165346607145107
0.0993916436726487,1.01158236655188,2081.51575787894,0.00344838570261832
0.0824622277732909,1.02920793476607,2092.32116058029,0.00110152302437674
0.0911802718078177,1.01158236655188,2086.16808404202,0.00196872705501967
0.0824201367726246,1.01449885892793,2092.17108554277,0.00135590161365901
0.0996280472991981,1.00867425853989,2081.36568284142,0.00241458610129859
0.0758391706829902,1.00577451078852,2097.42371185593,0.00191277006139252
0.0978068497409357,1.00288309926358,2082.26613306653,0.00278255990682851
0.0755595785422739,1.00867425853989,2097.72386193097,0.00122724893750266
0.0804946628468149,1.00577451078852,2093.52176088044,0.00204936685595088
0.0990106385562626,1.00577451078852,2081.66583291646,0.00204894398003798
0.0938728749524591,1.035151107089,2084.81740870435,0.0011895844754036
0.099903432845824,1.00577451078852,2081.2156078039,0.00315325517402077
0.07952671706056,1.00288309926358,2094.27213606803,0.00174594500911355
0.0918268885143053,1.00577451078852,2085.71785892946,0.00104035092483729
0.0842981474388901,1.017423759841,2090.8204102051,0.00190992822226157
0.0834514837931137,1.26991877487462,2094.12206103052,0.00252616401457376
0.0940529524421952,1.00288309926358,2084.3671835918,0.00138397907853956
0.095787233941676,1.01158236655188,2083.46673336668,0.00301181805106065
0.0742450461321208,1.00867425853989,2098.92446223112,0.00105871455904051
0.0777142418500045,1.00288309926358,2095.77288644322,0.00191016103778779
0.098811009336513,1.00867425853989,2081.81590795398,0.00214640435670493
0.0931655762559994,1.01158236655188,2084.96748374187,0.00297168466320439
0.0931790608076239,1.01158236655188,2084.96748374187,0.00322085540032134
0.0998424755430623,1.00288309926358,2081.2156078039,0.00230375039409805
0.0788768938294081,1.00867425853989,2094.87243621811,0.00151577992042805
0.0899567579990542,1.0232988843187,2087.06853426713,0.00141382477842398
0.0819353400858411,1.00867425853989,2092.47123561781,0.00170819518087374
0.0983890682434998,1.00288309926358,2081.9659829915,0.00150840251773409
0.0956150019278897,1.00288309926358,2083.46673336668,0.00149697417427464
0.0898628374999752,1.00577451078852,2086.91845922961,0.00217399376984936
0.0827013344026458,1.03217524340486,2092.17108554277,0.00202595816282377
0.0983939960986677,1.00288309926358,2081.9659829915,0.00281819169450253
0.0931255096349628,1.00867425853989,2084.96748374187,0.00238431052488656
0.0946418854105458,1.53566531100084,2088.56928464232,0.00357380190482037
0.0752407091567038,1.00867425853989,2098.024012006,0.00127035105949848
0.0910730636131746,1.00577451078852,2086.16808404202,0.00124911266983147
0.0945356079479643,1.01449885892793,2084.21710855428,0.00340607163089671
0.0962035959780701,1.00577451078852,2083.16658329165,0.00342392397543423
0.0918290798632381,1.00577451078852,2085.71785892946,0.00293898996806947
0.0966254352722674,1.01158236655188,2083.01650825413,0.00114843803486322
0.0750635176151509,1.00867425853989,2098.17408704352,0.00137719184319416
0.0923498558671906,1.00867425853989,2085.41770885443,0.00263629377343238
0.0746866223691616,1.00577451078852,2098.47423711856,0.00143306177007314
0.0984946873499128,1.00867425853989,2081.9659829915,0.00215219294205546
0.0780900216986458,1.00577451078852,2095.47273636818,0.00163040582518323
0.0987476613385566,1.00577451078852,2081.81590795398,0.00269935160913343
0.0972851475976824,1.00288309926358,2082.56628314157,0.00110264064528034
0.0874895143180255,1.01449885892793,2088.56928464232,0.00158262388693224
0.0880666705411442,1.00867425853989,2088.11905952976,0.00104968712364375
0.0935487640503988,1.017423759841,2084.81740870435,0.00208608129642204
0.0756345806301296,1.00288309926358,2097.57378689345,0.0010793917774421
0.0877752406036123,1.017423759841,2088.4192096048,0.00255116033047697
0.0944475572177869,2.97761447568876,2095.6228114057,0.00367491036871491
0.0954366166893028,1.02035709353375,2083.76688344172,0.00193147122477417
0.0819279115803874,1.00867425853989,2092.47123561781,0.00234956457324513
0.0921668726296322,1.01158236655188,2085.56778389195,0.00204508985997377
0.0854729729126297,1.01158236655188,2089.91995997999,0.00182215960453998
0.0877579072090918,2.44116367657533,2098.47423711856,0.00295151146050923
0.0733884129611135,1.02624915657849,2099.97498749375,0.00129457931964891
0.0915573018903229,1.00577451078852,2085.86793396698,0.002089887452754
0.0975342409549467,1.00288309926358,2082.41620810405,0.00309847785290139
0.075471041118778,1.00288309926358,2097.72386193097,0.00119682030798602
0.0735448884234222,1.02624915657849,2099.82491245623,0.00170077294251604
0.0976061224648484,1.00577451078852,2082.41620810405,0.00170463980180624
0.0738791104750485,1.00577451078852,2099.22461230615,0.00178320574579209
0.084525231960277,1.00577451078852,2090.52026013007,0.00241631101252805
0.0834581512379189,1.02920793476607,2091.5707853927,0.00138675388366778
0.0967085992258893,1.00288309926358,2082.86643321661,0.00301075466286323
0.0858874751880574,1.0232988843187,2089.76988494247,0.00183587723634583
0.0933157530190767,1.81474121907939,2091.12056028014,0.00348608888412411
0.0990058938159696,1.00577451078852,2081.66583291646,0.00162171895262312
0.0755539829848428,1.00867425853989,2097.72386193097,0.00144304518430923
0.0945441881528104,1.02920793476607,2084.3671835918,0.00180605493964812
0.0842734876403063,1.00288309926358,2090.67033516758,0.00160955286006208
0.0965695191080274,1.00867425853989,2083.01650825413,0.00257919471974048
0.0910756500381547,1.00577451078852,2086.16808404202,0.00155443329668099
0.0868591601761942,1.00288309926358,2088.86943471736,0.00227747176181006
0.0904403895770546,1.01158236655188,2086.61830915458,0.00286975827937872
0.0857454698755789,1.00288309926358,2089.61980990495,0.00230840813077885
0.0885660131828239,1.01158236655188,2087.81890945473,0.00260293745509119
0.0885714976887529,1.01158236655188,2087.81890945473,0.00187079346172578
0.0949122240111704,1.035151107089,2084.21710855428,0.00180080561470409
0.0916461232250488,1.42081696649143,2089.61980990495,0.00325963617947552
0.0863807410269379,1.01449885892793,2089.31965982992,0.00228660884732949
0.0811517999975886,1.00867425853989,2093.07153576788,0.00204656644467972
0.0887047397253219,1.00577451078852,2087.66883441721,0.00284117473551791
0.0946548439556572,1.20578622343754,2085.86793396698,0.00356623510956728
0.0776302173343521,1.00867425853989,2095.92296148074,0.00169676422172748
0.0985005179551507,1.25537852068667,2084.21710855428,0.00395402079792077
0.0993523434698944,1.00867425853989,2081.51575787894,0.0033408698384717
0.0816132782144178,1.10601480450688,2093.82191095548,0.00237902422582211
0.0945681421860351,1.00288309926358,2084.06703351676,0.00317236899003051
0.0730529346521733,1.00288309926358,2099.97498749375,0.00152369242338507
0.0858961356250127,1.01158236655188,2089.61980990495,0.00253590121536182
0.090914292101659,1.0232988843187,2086.46823411706,0.00102118667584838
0.0808763859146155,1.00577451078852,2093.2216108054,0.00133513647831368
0.0800801872790857,1.00288309926358,2093.82191095548,0.00116020730153331
0.0932516964994838,1.00288309926358,2084.81740870435,0.00126535727839253
0.0823505300699461,1.035151107089,2092.47123561781,0.0024137006398269
0.0853378038208962,1.02920793476607,2090.22011005503,0.00264541675251042
0.0848056381591857,1.035151107089,2090.67033516758,0.0014818497982461
0.097870322780627,1.00577451078852,2082.26613306653,0.00171143813377982
0.0974233206094232,1.01158236655188,2082.56628314157,0.0021973958750017
0.081284148121035,1.00577451078852,2092.92146073037,0.00180820303816247
0.0999774754953164,1.01158236655188,2081.2156078039,0.00117033118671961
0.0856136245789059,1.95579274466099,2097.57378689345,0.00274793982664476
0.08508816426416,1.01449885892793,2090.22011005503,0.00123173488731903
0.0915767835980784,1.00577451078852,2085.86793396698,0.00268161640600818
0.0899467399656313,1.0232988843187,2087.06853426713,0.00215675815312882
0.0855580343300027,1.02920793476607,2090.07003501751,0.00157755628971204
0.087226914325863,1.01158236655188,2088.71935967984,0.00123268187152427
0.0921688217467415,1.01158236655188,2085.56778389195,0.00189542748607448
0.091933057922751,1.01158236655188,2085.71785892946,0.00245736232199175
0.0977141476461899,1.01158236655188,2082.41620810405,0.00217240702284842
0.091069433796736,1.00577451078852,2086.16808404202,0.00108183604695288
0.0750689016815532,1.00867425853989,2098.17408704352,0.00117423609576426
0.099821191105634,1.00288309926358,2081.2156078039,0.00287397308673214
0.0957361466011823,1.00867425853989,2083.46673336668,0.00145344155921042
0.0885455685842977,1.0232988843187,2087.96898449225,0.00223046162851588
0.0984706021497738,1.00577451078852,2081.9659829915,0.0036168551210566
0.0909549041131452,1.01158236655188,2086.31815907954,0.00170096594021772
0.0976220519643991,1.00577451078852,2082.41620810405,0.0013563701127019
0.0903473891045792,1.00577451078852,2086.61830915458,0.00269628799874059
0.0889557116692057,1.65026765861521,2093.07153576788,0.00303784849333301
0.0999483522864067,1.68386231169735,2086.31815907954,0.00422002970424883
0.0917786333451968,1.00288309926358,2085.71785892946,0.00164513215412473
0.0847167490793667,1.017423759841,2090.52026013007,0.00194439767515667
0.0981690192341661,1.00577451078852,2082.11605802901,0.00252980518602681
0.0987642998962288,1.00867425853989,2081.81590795398,0.00113135246566682
0.0886366824133937,1.01449885892793,2087.81890945473,0.00271348369478193
0.0887305658806742,1.02035709353375,2087.81890945473,0.0017511949796865
0.0899454710043745,1.0232988843187,2087.06853426713,0.00298994298168819
0.0961844522821207,1.00288309926358,2083.16658329165,0.0021893373423529
0.0828380810969379,1.00288309926358,2091.72086043021,0.00217933625268287
0.0972687413319782,1.00288309926358,2082.56628314157,0.00323836416121025
0.0828272278587884,1.01449885892793,2091.87093546773,0.00172046278474327
0.0983597079784563,1.00288309926358,2081.9659829915,0.00383436603166516
0.084212340420039,1.01158236655188,2090.8204102051,0.00112710615153144
0.0925103639089269,1.00288309926358,2085.26763381691,0.00304915040148667
0.0983110190641664,3.41887695499837,2094.57228614307,0.00409142926797759
0.0851271759188208,1.02920793476607,2090.37018509255,0.00131908596180712
0.0999280426012252,1.00867425853989,2081.2156078039,0.00266923965349282
0.0955340224841909,1.01158236655188,2083.6168084042,0.00294561005256838
0.0899630145847924,1.01158236655188,2086.91845922961,0.00281454371176935
0.090534341250191,1.00288309926358,2086.46823411706,0.0013586404308993
0.0755323892409429,1.00577451078852,2097.72386193097,0.00144647897715027
0.0923514459557006,1.00867425853989,2085.41770885443,0.0018154772738167
0.0927857895761682,1.017423759841,2085.26763381691,0.00211505989040247
0.0825185190425505,1.02035709353375,2092.17108554277,0.00217361926348196
0.0864600393812451,1.00577451078852,2089.1695847924,0.00199631521568691
0.094488040071657,1.02624915657849,2084.3671835918,0.00257097564654422
0.0737559716901882,1.00867425853989,2099.37468734367,0.00164019644443624
0.094868946086796,1.00577451078852,2083.91695847924,0.00214597045611531
0.0988651469820452,1.01158236655188,2081.81590795398,0.00106608611499811
0.0946325190472852,1.00577451078852,2084.06703351676,0.0019463109971526
0.0956670095462337,1.52684850782001,2087.81890945473,0.00370321734030622
0.0885171178476245,1.00867425853989,2087.81890945473,0.00115853593144789
0.0952221563279983,1.00867425853989,2083.76688344172,0.00235154712186366
0.0951687252728782,1.02035709353375,2083.91695847924,0.0022587956295553
0.0831257417512681,1.00867425853989,2091.5707853927,0.00190514590988357
0.0744106853048553,1.00867425853989,2098.7743871936,0.00107504956600222
0.0971089047632568,1.00867425853989,2082.71635817909,0.00324246060071475
0.0831475415855869,1.035151107089,2091.87093546773,0.00145788818297893
0.0767125057130485,1.00577451078852,2096.67333666833,0.00108522411357183
0.0993298601218494,1.05318733137807,2081.9659829915,0.00400408431494351
0.0903961348043307,1.00867425853989,2086.61830915458,0.0019987589982664
0.0883943810098207,1.01449885892793,2087.96898449225,0.00179762156360903
0.0862655417588431,1.02035709353375,2089.46973486743,0.00128267227998721
0.0790463470011358,1.00867425853989,2094.72236118059,0.0011168166789746
0.0965656783079506,1.00867425853989,2083.01650825413,0.00136249510328676
0.0898767588321409,1.00577451078852,2086.91845922961,0.00236294471338597
0.0952295185410968,1.03813555048354,2084.06703351676,0.00203984185444537
0.0794188476957218,1.00867425853989,2094.42221110555,0.00212969416885779
0.0950920688685946,1.00288309926358,2083.76688344172,0.00221954218315581
0.0890347086979529,1.01158236655188,2087.51875937969,0.00240409572014492
0.0784787114602234,1.00577451078852,2095.17258629315,0.00153513906088627
0.0859058378028189,1.36076598863131,2093.07153576788,0.00273994746168459
0.0859982771745575,1.017423759841,2089.61980990495,0.00212148050973008
0.0832046447486902,1.03813555048354,2091.87093546773,0.00200853411769738
0.0758170932199954,1.00288309926358,2097.42371185593,0.0018604570315214
0.0941784162258693,1.03813555048354,2084.66733366683,0.0024882100371595
0.0916161974226186,1.00867425853989,2085.86793396698,0.00174577039137502
0.0911603052643897,1.0232988843187,2086.31815907954,0.00303317100342269
0.0899371472081796,1.00867425853989,2086.91845922961,0.00159996260014962
0.0795518007420719,1.00577451078852,2094.27213606803,0.00194047916218729
0.0918216528993573,1.00577451078852,2085.71785892946,0.00162083768795538
0.0945386287534149,1.02920793476607,2084.3671835918,0.00238931068608266
0.0978178232427228,1.00288309926358,2082.26613306653,0.00254312042915909
0.083244748260684,1.00288309926358,2091.42071035518,0.00156988367928343
0.0998044710043116,1.00288309926358,2081.2156078039,0.00375969086269855
0.0948714032692546,1.00577451078852,2083.91695847924,0.00103889769529084
0.0853408391952688,1.02920793476607,2090.22011005503,0.00145932205057056
0.0738851888231152,1.00577451078852,2099.22461230615,0.0011928993035052
0.083546918109861,1.04714060664789,2091.72086043021,0.00112271088591095
0.085311018117019,1.01449885892793,2090.07003501751,0.0023110126032227
0.0976499546168253,1.00867425853989,2082.41620810405,0.00216350103380457
0.0787530712545721,1.08707389011608,2095.92296148074,0.00216946796688069
0.0775628371700989,1.00577451078852,2095.92296148074,0.00127519968584778
0.0915764245437458,1.00577451078852,2085.86793396698,0.00180875919152771
0.0846524216674184,1.02624915657849,2090.67033516758,0.00108906224841068
0.0838220305884031,1.02624915657849,2091.27063531766,0.00234632926938065
0.0965288694708123,1.00867425853989,2083.01650825413,0.00100082638523083
0.083950436121258,1.00867425853989,2090.97048524262,0.00143941601779021
0.0914258255492232,1.01158236655188,2086.0180090045,0.00301358820800662
0.0999100127775701,1.00577451078852,2081.2156078039,0.0010318081112243
0.0973054035646909,1.00577451078852,2082.56628314157,0.00314707414388654
0.0856919615335221,1.01158236655188,2089.76988494247,0.00100137082540218
0.0949305485156825,1.00867425853989,2083.91695847924,0.00158003472034992
0.0943969425638711,1.00867425853989,2084.21710855428,0.00127174453849974
0.0970633498554445,1.00577451078852,2082.71635817909,0.0011949082268499
0.086903953063988,1.00577451078852,2088.86943471736,0.00169353850958109
0.0756752119864867,1.00577451078852,2097.57378689345,0.00125990223506506
0.0949838397740219,1.01158236655188,2083.91695847924,0.00281235875456621
0.091323450224498,1.00577451078852,2086.0180090045,0.00251597274071199
0.0999517955035681,1.14489244934213,2082.41620810405,0.00412891718065473
0.0788329628289881,1.30325307163827,2098.17408704352,0.00219370260647665
0.0968024982270348,1.00867425853989,2082.86643321661,0.00310037662453543
0.083988151279998,1.0232988843187,2091.12056028014,0.00228154841494818
0.0888839594948562,1.00288309926358,2087.51875937969,0.00246809362636834
0.0967507838853604,1.00577451078852,2082.86643321661,0.00166284405861375
0.0934980328535706,1.01449885892793,2084.81740870435,0.00103294008871298
0.0975726028114522,1.00577451078852,2082.41620810405,0.00280072223872883
0.0801684302101947,1.00867425853989,2093.82191095548,0.00133261740653114
0.0843053600657531,1.017423759841,2090.8204102051,0.0015647178367111
0.0982978447734417,1.01158236655188,2082.11605802901,0.00345293070586332
0.0987757099741046,1.00867425853989,2081.81590795398,0.00245887840557736
0.0995984747770674,1.00577451078852,2081.36568284142,0.00151284155113346
0.096425783562205,1.00288309926358,2083.01650825413,0.00193779427261042
0.0777053649323103,1.00288309926358,2095.77288644322,0.00147665992908035
0.0821683171158037,1.0232988843187,2092.47123561781,0.00183268960931239
0.0827979089556102,1.03813555048354,2092.17108554277,0.00237795537736804
0.0866556368814608,1.017423759841,2089.1695847924,0.00151371479984205
0.0817257995052791,1.00867425853989,2092.62131065533,0.0017661592285352
0.0917091300211196,1.21624552488348,2087.81890945473,0.00325327609397068
0.095354031995921,1.43314150019665,2087.36868434217,0.00364770379407961
0.0854696276826462,1.01158236655188,2089.91995997999,0.00193230848362592
0.0902292448067877,1.01158236655188,2086.7683841921,0.00132811881023219
0.0890088127075349,1.0232988843187,2087.66883441721,0.00101605318758064
0.0777486535812775,1.00577451078852,2095.77288644322,0.00150134133445798
0.0957385960429701,1.00867425853989,2083.46673336668,0.00265165700575264
0.0737404895324439,1.017423759841,2099.52476238119,0.00136828884055951
0.0905708926313349,1.017423759841,2086.61830915458,0.00269741881596393
0.0955308269122273,1.01158236655188,2083.6168084042,0.00341482323017666
0.0791815176386395,1.00577451078852,2094.57228614307,0.00132028908133254
0.0921030171033953,1.00867425853989,2085.56778389195,0.00228368210800023
0.0849629128777538,1.03217524340486,2090.52026013007,0.0016926994229795
0.095687646378523,1.00577451078852,2083.46673336668,0.00253356498524586
0.0905880924867622,1.00577451078852,2086.46823411706,0.00176422735354318
0.0920007017154917,1.00288309926358,2085.56778389195,0.00115711468778591
0.0959831300693451,1.00867425853989,2083.31665832916,0.00256975027642594
0.0928357862323784,1.02035709353375,2085.26763381691,0.0030317110685035
0.0877069529153395,1.01449885892793,2088.4192096048,0.00229099405775962
0.0967113530478124,1.00288309926358,2082.86643321661,0.00306829829758587
0.0893727349507417,1.74807732789242,2093.37168584292,0.00309746149480091
0.098673738191877,1.00288309926358,2081.81590795398,0.00331207978286315
0.0787067581556915,1.00867425853989,2095.02251125563,0.00131973674740934
0.0897166777628803,1.0232988843187,2087.21860930465,0.00187954906386177
0.0966950396459246,1.00288309926358,2082.86643321661,0.00115994047046977
0.085214297384721,1.00867425853989,2090.07003501751,0.00230764557117309
0.0996045808063837,1.00577451078852,2081.36568284142,0.00186540036341267
0.090034700654415,1.01449885892793,2086.91845922961,0.0028125137307245
0.0795877128840311,1.00577451078852,2094.27213606803,0.00106137931965837
0.0917269676940162,1.01449885892793,2085.86793396698,0.00204423738502022
0.0917985480701675,1.00577451078852,2085.71785892946,0.00166914802796953
0.0925465707710875,1.00577451078852,2085.26763381691,0.00218797676841481
0.0763537480554177,1.00577451078852,2096.97348674337,0.00171639335558433
0.0880811135453683,1.00867425853989,2088.11905952976,0.00215308571063314
0.0964395042131345,1.00288309926358,2083.01650825413,0.00340279100077166
0.0913524146663342,1.02035709353375,2086.16808404202,0.00163424576325479
0.0892522760611775,1.0232988843187,2087.51875937969,0.00111784508096003
0.0894120356742773,1.60805750536954,2092.47123561781,0.00307277688527641
0.0977329848796511,1.01158236655188,2082.41620810405,0.00165421294530302
0.095803978871187,1.01158236655188,2083.46673336668,0.00290645221903711
0.0962855050569894,1.00867425853989,2083.16658329165,0.00128945601601714
0.0962054585885816,1.00577451078852,2083.16658329165,0.0024495522237926
0.0895114644991085,1.01158236655188,2087.21860930465,0.00260535853561004
0.0957484511563982,1.00867425853989,2083.46673336668,0.00231143506519713
0.0845961489679747,1.035151107089,2090.8204102051,0.00192664920301225
0.090764116186436,1.01449885892793,2086.46823411706,0.00206474668321849
0.0995894661539514,1.00577451078852,2081.36568284142,0.00194849229657084
0.0891548263381048,1.017423759841,2087.51875937969,0.00208516205044435
0.0933472310384899,1.02035709353375,2084.96748374187,0.00197964211145687
0.0908435427551503,1.00577451078852,2086.31815907954,0.0027146087356828
0.0994109317377005,1.01158236655188,2081.51575787894,0.00180272368303246
0.0816951431514806,1.00577451078852,2092.62131065533,0.00220380877022526
0.0963216075961938,1.01158236655188,2083.16658329165,0.00285500581436985
0.0959327574952599,1.00577451078852,2083.31665832916,0.00269724011893316
0.085614959421643,1.02035709353375,2089.91995997999,0.00106812601012832
0.0871707640316147,1.00867425853989,2088.71935967984,0.00233247358221192
0.098288925687668,1.01158236655188,2082.11605802901,0.00126730259023548
0.0893748978779462,1.017423759841,2087.36868434217,0.00132066350756588
0.089893627385454,1.02035709353375,2087.06853426713,0.00258605507993891
0.0905830982473291,1.00577451078852,2086.46823411706,0.00282198504254073
0.0765917056222821,1.00867425853989,2096.82341170585,0.00194089836530707
0.0999563094699748,1.00867425853989,2081.2156078039,0.00262541628254844
0.094423536378892,1.00867425853989,2084.21710855428,0.00124164346086078
0.0921005778206195,1.00867425853989,2085.56778389195,0.00135732431062207
0.0739366849917397,1.02035709353375,2099.37468734367,0.001737606392815
0.0994175139215775,1.01158236655188,2081.51575787894,0.00178462588058844
0.0878842289460013,1.01158236655188,2088.26913456728,0.00173598918690993
0.0987419900490957,1.00577451078852,2081.81590795398,0.00337427973201139
0.0907594352237992,1.01449885892793,2086.46823411706,0.0022189004872665
0.0889971007730657,1.31455782572457,2090.52026013007,0.00299702404710216
0.0806449407854104,1.05926897298544,2093.971985993,0.00231384103477969
0.0951201016431511,1.03217524340486,2084.06703351676,0.00130046662193285
0.0915150070827281,1.00288309926358,2085.86793396698,0.00295739687322355
0.0941114653416509,1.00577451078852,2084.3671835918,0.00302630226611517
0.0899824193168566,1.01158236655188,2086.91845922961,0.00273366178885296
0.0856427677905556,1.00867425853989,2089.76988494247,0.002038353187274
0.0885279624161925,1.00867425853989,2087.81890945473,0.00106567724095816
0.0876386445928931,1.0232988843187,2088.56928464232,0.00106411134141804
0.0854047726280448,1.02035709353375,2090.07003501751,0.00181295823650434
0.0999459616111543,1.00867425853989,2081.2156078039,0.00173529198924246
0.0996843580603451,3.53905426496764,2093.971985993,0.00428892491405699
0.0889219831534313,1.017423759841,2087.66883441721,0.00284883473675623
0.0975799360558626,1.00577451078852,2082.41620810405,0.00247135774966887
0.0913564818173842,1.00867425853989,2086.0180090045,0.00313154856762265
0.0836331691574126,1.01449885892793,2091.27063531766,0.00245355467032598
0.0910197050960717,1.00288309926358,2086.16808404202,0.00303461369901276
0.0793441502364602,1.00288309926358,2094.42221110555,0.00147421671312388
0.0808702598927031,1.00288309926358,2093.2216108054,0.00158943579371261
0.0935754669247124,1.00577451078852,2084.66733366683,0.00128375351005899
0.0867031970944174,1.02035709353375,2089.1695847924,0.00154078761679263
0.0735958042855365,1.00867425853989,2099.52476238119,0.00158354668930662
0.0957577619841165,1.00867425853989,2083.46673336668,0.00356356553025165
0.0894756944238883,1.0232988843187,2087.36868434217,0.00254262009835407
0.097105535900498,1.00867425853989,2082.71635817909,0.0028110166498175
0.0928211294144927,1.00577451078852,2085.11755877939,0.00127065691208364
0.099663610774381,1.00867425853989,2081.36568284142,0.00281097123950916
0.0836780917940332,1.017423759841,2091.27063531766,0.00183725239618926
0.0936990155439579,1.01158236655188,2084.66733366683,0.00297878367264607
0.0852894750814572,1.02624915657849,2090.22011005503,0.00220268488639337
0.0905912417325506,1.00577451078852,2086.46823411706,0.00246046169282946
0.0823575419909944,1.035151107089,2092.47123561781,0.00194257546637589
0.0883304295882124,1.1481932879197,2089.31965982992,0.00294393720604817
0.0947420040788006,1.01158236655188,2084.06703351676,0.00296034497875316
0.0815160672043641,1.00867425853989,2092.77138569285,0.00134594885837121
0.0989436683770845,1.00288309926358,2081.66583291646,0.00293012336258603
0.0949556791477234,1.00867425853989,2083.91695847924,0.00284844357267408
0.0837859772445354,1.01158236655188,2091.12056028014,0.00242624015238657
0.0745081734148659,1.02624915657849,2098.92446223112,0.00149143019575153
0.081240594678816,1.00288309926358,2092.92146073037,0.00132094783233655
0.0834898237021791,1.00577451078852,2091.27063531766,0.00116490565612105
0.0947971207104039,1.01449885892793,2084.06703351676,0.00335032591748259
0.0885425664058979,1.0232988843187,2087.96898449225,0.0015394586109623
0.0774357179399364,1.28462743961633,2099.22461230615,0.00209536133808311
0.0982848191253433,1.01158236655188,2082.11605802901,0.00139543376661395
0.0850884765740092,1.01449885892793,2090.22011005503,0.00140641405568694
0.0887622390120243,1.00867425853989,2087.66883441721,0.00239703734775668
0.0845444581193831,1.03217524340486,2090.8204102051,0.00245304847568749
0.0953904193333451,1.00577451078852,2083.6168084042,0.00250469678261591
0.0732983036769182,1.00867425853989,2099.82491245623,0.00142021050856819
0.0959466411886501,1.00577451078852,2083.31665832916,0.00234333961984148
0.0796008323385147,1.00867425853989,2094.27213606803,0.00118634941996331
0.0879386213635669,1.01449885892793,2088.26913456728,0.00113037873087437
0.0864405536804954,1.017423759841,2089.31965982992,0.00237515757094178
0.0752985631224829,1.00288309926358,2097.87393696848,0.00175079146534977
0.0892258978141696,1.00867425853989,2087.36868434217,0.00198339908059044
0.0858501388627306,1.00867425853989,2089.61980990495,0.00252720130128736
0.0851780674647748,1.03217524340486,2090.37018509255,0.00173553889272671
0.0975831017887945,1.00577451078852,2082.41620810405,0.00357585070817561
0.0908371523865822,1.00577451078852,2086.31815907954,0.00294874968462493
0.0843894863567851,1.0232988843187,2090.8204102051,0.00141404825507815
0.0788786806589682,1.00867425853989,2094.87243621811,0.00171555891366501
0.0916423435987733,1.0232988843187,2086.0180090045,0.00180153767105068
0.0872895098631697,1.00288309926358,2088.56928464232,0.00254029437299468
0.0954833282472256,1.00867425853989,2083.6168084042,0.00196330139466961
0.0980810498506761,1.00288309926358,2082.11605802901,0.00366089177975372
0.0829776632469428,1.01158236655188,2091.72086043021,0.00196542063093763
0.0894663854785113,1.00867425853989,2087.21860930465,0.00221721249039318
0.0954787552397877,1.00867425853989,2083.6168084042,0.00159074113635689
0.090628185330246,1.00867425853989,2086.46823411706,0.00128342936866324
0.0976357130295394,1.00867425853989,2082.41620810405,0.00260454553477279
0.0884737110638503,1.00577451078852,2087.81890945473,0.0010909878562666
0.0741070180861159,1.02624915657849,2099.22461230615,0.00187007674300058
0.0960833743489098,1.02624915657849,2083.46673336668,0.00255174311631566
0.0956330290041223,1.00288309926358,2083.46673336668,0.00327909511715567
0.08433482519972,1.03217524340486,2090.97048524262,0.00176438415092875
0.0926688733986067,1.01158236655188,2085.26763381691,0.00235887076321098
0.0851426642412681,1.017423759841,2090.22011005503,0.00183477647379422
0.0921396819939813,2.37188579111585,2094.87243621811,0.00338088686236025
0.0853345245464248,1.00288309926358,2089.91995997999,0.00186201231541243
0.0925289377327422,1.017423759841,2085.41770885443,0.00221902850409882
0.0816376685735781,1.00288309926358,2092.62131065533,0.00126473030618286
0.0846958229783484,1.00288309926358,2090.37018509255,0.0025140542755753
0.0860010300518654,1.017423759841,2089.61980990495,0.00148889306568845
0.0819294683594321,1.00867425853989,2092.47123561781,0.0010610671731525
0.0960810194661165,1.01158236655188,2083.31665832916,0.00232372805766998
0.07362208445596,1.02035709353375,2099.67483741871,0.00145269337251353
0.0746283620755398,1.0232988843187,2098.7743871936,0.0013271099750181
0.0733093800632107,1.02035709353375,2099.97498749375,0.00154723041024695
0.0983993112036912,1.00288309926358,2081.9659829915,0.00281159253433264
0.0877172408226692,1.01449885892793,2088.4192096048,0.00141266340627657
0.0826707657403878,1.017423759841,2092.02101050525,0.00228298421636508
0.0973356439507373,1.00577451078852,2082.56628314157,0.00361879233555938
0.0768278323033807,1.00288309926358,2096.52326163082,0.0017647440821052
0.0831131032705213,1.02035709353375,2091.72086043021,0.00164424240985499
0.0956418013739532,1.00288309926358,2083.46673336668,0.00209748461226251
0.0793480346214582,1.00288309926358,2094.42221110555,0.00192077503849527
0.0938532664881404,1.00577451078852,2084.51725862931,0.00295809245209143
0.0989575813671031,1.00288309926358,2081.66583291646,0.0033808443494789
0.09351725711437,1.00288309926358,2084.66733366683,0.00269733873858401
0.0881129579467068,1.01158236655188,2088.11905952976,0.00114405963741748
0.094230119057323,1.02624915657849,2084.51725862931,0.0010133975692619
0.0987331939857909,1.00577451078852,2081.81590795398,0.00297550092135859
0.087746519954826,1.00288309926358,2088.26913456728,0.00152669068908777
0.0942306794858673,1.02624915657849,2084.51725862931,0.00247556508552539
0.0834654790799839,1.02920793476607,2091.5707853927,0.00138949676777522
0.0993441026624713,1.00867425853989,2081.51575787894,0.0014618463240326
0.0909916451750917,1.01449885892793,2086.31815907954,0.00112136954202559
0.0853421516791584,1.02920793476607,2090.22011005503,0.00212162623981432
0.094311898210125,1.00288309926358,2084.21710855428,0.00340559659762264
0.0853216235681122,1.00288309926358,2089.91995997999,0.00182811038282461
0.0876341036447149,1.65502554408647,2093.971985993,0.00293865400059259
0.0959462580141377,1.00577451078852,2083.31665832916,0.0032569035349032
0.0979498745311785,1.00867425853989,2082.26613306653,0.0029809958447941
0.0856038198775501,1.03217524340486,2090.07003501751,0.00114958914330629
0.0947147035629115,1.01158236655188,2084.06703351676,0.00264592677510283
0.099133988078723,1.01158236655188,2081.66583291646,0.00204897872925302
0.0853404991642829,1.02920793476607,2090.22011005503,0.00151449159569556
0.0751802624637592,1.11240149892777,2099.37468734367,0.00193612136484406
0.0919292778967747,1.01158236655188,2085.71785892946,0.00182915061220715
0.0792401099110321,1.00867425853989,2094.57228614307,0.0016120402132947
0.0803229644652788,1.00577451078852,2093.67183591796,0.00149920176639522
0.0992432552808856,1.00288309926358,2081.51575787894,0.00288963890942862
0.0978096376227799,2.44116367657533,2091.42071035518,0.00400374243562853
0.0968704363039364,1.01158236655188,2082.86643321661,0.0031476252537196
0.0999795262986584,1.01158236655188,2081.2156078039,0.00179967448116253
0.0851646281611023,1.00577451078852,2090.07003501751,0.00224368308373966
0.096614541261038,1.01158236655188,2083.01650825413,0.00274424315785023
0.0876572054623558,1.01158236655188,2088.4192096048,0.001677737737426
0.097802553773515,1.00288309926358,2082.26613306653,0.00278388281191206
0.0874884276303872,1.01449885892793,2088.56928464232,0.00174784317651987
0.0940553720719931,1.00288309926358,2084.3671835918,0.00159401082592354
0.0998394349746295,1.00288309926358,2081.2156078039,0.00102814718384955
0.0816520912104946,1.00577451078852,2092.62131065533,0.0010034116231188
0.091630505825756,1.00867425853989,2085.86793396698,0.00265282947606728
0.0996493333830469,3.6740180475533,2094.42221110555,0.00426661137522248
0.0824085847624266,1.02624915657849,2092.32116058029,0.00197804398162087
0.085288921945943,1.02624915657849,2090.22011005503,0.00183398959062239
0.08934328590404,1.00288309926358,2087.21860930465,0.00210835499928468
0.0991267603671745,1.01158236655188,2081.66583291646,0.00392196316890586
0.0971248076196678,1.01158236655188,2082.71635817909,0.00254865877502277
0.0792469606422417,1.00867425853989,2094.57228614307,0.00187259518097869
0.0831230094212635,1.02035709353375,2091.72086043021,0.00112278386231108
0.0840499213443207,1.01449885892793,2090.97048524262,0.00223757845951286
0.079690978206884,1.00288309926358,2094.12206103052,0.00104020733041289
0.082572778203769,1.01158236655188,2092.02101050525,0.00223315477915603
0.0974040230853326,1.01158236655188,2082.56628314157,0.00188357424950795
0.0943413143483272,1.00577451078852,2084.21710855428,0.00117649684760869
0.0905625478402252,1.017423759841,2086.61830915458,0.0014429920092725
0.0855206214388516,1.09020803204812,2090.67033516758,0.00269325147087561
0.0800673596976196,1.00288309926358,2093.82191095548,0.00213401768788878
0.0863827166367892,1.01449885892793,2089.31965982992,0.00183372435338898
0.0986968934101711,1.00288309926358,2081.81590795398,0.00340250489921146
0.0980074051235617,1.01158236655188,2082.26613306653,0.00160859494288027
0.0795539297626205,1.00577451078852,2094.27213606803,0.00188587573419666
0.0868520215162303,1.00288309926358,2088.86943471736,0.0012295062471697
0.0999220599141749,1.00867425853989,2081.2156078039,0.00274692822679308
0.0850520728992003,1.01158236655188,2090.22011005503,0.00127484223123019
0.0974258010606094,1.01158236655188,2082.56628314157,0.00158359178534399
0.0867398408303763,1.035151107089,2089.31965982992,0.00154450225597925
0.0758521970301194,1.00577451078852,2097.42371185593,0.00192549079836361
0.0890079001775642,1.0232988843187,2087.66883441721,0.00248209458995528
0.0744083520265926,1.00867425853989,2098.7743871936,0.00167329203005834
0.0891379176668626,1.017423759841,2087.51875937969,0.00264291117090793
0.0999737510755713,1.01158236655188,2081.2156078039,0.00310157246015584
0.0992541403922303,1.00288309926358,2081.51575787894,0.00114061623740388
0.0857437235747967,1.01449885892793,2089.76988494247,0.00250872205066078
0.0816705079574501,1.00577451078852,2092.62131065533,0.00125758930695784
0.0942696788457825,1.01449885892793,2084.3671835918,0.00136352140858442
0.089492023359231,1.01158236655188,2087.21860930465,0.00237097150755873
0.0853137791485788,1.01449885892793,2090.07003501751,0.00108966115517201
0.0996903677659793,1.01158236655188,2081.36568284142,0.00110722697542671
0.0916871195716409,1.01158236655188,2085.86793396698,0.0031217274734758
0.0838793721476603,1.02920793476607,2091.27063531766,0.00128413072374013
0.0933100621367144,1.00577451078852,2084.81740870435,0.00300494953736364
0.0882842867960498,1.00867425853989,2087.96898449225,0.00279336570206538
0.0891445780983983,1.13504676028852,2088.71935967984,0.00299770752626831
0.0783434999249966,1.00867425853989,2095.32266133067,0.00150546284955391
0.0878766202683047,1.0232988843187,2088.4192096048,0.00198564759038503
0.0895797724122271,1.00288309926358,2087.06853426713,0.00240397790031346
0.0883562881549373,1.01158236655188,2087.96898449225,0.00121879024016179
0.0787855422461202,1.00288309926358,2094.87243621811,0.00151616992750778
0.0866456221028809,1.017423759841,2089.1695847924,0.00135960001977985
0.082579297915349,1.01158236655188,2092.02101050525,0.00132913143274166
0.0924976937787621,1.00288309926358,2085.26763381691,0.00173423938837662
0.0988436675712214,1.01158236655188,2081.81590795398,0.00378132375329254
0.0911165613671244,1.00867425853989,2086.16808404202,0.00167279201321414
0.0864671209283361,1.00577451078852,2089.1695847924,0.00269398554906763
0.0936141502136229,1.00867425853989,2084.66733366683,0.00250452827150813
0.0890897447265287,1.01449885892793,2087.51875937969,0.001587562195989
0.0872676443111601,1.01449885892793,2088.71935967984,0.00187134644139223
0.0986594986149185,1.00288309926358,2081.81590795398,0.00189919707614191
0.0995437710729312,1.8463608342542,2087.51875937969,0.00417280596692554
0.0936316498202058,1.00867425853989,2084.66733366683,0.00268356838837464
0.0883547394983313,1.01158236655188,2087.96898449225,0.00207299623959883
0.0955868296272036,2.09570588324384,2091.27063531766,0.00372051530657687
0.0839823056255729,1.0232988843187,2091.12056028014,0.00253487984055954
0.0976201582324607,1.00577451078852,2082.41620810405,0.00156145154196642
0.0973578211998292,1.00867425853989,2082.56628314157,0.00288833732822744
0.0976783766263634,1.00867425853989,2082.41620810405,0.00323680232132719
0.0888147318096106,1.01158236655188,2087.66883441721,0.00293760337128434
0.0862894395955938,1.00867425853989,2089.31965982992,0.00250406334236711
0.0869245685988624,1.02035709353375,2089.01950975488,0.00156151089951108
0.0905078073899997,1.01449885892793,2086.61830915458,0.00245889421477684
0.0864551822737934,1.00577451078852,2089.1695847924,0.00207415642579024
0.0896533042744395,1.00577451078852,2087.06853426713,0.00213670133582154
0.0983820262746203,1.00288309926358,2081.9659829915,0.00318587032127257
0.0934302804861831,1.01158236655188,2084.81740870435,0.00213148456903889
0.0832139847369601,1.02624915657849,2091.72086043021,0.0013660802516769
0.0983946443436813,1.00288309926358,2081.9659829915,0.00383324758303829
0.0787933616008562,1.00288309926358,2094.87243621811,0.00141238784039757
0.0858988763829838,1.01158236655188,2089.61980990495,0.00200923604531156
0.0751594321448758,1.01449885892793,2098.17408704352,0.00182152876141335
0.0977102746856512,1.01158236655188,2082.41620810405,0.00348108945451916
0.0998535592033254,1.00288309926358,2081.2156078039,0.0037375067104016
0.0893505894380262,1.00288309926358,2087.21860930465,0.00164066719282169
0.0998779869111542,1.00577451078852,2081.2156078039,0.00256043543516677
0.0879838026792192,1.017423759841,2088.26913456728,0.00210762108609426
0.0873642591715437,1.02035709353375,2088.71935967984,0.00255342563845455
0.0890880911027166,1.01449885892793,2087.51875937969,0.00105428204861788
0.0991443689781046,1.01158236655188,2081.66583291646,0.0025231984878834
0.0891654139085473,1.00577451078852,2087.36868434217,0.00274398486012827
0.082017764832903,1.00288309926358,2092.32116058029,0.00204339999169264
0.0913826722033316,1.8199732981517,2092.47123561781,0.00328261202298037
0.0734395131620525,1.00867425853989,2099.67483741871,0.0012736053568185
0.0989327151636927,1.00288309926358,2081.66583291646,0.00263361581795883
0.0936229350135972,1.00867425853989,2084.66733366683,0.00123713462293779
0.0962943407746133,1.00867425853989,2083.16658329165,0.00171842575624999
0.0837288877984981,1.69358579278262,2097.27363681841,0.00259833542218707
0.0993524625933887,1.00867425853989,2081.51575787894,0.00248868141579706
0.0882700088626264,1.02035709353375,2088.11905952976,0.00109181534899544
0.0968510854202407,1.01158236655188,2082.86643321661,0.00288815933493271
0.0745311628276327,1.00577451078852,2098.62431215608,0.00142025800400269
0.0792423703933386,1.00867425853989,2094.57228614307,0.00151476676452066
0.0949693002331046,1.01158236655188,2083.91695847924,0.00306573924444249
0.0935109649285798,1.00288309926358,2084.66733366683,0.00294373442190973
0.0926477200783703,1.01158236655188,2085.26763381691,0.00176283892800013
0.0893915974494539,1.00577451078852,2087.21860930465,0.00265236712432596
0.0936493302634089,1.00867425853989,2084.66733366683,0.00128498858423464
0.077527680243005,1.00288309926358,2095.92296148074,0.00114911386315232
0.0953471648486117,1.00288309926358,2083.6168084042,0.00194738602855136
0.0856473047729783,1.035151107089,2090.07003501751,0.00184955242196412
0.0838481694167662,1.00288309926358,2090.97048524262,0.00239208503260714
0.0908236100838685,1.00577451078852,2086.31815907954,0.00168125210429683
0.0742117416816784,1.00577451078852,2098.92446223112,0.00152669136303484
0.0913166020188036,1.78366310156055,2092.32116058029,0.00326539422781271
0.080333963974233,1.00577451078852,2093.67183591796,0.00104402075789196
0.0923039417419953,1.00577451078852,2085.41770885443,0.00241791632061183
0.0788637509253769,1.00867425853989,2094.87243621811,0.00106396076997761
0.0891154381522034,1.00288309926358,2087.36868434217,0.00251921146151139
0.0912690853636794,1.00288309926358,2086.0180090045,0.00220225330517685
0.0965136865121848,1.00577451078852,2083.01650825413,0.00142588773261172
0.0756940664630139,1.00577451078852,2097.57378689345,0.00154776056651971
0.0973548121228125,1.00867425853989,2082.56628314157,0.0031363047181021
0.0800962959006414,1.00288309926358,2093.82191095548,0.00176659997064786
0.0916282348888738,1.00867425853989,2085.86793396698,0.00318931997556993
0.0961705486436112,2.66137624774655,2093.37168584292,0.00382290678976597
0.0986680065308698,1.00288309926358,2081.81590795398,0.003184104408937
0.0826225734741677,1.01449885892793,2092.02101050525,0.00177679921167377
0.0840003987826942,1.01158236655188,2090.97048524262,0.00132137367185262
0.0986725095412656,1.00288309926358,2081.81590795398,0.00206349221687936
0.0929990209497388,1.00288309926358,2084.96748374187,0.00195315674868089
0.0848201760563348,1.0232988843187,2090.52026013007,0.00167540724713289
0.0898079682705491,1.01449885892793,2087.06853426713,0.00248796844598685
0.0776192313552466,1.00867425853989,2095.92296148074,0.00146066838494122
0.0943494485769234,1.00577451078852,2084.21710855428,0.00265500639976026
0.0906548806985107,1.00867425853989,2086.46823411706,0.00186216834474556
0.0987034027785305,1.00577451078852,2081.81590795398,0.00239363136039192
0.0880127986727301,1.50502732889567,2092.62131065533,0.00295832575904511
0.095257517504237,1.01158236655188,2083.76688344172,0.00107230967056408
0.0976523498396374,1.00867425853989,2082.41620810405,0.00188416858436445
0.0875486017264006,1.017423759841,2088.56928464232,0.00109182013121865
0.0996199108533275,1.00577451078852,2081.36568284142,0.00223176339208483
0.0927938168261899,1.00577451078852,2085.11755877939,0.00138703484228844
0.0938633340808703,1.02035709353375,2084.66733366683,0.0026247164621917
0.0868437782906476,1.00288309926358,2088.86943471736,0.00202222627481079
0.0845093362256598,1.017423759841,2090.67033516758,0.00180439877846771
0.0860939431598088,1.0232988843187,2089.61980990495,0.00217577461502288
0.0952276240848159,1.0232988843187,2083.91695847924,0.00222577558635588
0.089463868446943,1.00867425853989,2087.21860930465,0.00295942230010694
0.0959967383271409,1.00867425853989,2083.31665832916,0.0025619863532852
0.0929099770242011,1.87853138201008,2091.72086043021,0.00346100585078
0.083920712121253,1.03217524340486,2091.27063531766,0.00179541566271879
0.0940424206922256,1.00288309926358,2084.3671835918,0.00227273107093962
0.0965388152489801,1.00867425853989,2083.01650825413,0.00184659441998785
0.0971758713303717,1.01158236655188,2082.71635817909,0.00293563932376169
0.0964253156499827,1.00288309926358,2083.01650825413,0.00338401795544931
0.0828578086162771,1.02920793476607,2092.02101050525,0.00128197098703678
0.0910509664165773,1.017423759841,2086.31815907954,0.00272458487309206
0.0843710659032729,1.00867425853989,2090.67033516758,0.00150888746627132
0.0846151519940692,1.01158236655188,2090.52026013007,0.00105336657253872
0.0905835191997649,1.00577451078852,2086.46823411706,0.00140391716240536
0.0993869425145363,1.00867425853989,2081.51575787894,0.00247402107174032
0.0971098206048283,1.00867425853989,2082.71635817909,0.00294443893358406
0.0783567406573459,1.00867425853989,2095.32266133067,0.00175445328208572
0.0965459946736202,1.00867425853989,2083.01650825413,0.00244819255699234
0.0890353524248926,1.01158236655188,2087.51875937969,0.00179714765981742
0.0786096588784021,1.00288309926358,2095.02251125563,0.00180743017252663
0.0884838253875183,1.06538573309788,2088.4192096048,0.00293054311474991
0.0751470256124576,1.00288309926358,2098.024012006,0.00120150217158909
0.0831621194421804,1.0232988843187,2091.72086043021,0.00104691757206776
0.0898901092584887,1.00577451078852,2086.91845922961,0.0018494661220544
0.0878625193452947,1.0232988843187,2088.4192096048,0.00190184878580508
0.0737600724075282,1.00867425853989,2099.37468734367,0.0012669527757838
0.0969877994866577,1.00288309926358,2082.71635817909,0.00361776594504579
0.0933318825700702,1.00577451078852,2084.81740870435,0.00229915633797213
0.0783293176936552,1.00867425853989,2095.32266133067,0.00142280330900386
0.0982059938204147,1.00867425853989,2082.11605802901,0.00353283010885941
0.0943159090414331,4.43008034640065,2099.97498749375,0.00367816812009864
0.0865115878997543,1.00867425853989,2089.1695847924,0.00193894303190626
0.0993615265862007,1.00867425853989,2081.51575787894,0.00244904564655664
0.0808333092022086,1.00288309926358,2093.2216108054,0.00180486803009333
0.0979236947985707,1.00867425853989,2082.26613306653,0.00291363000787406
0.0995973108988221,1.00577451078852,2081.36568284142,0.00154163886011759
0.0975506921446345,1.00288309926358,2082.41620810405,0.00154265829918813
0.092559328105865,1.00577451078852,2085.26763381691,0.00291530850115356
0.087124810446332,1.00577451078852,2088.71935967984,0.00218291046260642
0.0885520919330927,1.0232988843187,2087.96898449225,0.00239043329428166
0.0963450369296387,1.05622377499757,2083.6168084042,0.00367409830235861
0.0759737217132233,1.00288309926358,2097.27363681841,0.00133048642174325
0.0950797544883169,1.00288309926358,2083.76688344172,0.00348425005741516
0.0909048826101688,1.0232988843187,2086.46823411706,0.00191925976371454
0.0827113708163747,1.47500060364494,2096.52326163082,0.00248347181134149
0.098951332217943,1.00288309926358,2081.66583291646,0.00117585972804704
0.0834199289213397,1.02624915657849,2091.5707853927,0.00145731297968395
0.0931166588138096,1.00867425853989,2084.96748374187,0.00305985007373282
0.086396254666305,1.00288309926358,2089.1695847924,0.00156452108530297
0.0932585173934036,1.00288309926358,2084.81740870435,0.00136661908559945
0.0991184505638085,1.01158236655188,2081.66583291646,0.00129529993876547
0.0773664488467453,1.00288309926358,2096.07303651826,0.00116605586145062
0.0768451671351904,1.00288309926358,2096.52326163082,0.00141513113055277
0.080102150942804,1.00288309926358,2093.82191095548,0.00138187001664326
0.0922749660131508,3.42873391662958,2098.7743871936,0.00342956320307995
0.0786639644483312,1.00577451078852,2095.02251125563,0.00161466477455109
0.0957218081201859,1.00867425853989,2083.46673336668,0.00348908698868948
0.0947281923322808,1.01158236655188,2084.06703351676,0.00268797900608625
0.0992382701401465,1.00288309926358,2081.51575787894,0.00378884988304504
0.0739818748328121,1.0232988843187,2099.37468734367,0.0014203133559845
0.0773704831587019,1.00288309926358,2096.07303651826,0.00121791977964573
0.0780599068057519,1.00288309926358,2095.47273636818,0.00158059238217648
0.0910623519438815,1.00577451078852,2086.16808404202,0.00215877212599281
0.0904430664172629,1.01158236655188,2086.61830915458,0.00110678365466909
0.0925503983065431,1.00577451078852,2085.26763381691,0.00211071772480801
0.0989634248232251,1.00288309926358,2081.66583291646,0.00380217071200387
0.0998491122431089,1.00288309926358,2081.2156078039,0.00158597669865864
0.0903354413070425,1.017423759841,2086.7683841921,0.00137834549216887
0.0874364971719486,1.01158236655188,2088.56928464232,0.0012284257032802
0.0914100775416122,1.01158236655188,2086.0180090045,0.00217108269831806
0.0834328625915565,1.26991877487462,2094.12206103052,0.0025273776069244
0.0930704957941349,1.00577451078852,2084.96748374187,0.00117052688797137
0.0989489851801226,1.00288309926358,2081.66583291646,0.0023451223363265
0.0856600757192765,1.0232988843187,2089.91995997999,0.00126701923222742
0.0996011553706652,1.01158236655188,2081.36568284142,0.0040406777217822
0.0998404557455183,1.00288309926358,2081.2156078039,0.00184540261876778
0.0982798160872131,1.01158236655188,2082.11605802901,0.00160980118909483
0.0916453240191445,1.0232988843187,2086.0180090045,0.00142423849381432
0.0989467879120509,1.8463608342542,2087.81890945473,0.00411897720314142
0.0984086060494604,1.00288309926358,2081.9659829915,0.00167683228576591
0.0943042507922031,1.00288309926358,2084.21710855428,0.00296566089897298
0.0828491573526668,1.04112859832463,2092.17108554277,0.0018662887859624
0.0976603424023844,1.00867425853989,2082.41620810405,0.00359819516161109
0.0859989669225227,1.017423759841,2089.61980990495,0.00236444556783747
0.087644939643529,1.25899790157518,2090.8204102051,0.00290338032246389
0.0922499032204694,1.00288309926358,2085.41770885443,0.00321036903720971
0.0919900096148764,1.00288309926358,2085.56778389195,0.00252495051898655
0.0923719284644023,1.00867425853989,2085.41770885443,0.00129901460690087
0.0996000620449188,1.00577451078852,2081.36568284142,0.00236978848203608
0.0844730848519823,1.00288309926358,2090.52026013007,0.00148985501955803
0.093023773743758,1.00288309926358,2084.96748374187,0.00184988115201755
0.0778916619947731,1.00288309926358,2095.6228114057,0.00177994841735771
0.0805747047552066,1.00867425853989,2093.52176088044,0.00226053010484771
0.0816872876243844,1.00577451078852,2092.62131065533,0.00107092498404471
0.0973176161853735,1.00577451078852,2082.56628314157,0.0032830550972495
0.0980066274574974,1.01158236655188,2082.26613306653,0.00338337216072123
0.098978386749176,1.53566531100084,2085.86793396698,0.00410921233066307
0.0920110248276498,1.00288309926358,2085.56778389195,0.00149448939617029
0.0953332691978747,1.02920793476607,2083.91695847924,0.00184664886509335
0.0741881918218919,1.02624915657849,2099.22461230615,0.00131027456441637
0.0848917801936479,1.00288309926358,2090.22011005503,0.00252149053798905
0.0970618318705789,1.00577451078852,2082.71635817909,0.00184482618717069
0.0996027880456529,1.00577451078852,2081.36568284142,0.00297522341868345
0.0935980695516713,1.00577451078852,2084.66733366683,0.00213829331195309
0.0748152767607746,1.00288309926358,2098.32416208104,0.00115966731400733
0.0732053816609459,1.00288309926358,2099.82491245623,0.00166700536622034
0.0952577295168629,1.01158236655188,2083.76688344172,0.00177985332803546
0.0825610893236359,1.0232988843187,2092.17108554277,0.00190590183521008
0.0825501525110679,1.035151107089,2092.32116058029,0.0020790609113304
0.0973495076965307,1.00867425853989,2082.56628314157,0.00178548673263257
0.0854784186961699,1.01158236655188,2089.91995997999,0.00213227050151142
0.0889987863620896,1.00867425853989,2087.51875937969,0.00124224384392944
0.0962283591580528,1.00577451078852,2083.16658329165,0.00161419205826174
0.0957313622198144,1.00867425853989,2083.46673336668,0.00267281133676561
0.0990860679199268,1.00867425853989,2081.66583291646,0.00274272407496478
0.077760702953674,1.00577451078852,2095.77288644322,0.00133561770617482
0.0996629598361943,1.00867425853989,2081.36568284142,0.00210776878088195
0.0896339048796197,1.00577451078852,2087.06853426713,0.00143435697619001
0.0978654217879782,2.43414579263315,2091.27063531766,0.00404224263327833
0.0777529203005461,1.00577451078852,2095.77288644322,0.00144287645398336
0.097836744959775,1.00288309926358,2082.26613306653,0.00214355925891765
0.099264460148074,1.00288309926358,2081.51575787894,0.00122071975703679
0.098499475186478,1.00867425853989,2081.9659829915,0.00103096702592685
0.0874213338932029,1.0232988843187,2088.71935967984,0.0014592373655245
0.0760047311674481,1.03813555048354,2097.72386193097,0.00104926925455786
0.0943948755882576,1.33361741419236,2087.21860930465,0.00352159660312184
0.088548383103349,1.0232988843187,2087.96898449225,0.00145797845297973
0.0973711196397147,1.46231609576324,2086.31815907954,0.00389852175316563
0.0775500838729379,1.00288309926358,2095.92296148074,0.00112100481956699
0.085863260244126,1.035151107089,2089.91995997999,0.00128016316744071
0.0954286498431846,1.00577451078852,2083.6168084042,0.00117954934421522
0.0974320696255552,1.01158236655188,2082.56628314157,0.00309579640744231
0.0992849656492521,1.00577451078852,2081.51575787894,0.00192805014871872
0.0841668897156855,1.035151107089,2091.12056028014,0.00190383854021112
0.0994304213000913,1.01158236655188,2081.51575787894,0.00108196224649994
0.0874457354019236,1.01158236655188,2088.56928464232,0.00123174194108294
0.096553703107152,1.00867425853989,2083.01650825413,0.00340098589771764
0.0848975030727047,1.00288309926358,2090.22011005503,0.00152087122890887
0.0879048415042346,1.01158236655188,2088.26913456728,0.0024410902109634
0.08797688512662,1.00288309926358,2088.11905952976,0.00136171976030895
0.094279997435529,1.02920793476607,2084.51725862931,0.00305497176559072
0.0942721409132859,1.01449885892793,2084.3671835918,0.00321015847665008
0.079809912565349,1.00867425853989,2094.12206103052,0.00219570309227316
0.0827657276883499,1.0232988843187,2092.02101050525,0.00100270138672756
0.0887052030766773,1.00577451078852,2087.66883441721,0.00271567942109321
0.0929380403416172,1.01158236655188,2085.11755877939,0.0015510824230318
0.0869337820753546,1.02035709353375,2089.01950975488,0.00152620036067956
0.0940261187373136,1.00288309926358,2084.3671835918,0.0027355058894596
0.0878528080953301,1.00867425853989,2088.26913456728,0.00111454480127187
0.0919763726163805,1.01449885892793,2085.71785892946,0.00123476077835997
0.0935279320419055,1.00288309926358,2084.66733366683,0.00137817591187477
0.0850082694252738,1.035151107089,2090.52026013007,0.00216971406652534
0.0925098454044624,1.00288309926358,2085.26763381691,0.00274191456367898
0.0860731242215924,1.00867425853989,2089.46973486743,0.00161010410676274
0.0975496885983222,1.00288309926358,2082.41620810405,0.00177437297825343
0.0905553042613062,1.00288309926358,2086.46823411706,0.00236823199243356
0.0764164081974099,1.00867425853989,2096.97348674337,0.00160929973733037
0.0970381963839815,1.00577451078852,2082.71635817909,0.00215837870226707
0.0760432555941952,1.017423759841,2097.42371185593,0.00170096945710248
0.0783076268354004,1.00577451078852,2095.32266133067,0.00143551336253449
0.0959376682046502,1.00577451078852,2083.31665832916,0.0020727968743085
0.0831291504823435,1.00867425853989,2091.5707853927,0.00140709830013942
0.0930213813707907,1.00288309926358,2084.96748374187,0.00154270215276921
0.0789651684717614,1.00288309926358,2094.72236118059,0.00190616810658117
0.0962640480701803,1.00867425853989,2083.16658329165,0.00334327376156632
0.0753695373609822,1.017423759841,2098.024012006,0.00103022705812268
0.0976237052429567,1.00577451078852,2082.41620810405,0.00146214050806027
0.0867655306975264,1.01158236655188,2089.01950975488,0.0014788332743443
0.0746379458906951,1.035151107089,2098.92446223112,0.00114626122059751
0.0801623554877396,1.00867425853989,2093.82191095548,0.00115875556012823
0.0841132015478259,1.441417191251,2095.02251125563,0.00261635098465537
0.088402443666244,1.01449885892793,2087.96898449225,0.0015871557954331
0.092503398557009,1.05015961695978,2085.71785892946,0.00330132379431719
0.0962655819781373,1.00867425853989,2083.16658329165,0.00199744668885677
0.0858771073501953,1.0232988843187,2089.76988494247,0.00100699403647116
0.0981851362547665,1.00577451078852,2082.11605802901,0.00161562524728798
0.0932737807626795,1.28833114804146,2087.51875937969,0.00340522088238157
0.0875853610191335,1.02035709353375,2088.56928464232,0.00281887724899123
0.0820668605287629,1.00577451078852,2092.32116058029,0.00167402525847966
0.0869291086825269,1.02035709353375,2089.01950975488,0.00108961837117956
0.0776397243961054,1.00867425853989,2095.92296148074,0.00195084670839872
0.0740453087039705,1.00577451078852,2099.07453726863,0.00162386537431425
0.0978734693020988,1.00577451078852,2082.26613306653,0.00217423231211908
0.0916300306727706,1.00867425853989,2085.86793396698,0.00274815267254415
0.0942218937454773,1.01158236655188,2084.3671835918,0.0015789639942588
0.089854558576003,1.017423759841,2087.06853426713,0.00238958458625771
0.0799830688256891,1.00867425853989,2093.971985993,0.001335292065742
0.0994679766045622,1.34518555643637,2084.3671835918,0.00409129799104664
0.0933361814000409,1.00577451078852,2084.81740870435,0.00320769573912755
0.0808968920799749,1.00577451078852,2093.2216108054,0.00123727905959156
0.0893311438474978,1.01449885892793,2087.36868434217,0.00200503466910895
0.0974117309884015,1.01158236655188,2082.56628314157,0.00344806723799166
0.0939221552293213,1.03813555048354,2084.81740870435,0.00142788305351726
0.0769887314543698,1.035151107089,2096.82341170585,0.0010861063362748
0.0869658383756628,1.0232988843187,2089.01950975488,0.00134482464758652
0.0994068347091491,1.01158236655188,2081.51575787894,0.00211170097775579
0.0844576406021413,1.01449885892793,2090.67033516758,0.00193032890183814
0.0912693498223157,1.00288309926358,2086.0180090045,0.00280034013819124
0.0856016776485213,1.63137250428789,2095.32266133067,0.0027589965231085
0.0848009574165322,1.035151107089,2090.67033516758,0.00123929128400276
0.0804799329247862,1.00288309926358,2093.52176088044,0.00113537868133385
0.0963189974775308,1.01158236655188,2083.16658329165,0.00258699084734139
0.0956265896410888,1.00288309926358,2083.46673336668,0.00336798245687794
0.0909931057570257,1.01449885892793,2086.31815907954,0.00257462694162013
0.0797966639553894,1.00867425853989,2094.12206103052,0.0021626717347396
0.07613743170494,1.00288309926358,2097.12356178089,0.00180857044461635
0.0931933221064331,1.00288309926358,2084.81740870435,0.00335452669225944
0.0982264902087489,1.00867425853989,2082.11605802901,0.00144031657761201
0.0908226777239992,1.00577451078852,2086.31815907954,0.0017524691140759
0.0772583970960748,1.00867425853989,2096.22311155578,0.00193929404672008
0.0957036955941751,1.02035709353375,2083.6168084042,0.00119096235410346
0.0993732288592435,1.85168407581574,2087.66883441721,0.00414420872171247
0.0767683106647087,1.00867425853989,2096.67333666833,0.00132350667928236
0.0930079201723713,1.00288309926358,2084.96748374187,0.0021175927012734
0.0917389908483088,1.01449885892793,2085.86793396698,0.00266867709754979
0.0998676021156368,1.00577451078852,2081.2156078039,0.00179357556028192
0.0843443071530203,1.02035709353375,2090.8204102051,0.00161563165086946
0.0957055327945019,1.02035709353375,2083.6168084042,0.00170516411126207
0.0949965996277097,1.01158236655188,2083.91695847924,0.00281748613636311
0.0826376119241115,1.00288309926358,2091.87093546773,0.00191073519800792
0.0939309796221662,1.01158236655188,2084.51725862931,0.00156857497675345
0.0825514250390942,1.035151107089,2092.32116058029,0.00124322687704636
0.0842308730581517,1.02624915657849,2090.97048524262,0.00167205672831227
0.0832134355555237,1.02624915657849,2091.72086043021,0.0018930710632493
0.099817795610888,1.00288309926358,2081.2156078039,0.00335591794692965
0.076172874583268,1.02624915657849,2097.42371185593,0.00113277010528768
0.0913965611325154,1.0232988843187,2086.16808404202,0.00317317040290296
0.0929336655086785,1.01158236655188,2085.11755877939,0.00272670579909882
0.0968069818906096,1.05318733137807,2083.31665832916,0.00372698110061175
0.0802753895989037,1.00288309926358,2093.67183591796,0.00197147461160883
0.0988489237918561,1.01158236655188,2081.81590795398,0.0037851454841366
0.0762064050420196,1.00577451078852,2097.12356178089,0.00182086276070488
0.0823374132844166,1.04714060664789,2092.62131065533,0.00212233289647335
0.0984261856376889,1.00577451078852,2081.9659829915,0.00121131703437383
0.0992566250523995,1.00288309926358,2081.51575787894,0.00264176977440433
0.0733424659795147,1.0232988843187,2099.97498749375,0.00130208506452414
0.0906066616294086,1.00577451078852,2086.46823411706,0.00109427623455421
0.0954423939285145,1.035151107089,2083.91695847924,0.00273075293685386
0.0905603232295295,1.017423759841,2086.61830915458,0.00144306388449041
0.0834649150475454,1.02920793476607,2091.5707853927,0.00196109758481634
0.0833523550175999,1.035151107089,2091.72086043021,0.00215281004272702
0.0814711977144,1.00577451078852,2092.77138569285,0.00209180828402777
0.0932827635323144,1.00288309926358,2084.81740870435,0.00206777712554108
0.0844421383398678,1.02624915657849,2090.8204102051,0.00132104526454615
0.0923740753188198,1.00867425853989,2085.41770885443,0.00133920045348975
0.0753658470250962,1.00577451078852,2097.87393696848,0.00171083138638046
0.0899859947462135,1.01158236655188,2086.91845922961,0.00103687622145084
0.0996609414331476,1.00867425853989,2081.36568284142,0.00307886388346558
0.0895784891805589,1.00288309926358,2087.06853426713,0.00279509180161897
0.0953506614615545,1.00288309926358,2083.6168084042,0.00258857419440533
0.0843349033138549,1.03217524340486,2090.97048524262,0.00245730134523077
0.0999219530338278,1.00867425853989,2081.2156078039,0.0010286517364629
0.0790291149029215,1.00577451078852,2094.72236118059,0.0012319921962795
0.0990096005836013,1.00577451078852,2081.66583291646,0.00327463977272905
0.0865578189943816,1.01158236655188,2089.1695847924,0.00112688865499876
0.0862585285149283,1.02035709353375,2089.46973486743,0.00131503818780686
0.0801673737490565,1.00867425853989,2093.82191095548,0.00132778091343256
0.0887499090867598,1.00867425853989,2087.66883441721,0.00127441370554248
0.0967889381539973,1.00577451078852,2082.86643321661,0.00284945916500144
0.0866389127546773,1.02920793476607,2089.31965982992,0.0010320874322985
0.092375980544083,1.00867425853989,2085.41770885443,0.00229624549870207
0.0855208759439968,1.01449885892793,2089.91995997999,0.00208306035968621
0.0994505110600238,1.08394875824941,2082.11605802901,0.00405665010322525
0.0971773700562125,1.01158236655188,2082.71635817909,0.0031155112357778
0.0836314279601412,1.01449885892793,2091.27063531766,0.00209812736557913
0.0948771084515617,1.00577451078852,2083.91695847924,0.00219514876552408
0.0940877692291901,1.00577451078852,2084.3671835918,0.00132472180351528
0.0923861283375845,1.0232988843187,2085.56778389195,0.00308890744933415
0.08519012427758,1.02035709353375,2090.22011005503,0.00158576985339398
0.0992910350193797,1.00577451078852,2081.51575787894,0.00233707171325909
0.0834791967112178,1.017423759841,2091.42071035518,0.002410899228756
0.0821046975410517,1.03217524340486,2092.62131065533,0.00113277842722845
0.0770675383222463,1.00577451078852,2096.3731865933,0.00123361875409437
0.0822833849274728,1.00577451078852,2092.17108554277,0.00230819607354688
0.0841306123802548,1.75817161928149,2097.42371185593,0.00262915714923332
0.0990569954362801,1.00867425853989,2081.66583291646,0.00287683070128402
0.090318764669972,1.017423759841,2086.7683841921,0.00110325318589903
0.0920629792565996,1.57597523020146,2090.37018509255,0.00334983345931085
0.093587668455688,1.00577451078852,2084.66733366683,0.00217122111380103
0.0796148309855042,1.00867425853989,2094.27213606803,0.00194676314635892
0.0927914957489841,1.017423759841,2085.26763381691,0.00293696740352371
0.0748747319626422,1.017423759841,2098.47423711856,0.00187392879575868
0.0984013839818686,1.00288309926358,2081.9659829915,0.00250065448708633
0.0803069432641244,1.00577451078852,2093.67183591796,0.00183339616170276
0.08248589511476,1.00577451078852,2092.02101050525,0.00198256456817942
0.0855080832411146,1.02624915657849,2090.07003501751,0.00171373662077524
0.0992507367763583,1.00288309926358,2081.51575787894,0.00251549948621843
0.0794424883211949,1.00867425853989,2094.42221110555,0.00213276027380393
0.0923573161716943,1.00867425853989,2085.41770885443,0.00278418509536692
0.0930650054145115,1.00577451078852,2084.96748374187,0.00220933463728309
0.0999626535868782,1.00867425853989,2081.2156078039,0.00385377298491193
0.0993068464956342,1.00577451078852,2081.51575787894,0.00223400797305239
0.0906349276326123,1.00867425853989,2086.46823411706,0.00135555144675202
0.0921467324654838,1.01158236655188,2085.56778389195,0.00273387257869993
0.0973746939788669,1.00867425853989,2082.56628314157,0.00222209712174117
0.0918831010057448,1.00867425853989,2085.71785892946,0.00150700703822563
0.096305788335429,1.01158236655188,2083.16658329165,0.00116524445304732
0.0861886417317466,1.00288309926358,2089.31965982992,0.0024213909356314
0.0936598904360042,1.0232988843187,2084.81740870435,0.00123120123335232
0.0882710949014725,1.02035709353375,2088.11905952976,0.00213277875314328
0.0854171090530756,1.00867425853989,2089.91995997999,0.00179424426773387
0.0941819701673855,1.03813555048354,2084.66733366683,0.00286526113026589
0.080832813765282,1.00288309926358,2093.2216108054,0.00179621326117516
0.0918650526543003,1.00867425853989,2085.71785892946,0.00319764626299115
0.094441194174296,1.03813555048354,2084.51725862931,0.00112904246210081
0.0838403209321803,1.01449885892793,2091.12056028014,0.00197364950568185
0.0985201853703356,1.00867425853989,2081.9659829915,0.00189838622015757
0.0975862214713704,1.00577451078852,2082.41620810405,0.00364850435855173
0.0837763715418897,1.0232988843187,2091.27063531766,0.00154271397108757
0.0900721400356791,1.00288309926358,2086.7683841921,0.00212122703959686
0.0898767038566589,1.00577451078852,2086.91845922961,0.00165340004058029
0.0909041560214584,1.0232988843187,2086.46823411706,0.0011257977220859
0.0956469828611702,1.00288309926358,2083.46673336668,0.00169200450407841
0.0839491605301702,1.00867425853989,2090.97048524262,0.00123905353307597
0.0834688312451122,1.02920793476607,2091.5707853927,0.00231879463427361
0.09022540470148,1.01158236655188,2086.7683841921,0.00223958538569215
0.0955134697779624,1.01158236655188,2083.6168084042,0.00192612710252979
0.0831155616149199,1.02035709353375,2091.72086043021,0.00122490877137229
0.0943328164276657,1.03217524340486,2084.51725862931,0.00235820261509895
0.0946551019950606,1.00867425853989,2084.06703351676,0.00117517006207857
0.0977156366840106,1.01158236655188,2082.41620810405,0.00234639387158233
0.0854266457398826,1.00867425853989,2089.91995997999,0.00195426340301328
0.0989990437670702,1.00577451078852,2081.66583291646,0.00146831332425652
0.0957716469525647,1.01158236655188,2083.46673336668,0.00250676166327795
0.0740962661236722,1.00867425853989,2099.07453726863,0.00125457943044053
0.0922527888416236,1.00288309926358,2085.41770885443,0.00227366640752742
0.09669130568381,1.00288309926358,2082.86643321661,0.00115185448972163
0.0924138470734051,1.01158236655188,2085.41770885443,0.0010153611001483
0.0831646380355508,1.3686237465133,2095.17258629315,0.00252789812420648
0.0870925767248081,1.017423759841,2088.86943471736,0.0019067771518958
0.0889037813349244,1.017423759841,2087.66883441721,0.00143061720500161
0.092000409734743,1.00288309926358,2085.56778389195,0.00211045529640901
0.0886559072592402,1.00288309926358,2087.66883441721,0.00124616553397312
0.0846165307325963,1.01158236655188,2090.52026013007,0.00129849140584632
0.0865174453970856,1.035151107089,2089.46973486743,0.00194691368726767
0.0889410582880243,1.00577451078852,2087.51875937969,0.00107955131156948
0.094885369421183,1.00577451078852,2083.91695847924,0.00168800037577086
0.0928889534297904,1.0232988843187,2085.26763381691,0.00323128574167088
0.09960413910561,1.00577451078852,2081.36568284142,0.00247211766956667
0.097572570643925,1.00577451078852,2082.41620810405,0.00129094177378377
0.0940872721815276,1.00577451078852,2084.3671835918,0.00215108090512139
0.0962292642019906,1.00577451078852,2083.16658329165,0.0016667793664866
0.0742621551975929,1.02035709353375,2099.07453726863,0.00168608098165854
0.0935999586492787,1.02035709353375,2084.81740870435,0.00164888937274677
0.0803496560255058,1.00867425853989,2093.67183591796,0.00174280911104949
0.0971199450041517,1.00867425853989,2082.71635817909,0.00161363399905582
0.0972702840116545,1.00288309926358,2082.56628314157,0.00275913630696988
0.0942879640095747,1.00288309926358,2084.21710855428,0.00282179338416349
0.094282514808305,1.88394737445416,2090.97048524262,0.00356789106763519
0.0815209602966537,1.00867425853989,2092.77138569285,0.0017307541502418
0.0983020601735858,4.87160332233193,2098.17408704352,0.0041253587608122
0.0942111694145424,1.01158236655188,2084.3671835918,0.00135513345653062
0.0933676384066597,1.00867425853989,2084.81740870435,0.00288643086373769
0.0834358619393738,1.01449885892793,2091.42071035518,0.00127273407086593
0.0965595422607788,1.00867425853989,2083.01650825413,0.00122208872479003
0.0922693709459732,1.00288309926358,2085.41770885443,0.00145861608029974
0.0779756331962249,1.00867425853989,2095.6228114057,0.00131181210978402
0.0801897376166365,1.00867425853989,2093.82191095548,0.00204648484958227
0.099693974562993,1.01158236655188,2081.36568284142,0.00318913306865154
0.0931923076371468,1.01158236655188,2084.96748374187,0.00251431886397047
0.0941922757276674,1.01158236655188,2084.3671835918,0.00132740388384043
0.0876209941327642,1.00867425853989,2088.4192096048,0.0027445575984721
0.0979553237995405,1.00867425853989,2082.26613306653,0.00303165291174703
0.0760056410872827,1.03813555048354,2097.72386193097,0.00123476035453604
0.0838938461034244,1.017423759841,2091.12056028014,0.00133157022009654
0.0984979804500304,1.00867425853989,2081.9659829915,0.00173060461612587
0.0859777278910929,1.00288309926358,2089.46973486743,0.00151802523010699
0.0883569338861993,1.01158236655188,2087.96898449225,0.00249627632969871
0.0795399394176998,1.00288309926358,2094.27213606803,0.00172193938220248
0.0866114059609437,1.01449885892793,2089.1695847924,0.00193557736994032
0.0965081610555766,1.00577451078852,2083.01650825413,0.00365946198435677
0.0931819853869917,1.01158236655188,2084.96748374187,0.00212283559805629
0.0865532428076434,1.01158236655188,2089.1695847924,0.00216921662648887
0.0916418264778309,1.0232988843187,2086.0180090045,0.00251235630805171
0.0993327204313584,1.00577451078852,2081.51575787894,0.00396301646157263
0.0922421264709778,1.00288309926358,2085.41770885443,0.00165876108723378
0.0856529570727145,1.035151107089,2090.07003501751,0.00143650181729284
0.0882435597605189,1.00577451078852,2087.96898449225,0.00242556483134229
0.0930128876744639,1.00288309926358,2084.96748374187,0.00244546082935086
0.0945774496703908,1.00288309926358,2084.06703351676,0.00157007463372933
0.0955267902049051,1.01158236655188,2083.6168084042,0.00357804944509761
0.0965799875134569,1.01158236655188,2083.01650825413,0.00192234879273533
0.0895126166238732,1.01158236655188,2087.21860930465,0.00173602632651174
0.0954722132067454,1.00867425853989,2083.6168084042,0.00272537790439649
0.0938478157009897,1.00577451078852,2084.51725862931,0.00243017603623704
0.0956861938404071,1.00577451078852,2083.46673336668,0.00290479478243498
0.0997006544215696,1.01158236655188,2081.36568284142,0.00137086462890558
0.078779086194118,1.00288309926358,2094.87243621811,0.00191111568599975
0.0863723454987218,1.02624915657849,2089.46973486743,0.00141382167665964
0.0758795108880854,1.04112859832463,2097.87393696848,0.00132359103388634
0.0903763021332971,1.02035709353375,2086.7683841921,0.00284840925825915
0.0925017071447393,1.00288309926358,2085.26763381691,0.00269955255923471
0.0985583830181221,1.05926897298544,2082.41620810405,0.00392512012134348
0.0954036615793489,1.00577451078852,2083.6168084042,0.00256461752307851
0.0964737405646166,1.06232295058138,2083.46673336668,0.00373534151588602
0.0956527265020694,1.017423759841,2083.6168084042,0.00192371318206083
0.0961552521650052,1.00288309926358,2083.16658329165,0.00285571915284191
0.076639421818455,1.01158236655188,2096.82341170585,0.00188966973345731
0.0944755984815036,1.01158236655188,2084.21710855428,0.0031002691704611
0.0907545095399394,1.01449885892793,2086.46823411706,0.00298275347319973
0.0833041780010508,1.03217524340486,2091.72086043021,0.00216746695326521
0.0925414994028603,1.00577451078852,2085.26763381691,0.00111020422938211
0.0971859611280623,1.37256962462899,2085.86793396698,0.00382949373117697
0.0826249790435608,1.01449885892793,2092.02101050525,0.00177516185304882
0.0790300377790269,1.00577451078852,2094.72236118059,0.0021022305803707
0.0919358476990741,1.01158236655188,2085.71785892946,0.00184467639090457
0.0889740070563475,1.00867425853989,2087.51875937969,0.00206342733932727
0.0733046623421347,1.02035709353375,2099.97498749375,0.00141499604429099
0.0906551121454139,1.00867425853989,2086.46823411706,0.00100832011912764
0.0786171721763179,1.00288309926358,2095.02251125563,0.00194700240876804
0.0895888988035276,1.00288309926358,2087.06853426713,0.00197868441357828
0.0881747764360178,1.01449885892793,2088.11905952976,0.00213310036719554
0.0918343739346873,1.02035709353375,2085.86793396698,0.00293005852517213
0.0932709648992434,1.07462716439149,2085.56778389195,0.00336463499750722
0.0931502955848707,1.0232988843187,2085.11755877939,0.00286585555416078
0.0857917902694983,1.017423759841,2089.76988494247,0.00200994553740783
