0.0780442530693453,1.00288309926358,2062.0060030015,0.0132826468878672
0.0834241867626579,4.13432012050498,2078.36418209105,0.0265803312933462
0.0825274785509402,4.17018228211692,2078.96448224112,0.0259929131103931
0.0676751988957397,1.3804955427344,2072.21110555278,0.0131908938332894
0.0784569397073679,1.11240149892777,2063.35667833917,0.015722386779886
0.08784059853104,4.30435891208667,2076.4132066033,0.030280634273594
0.0979791495163509,2.2456281019818,2064.55727863932,0.03330119936155
0.0586226023291589,2.42714808378022,2089.1695847924,0.0114728276018136
0.0893321236064624,1.95017021036364,2066.20810405203,0.0258495007438931
0.078271054940596,4.8997344482741,2083.76688344172,0.0234427103634471
0.0959829091337866,3.38947576589033,2069.80990495248,0.0360102319885863
0.0745054711094275,2.33126636583218,2075.96298149075,0.0185741086765112
0.0840054432780594,1.00288309926358,2059.75487743872,0.00343717441213559
0.0819534102878605,1.33361741419236,2064.4072036018,0.0186015880005993
0.0777726171852511,6.57210398204128,2087.96898449225,0.02382684254572
0.0561936375267601,2.52697328239242,2092.47123561781,0.0106418053781354
0.0807437692458899,1.00288309926358,2060.95547773887,0.00329553224300532
0.0929873742721917,1.00288309926358,2056.90345172586,0.00131346629075273
0.0999627978616838,1.45392041663176,2059.15457728864,0.0282443014584134
0.0605132850699088,1.19198027101602,2074.46223111556,0.0102380172957928
0.0519980030673404,1.11240149892777,2080.31515757879,0.00768369080463454
0.0475112500549283,1.00288309926358,2082.56628314157,0.0027760781904999
0.0781269873725016,1.00288309926358,2062.0060030015,0.00343919134831192
0.0693956686256035,1.09020803204812,2067.40870435218,0.0125298078058316
0.0866653036287715,3.07341994620988,2072.96148074037,0.0275419246268132
0.0534321236923295,1.00288309926358,2076.71335667834,0.00433864321865208
0.0827377686616627,2.07768351923393,2069.95997999,0.0224153734706903
0.0894070161229131,1.00288309926358,2057.95397698849,0.00780855275416227
0.0990926693797602,1.00288309926358,2055.25262631316,0.0165718813455558
0.0617154472373158,1.441417191251,2077.1635817909,0.0112226102099005
0.0903648320227399,10.0346071582177,2084.66733366683,0.0360392856365448
0.0951045890098685,1.1715671660767,2058.10405202601,0.0226104672212991
0.0676193696763458,1.00288309926358,2066.95847923962,0.00425486474517821
0.076266529439444,3.06458444505318,2078.8144072036,0.0205277706319726
0.0586060907722441,2.3787241732935,2088.86943471736,0.0114066719770848
0.09005792869013,1.78880557933512,2064.85742871436,0.0254694417000874
0.0787996264268304,1.00288309926358,2061.70585292646,0.0114402242025386
0.0972927117937955,1.00288309926358,2055.70285142571,0.014255787281726
0.0889841674202755,3.13598584352336,2072.06103051526,0.0294485705055163
0.0753118782323063,1.50502732889567,2069.2096048024,0.0166546145234683
0.0370414602189898,1.00288309926358,2097.42371185593,0.00410280711189841
0.0693159898096341,5.22010717715947,2091.5707853927,0.0179356686078185
0.090535608777865,1.51371812544339,2062.75637818909,0.0237769142797903
0.0554004706832447,1.00288309926358,2075.06253126563,0.00327803094497761
0.0555062542509873,3.11798102843626,2097.27363681841,0.0106610821960907
0.0922604558311185,5.11596107896008,2076.11305652826,0.0352538137539966
0.0683809034019777,1.01449885892793,2066.65832916458,0.0118510644397419
0.0758214751916295,2.38558227120577,2075.51275637819,0.0193585651367999
0.0917869585793109,1.14160110005127,2058.85442721361,0.0209138979791607
0.065336714858141,1.01449885892793,2068.45922961481,0.0109386883380626
0.0884985546204324,1.00288309926358,2058.25412706353,0.0139711899693719
0.073923928186792,1.00288309926358,2063.80690345173,0.00137462509538641
0.0569848977558542,1.00288309926358,2073.86193096548,0.0010473593154083
0.0836947830723728,1.23033252636976,2062.60630315158,0.0185831949798109
0.0689559451460661,3.16318819550752,2084.3671835918,0.0166727211461208
0.0918921562278232,1.00288309926358,2057.2036018009,0.012759603426514
0.0602849236209323,1.92229906736858,2083.46673336668,0.0115621797815438
0.0923636783054758,1.60343464412786,2062.75637818909,0.0254614242513816
0.0981030588717704,1.19541686845759,2057.50375187594,0.0241748698522854
0.0770593324738493,1.00288309926358,2062.45622811406,0.0116936739118635
0.0807644891848133,6.09812467340626,2084.81740870435,0.0260277796026159
0.095216914845425,1.45811221351425,2060.65532766383,0.0258180849531107
0.0840084200464806,1.00288309926358,2059.75487743872,0.00898375259023004
0.0803500648033429,1.3490638599235,2065.30765382691,0.0179623337236551
0.0716065828883716,1.59422875299434,2072.21110555278,0.0153468301946781
0.0883448497381409,3.32185250376586,2072.96148074037,0.0295048887662409
0.0870674969593991,1.00288309926358,2058.70435217609,0.0111140312287625
0.0916162170107092,1.28833114804146,2060.35517758879,0.0224455266344646
0.068513831717468,1.57597523020146,2073.86193096548,0.014073964500542
0.0888621965054066,1.21274904899342,2060.50525262631,0.0205307819866739
0.0511889373294286,1.00288309926358,2078.8144072036,0.00421590012845924
0.0796728591707496,1.18513668643434,2063.65682841421,0.0167086451290176
0.066595614567244,1.48351801054375,2074.16208104052,0.013063809974361
0.0890771492144726,12.4171951294921,2087.81890945473,0.0353854516798242
0.0948945611276788,2.49804006667886,2066.95847923962,0.0319973198730483
0.086009526184081,7.81129753947542,2084.3671835918,0.0313156750889879
0.0530163864832503,1.02920793476607,2077.61380690345,0.00774665611201427
0.0961661484808518,1.00288309926358,2056.00300150075,0.0187397717491633
0.074761948925058,4.17018228211692,2084.06703351676,0.0206427370220153
0.0784549873993719,1.18855355314224,2064.25712856428,0.0162653708735151
0.0562462489317752,1.32214875407135,2080.01500750375,0.00926946374191282
0.0940336483067867,1.04112859832463,2057.05352676338,0.0204547043597871
0.0668312396635619,2.60078095318014,2083.01650825413,0.015104622123451
0.0897790705556575,1.15482354244809,2059.6048024012,0.0202850260164527
0.0815122686903485,1.00288309926358,2060.65532766383,0.0128634162022647
0.086636057999044,1.00288309926358,2058.85442721361,0.0101443605100323
0.0622799773113719,1.00288309926358,2070.11005502751,0.00180249505852291
0.0848530112643385,2.18818996107018,2069.65982991496,0.0239814406788053
0.0965823504038042,2.48369792620856,2066.20810405203,0.0333149849786542
0.0916095413272565,2.9350594625955,2070.11005502751,0.0309912243998503
0.0899450937955749,1.12528574084121,2059.15457728864,0.0200967472207933
0.0877390239101955,2.25210247070889,2068.60930465233,0.0261406746238037
0.0682835780234806,3.95958264771409,2088.4192096048,0.0167432234554327
0.0698493934494473,1.00288309926358,2065.75787893947,0.00565763509788098
0.0780160213237185,1.99560700049668,2071.76088044022,0.0196487794045186
0.093745428663237,1.5896456468007,2062.15607803902,0.0261577331486186
0.0808337578445877,8.89175006582625,2089.61980990495,0.0267683912722878
0.0755553371891497,1.46231609576324,2068.75937968984,0.0165080744410518
0.074183645226704,1.09335121002246,2065.00750375188,0.0141327123330666
0.0601789416965709,1.79913505645155,2082.41620810405,0.0113375604086832
0.0866585450465229,1.25537852068667,2061.70585292646,0.0200484979565617
0.0809382430463687,2.11997911696849,2071.16058029014,0.0214862892812894
0.0920603711218582,2.11997911696849,2066.20810405203,0.0282966087749093
0.0998257503984543,1.50502732889567,2059.6048024012,0.0286733870321213
0.0999212873614793,2.46943812909056,2064.85742871436,0.0361215008312601
0.082078612018969,2.66904925964653,2073.56178089045,0.0235315207502822
0.0905208463774298,1.01449885892793,2057.65382691346,0.0189916291924742
0.0858435063350369,1.40051115285914,2063.50675337669,0.0207461134565843
0.0505102013884931,1.00288309926358,2079.41470735368,0.00498936597208275
0.0821467638590939,1.00867425853989,2060.50525262631,0.0160729454887031
0.0840196810438393,1.00288309926358,2059.75487743872,0.00463943301381271
0.0916695275272854,1.25899790157518,2060.05502751376,0.0221571314670598
0.0780226428177936,4.73335188912938,2083.46673336668,0.0231869631205539
0.0872514718116128,1.09335121002246,2059.75487743872,0.018694930363978
0.0924906194243296,1.00288309926358,2057.05352676338,0.00464674315134754
0.0600017908802341,1.00288309926358,2071.6108054027,0.00686111862598662
0.0951979797684485,6.33068001474387,2076.86343171586,0.0397894671435032
0.0950408745924139,1.67902152597229,2062.30615307654,0.0276397816238554
0.0745193720589095,1.02035709353375,2063.80690345173,0.0137273074633128
0.077458746565432,1.83576021707557,2071.01050525263,0.0187628280025716
0.0732934861685748,1.00288309926358,2064.10705352676,0.00626698657521696
0.0812817224717895,6.38559396992509,2085.11755877939,0.0264296065691046
0.098095804552517,1.90028922105573,2062.75637818909,0.0310340394140874
0.0803525836120955,1.00288309926358,2061.10555277639,0.00629481116416848
0.0929126264107424,1.00288309926358,2056.90345172586,0.00309482268705828
0.0438387630070984,1.00577451078852,2087.06853426713,0.00119848669907629
0.0985683360141105,1.00577451078852,2055.40270135068,0.0214728174328488
0.0840799461303983,1.55793070570556,2065.60780390195,0.020886504800878
0.0995256009639619,1.53125056362849,2059.90495247624,0.0287479099864668
0.0891871054994583,2.04210241714683,2066.8084042021,0.0262154874462105
0.0961182119829396,1.26262771749805,2058.70435217609,0.0241420371032039
0.0861929462179833,2.46943812909056,2070.56028014007,0.0256428549981106
0.0924844004821255,1.58051892322707,2062.60630315158,0.0252933601048925
0.0670480824084029,1.00867425853989,2067.25862931466,0.0114387130832565
0.0654921690027053,1.00288309926358,2068.15907953977,0.00269536280802015
0.0993247947408707,14.9724828208773,2083.76688344172,0.0482912443189894
0.0438580813417525,1.00288309926358,2086.91845922961,0.00434067360704915
0.0886181477440861,2.67674439360146,2070.41020510255,0.0279247328278828
0.086615314142487,1.00288309926358,2058.85442721361,0.0129126818943713
0.0804055443469106,1.00288309926358,2061.10555277639,0.0107434307151235
0.0871086537920461,1.00288309926358,2058.70435217609,0.0172247949442116
0.0831666467626222,1.3490638599235,2064.10705352676,0.0191704846355993
0.0799808639033423,1.02624915657849,2061.55577788894,0.0155315210398843
0.0399723229135025,1.00288309926358,2092.47123561781,0.00310963076416653
0.0762901137498662,1.00288309926358,2062.75637818909,0.00357408218046595
0.0933943758255962,1.07462716439149,2057.50375187594,0.0207724757687015
0.0924325369257813,1.00288309926358,2057.05352676338,0.00864789390500608
0.0608609945091121,2.16313573014221,2084.96748374187,0.0121005423026587
0.081972680566961,1.00288309926358,2060.50525262631,0.014867532093647
0.0759822210990963,1.00288309926358,2062.90645322661,0.00890403324217288
0.0966356684222225,2.95200799512719,2068.00900450225,0.0353411514164545
0.0902690616735636,1.56692699337341,2063.20660330165,0.0241396798209669
0.089166724877989,2.54889290196729,2069.50975487744,0.0280734529743983
0.0783746008156346,7.72186012504483,2089.61980990495,0.0246159533001062
0.0914361666586767,1.00288309926358,2057.35367683842,0.00837153489043543
0.0890292953788806,1.7683242002651,2065.15757878939,0.0247025818141281
0.0889487622207173,1.00288309926358,2058.10405202601,0.0136388963299022
0.0712501454070456,1.55345194953386,2071.91095547774,0.0151521176297244
0.0876478700159822,1.70336542221432,2065.30765382691,0.023512420888833
0.0389196439529841,1.00577451078852,2094.27213606803,0.00103243390731297
0.0939002353277307,1.35685404373703,2060.20510255128,0.0242005125278729
0.079560197856476,1.18513668643434,2063.80690345173,0.016633774681076
0.0577620877517628,1.56242237457588,2081.81590795398,0.0102086756416779
0.0449598271758759,1.00288309926358,2085.56778389195,0.0016420153052699
0.0684915425193395,1.035151107089,2066.95847923962,0.0119940216782572
0.0961684921808961,1.45811221351425,2060.35517758879,0.026249046503343
0.0956362077107018,1.00288309926358,2056.15307653827,0.0141097985815886
0.0920090034175847,2.57841511385935,2068.45922961481,0.030173814820619
0.0811857520365915,1.07772542117776,2061.70585292646,0.0164353097543606
0.0842271180691758,11.3570049730287,2090.07003501751,0.0304100225527821
0.0972408766016242,1.00288309926358,2055.70285142571,0.00269682014549576
0.0716849378994328,2.63090415150101,2079.5647823912,0.0175690427738355
0.0997157285402902,1.07462716439149,2055.85292646323,0.0230254503777332
0.0946629696203037,5.41917883794353,2075.51275637819,0.0381183325962471
0.0787868632020959,1.00288309926358,2061.70585292646,0.00965878289757227
0.0678453801642038,1.00288309926358,2066.8084042021,0.0106193401515096
0.0881021293422422,4.17018228211692,2075.81290645323,0.030554468736419
0.0984046233866486,4.24284253669373,2071.16058029014,0.0404135866196221
0.0987872095267941,2.85176528809274,2066.8084042021,0.0368564699844214
0.0653515596612401,4.62558101221893,2093.37168584292,0.0155919297926162
0.0875706026012538,3.56975293664868,2074.31215607804,0.0290899831872679
0.086695992651676,2.69220128298041,2071.31065532766,0.0267233530248937
0.0726525313142233,3.03823005207779,2081.06553276638,0.0185075377200786
0.0870047208609389,1.12528574084121,2060.20510255128,0.0189367708552172
0.0929943802250361,7.99329205722658,2080.61530765383,0.0381767159320595
0.0572543043123597,1.47076025583445,2081.2156078039,0.00983317983068458
0.0613943796736712,1.00288309926358,2070.71035517759,0.00236671771138316
0.0743516587630851,3.04698957090351,2079.86493246623,0.0195562660390046
0.0875427489966125,1.00288309926358,2058.55427713857,0.00443618715525872
0.0911907908786545,2.81100886708374,2069.80990495248,0.0302845939019801
0.0860810760247244,1.07153781450759,2059.90495247624,0.0180613516908315
0.0916954131375189,6.22226476776323,2078.51425712856,0.0358414024670887
0.0989191818787662,5.5136013085513,2073.71185592796,0.0429512111173859
0.0558287983060295,1.30325307163827,2080.01500750375,0.00913776275475046
0.0947645987019985,1.10601480450688,2057.50375187594,0.0216366331769352
0.0414570935422116,1.00288309926358,2090.22011005503,0.00334555436421675
0.0739611907633659,1.00288309926358,2063.80690345173,0.0129537135518236
0.0737958485086074,2.88479547897935,2079.5647823912,0.018928769218891
0.0690560743653213,1.00288309926358,2066.20810405203,0.00259220634082333
0.0954795233748704,6.25819530279368,2076.71335667834,0.0396651870341346
0.0807025001969037,1.00288309926358,2060.95547773887,0.0123985403161546
0.0374367403117389,1.00288309926358,2096.67333666833,0.0019260559563465
0.0674211552856742,2.41321295951054,2081.36568284142,0.0151716017129844
0.0545181869972683,1.00288309926358,2075.81290645323,0.00238548959314472
0.0924393794839998,1.00288309926358,2057.05352676338,0.015332962435574
0.0909448447638928,1.2517695448338,2060.20510255128,0.0217937067142687
0.0942308203942086,1.50502732889567,2061.40570285143,0.0256263837066395
0.0945042764610159,2.97761447568876,2069.05952976488,0.0334182280462437
0.088428029700728,6.1687553886527,2080.16508254127,0.0327154362864843
0.0889609747732312,1.00288309926358,2058.10405202601,0.0177418706952147
0.099196733711216,1.73304445225245,2061.40570285143,0.0303926957034289
0.0954217849222191,1.75311720834914,2062.75637818909,0.0282981066575248
0.0606701682823189,1.00288309926358,2071.16058029014,0.00145635579242544
0.0766489733236228,3.49853297367273,2080.31515757879,0.0213434329725287
0.097638677332128,2.11997911696849,2064.10705352676,0.032177234082241
0.0876178592676104,1.00288309926358,2058.55427713857,0.00673982542349639
0.0934559521241428,1.00288309926358,2056.75337668834,0.01761937478503
0.056571644019632,1.00288309926358,2074.16208104052,0.00794949598912592
0.0583802632519785,1.00288309926358,2072.81140570285,0.00536423306460655
0.0846044261873427,1.41265954868704,2064.10705352676,0.0202459718418764
0.0998989727484655,11.3243557313592,2080.61530765383,0.0481608624063461
0.0789595631609764,1.28093437865255,2065.15757878939,0.0170100552713529
0.0965101951135317,8.27426512232383,2079.11455727864,0.0424066987714327
0.0766330284837687,1.00288309926358,2062.60630315158,0.0111045567720852
0.0751453177125927,1.28462743961633,2066.95847923962,0.0155894225766614
0.0999125976547799,6.92165665438525,2075.66283141571,0.045431482708773
0.0761219598713102,12.9651693704974,2098.32416208104,0.0235890927585034
0.092754434465363,1.11240149892777,2058.25412706353,0.0209219967279308
0.0780551178848221,1.00288309926358,2062.0060030015,0.00489480513997334
0.0880013648605359,1.13504676028852,2059.90495247624,0.0194504808957961
0.0862974295987235,1.56242237457588,2064.70735367684,0.0220427675892262
0.0978545481437046,2.4062754285944,2065.30765382691,0.0341320049140796
0.0882313652987266,13.5373258656811,2089.31965982992,0.0347924437324922
0.0552016025238021,1.90028922105573,2088.11905952976,0.00978217286526032
0.094865012460271,12.0301229939707,2083.91695847924,0.0420102788044261
0.0895957656762518,3.80316384938978,2074.012006003,0.0312175769102383
0.0870471796522448,1.52684850782001,2064.10705352676,0.0222114680433097
0.0575682263364147,1.00288309926358,2073.41170585293,0.00241653214088967
0.0930875152398408,1.01449885892793,2056.90345172586,0.0198534925813358
0.0784670694266316,2.51246502599404,2074.7623811906,0.0210110074325505
0.0935515490009011,1.07153781450759,2057.50375187594,0.0207578248526495
0.0956533641834556,1.00288309926358,2056.15307653827,0.00150188893948816
0.0882428270500342,3.00344307348301,2071.91095547774,0.028567208879312
0.0844235347349232,1.00288309926358,2059.6048024012,0.0141767375651359
0.0781306273483658,1.00288309926358,2062.0060030015,0.00103170238524409
0.0713486015740354,1.77342245446464,2073.86193096548,0.0158258752097081
0.0485847039779231,1.00288309926358,2081.36568284142,0.00638384760031538
0.0960134734928538,1.12528574084121,2057.35367683842,0.0223848596044503
0.0723041022068877,1.00288309926358,2064.55727863932,0.00579328770569719
0.0955099598325551,10.3873347090322,2082.11605802901,0.0418781084656789
0.0948108821154151,6.34893199363231,2077.1635817909,0.039126766677222
0.0957064649789998,6.40400427119728,2076.86343171586,0.039991379589663
0.0975229218346377,1.55345194953386,2060.65532766383,0.0279153035556132
0.0787808327038939,1.65026765861521,2068.75937968984,0.0188043721607281
0.0555536677257184,3.53905426496764,2099.67483741871,0.010789730629627
0.0545425607787627,1.00288309926358,2075.81290645323,0.00770382350022208
0.0799299240999373,1.00288309926358,2061.25562781391,0.00563052825321612
0.0906518263436704,10.0925521055113,2084.51725862931,0.036488991613368
0.065318352087237,4.57261925984919,2093.2216108054,0.0155491935366031
0.0812081628975775,1.16484078042324,2062.90645322661,0.017095870603073
0.0974930970710925,12.4171951294921,2082.86643321661,0.0451291249031962
0.0902999175537298,2.10780755947618,2066.8084042021,0.0271444608246073
0.0883184445491475,3.28381811862624,2072.96148074037,0.0291751309882532
0.0981869123124587,1.72806227717372,2061.70585292646,0.0297292397937045
0.0895546895652048,1.91126246166401,2065.90795397699,0.0257645150795739
0.0975250086832057,10.2980071327174,2080.91545772886,0.0444486161636892
0.0927003955782616,1.09020803204812,2057.95397698849,0.0206692156707382
0.085286168102215,1.98987000774274,2068.15907953977,0.0236612591479803
0.056159333677921,2.22631645743836,2090.22011005503,0.0103667366265972
0.0778218100486502,1.79396288338358,2070.41020510255,0.0188935052092126
0.0430901227609086,1.00288309926358,2087.96898449225,0.00384970400735515
0.0813148494814021,4.29198469417562,2080.01500750375,0.0253055668214038
0.0566586126060006,1.8570226648111,2086.16808404202,0.0102281766066195
0.0835674453341816,1.00288309926358,2059.90495247624,0.00613027069420858
0.0823988097543284,1.4963864293158,2065.75787893947,0.0197962283318484
0.0920836286991953,7.12382395041967,2079.86493246623,0.0366749073545846
0.0914372064545349,1.20578622343754,2059.6048024012,0.021488947152036
0.0831347144266765,1.00288309926358,2060.05502751376,0.00442137590579989
0.080717687180207,5.94214829246472,2084.51725862931,0.0259254403625733
0.0945360703457215,11.2918003500854,2083.46673336668,0.0412761038535779
0.0825562472422326,1.09650345009091,2061.40570285143,0.0170800086020396
0.0868191016259969,1.39247031798524,2063.05652826413,0.0211390680403731
0.0888661472711826,2.10780755947618,2067.40870435218,0.0262019286451581
0.0863190611872409,1.64552345116496,2065.30765382691,0.0225987823946811
0.0967494444016832,1.41265954868704,2059.75487743872,0.026176930559019
0.082298361354473,2.25859550568368,2071.31065532766,0.0226484923086387
0.0497748687126665,1.00288309926358,2080.16508254127,0.00133783700867422
0.0850711584023257,1.33361741419236,2063.20660330165,0.0198653838011265
0.0967282488461597,1.00288309926358,2055.85292646323,0.00934082503697267
0.0939814073003237,2.80292774815717,2068.60930465233,0.0324197600573207
0.0733048540425355,1.00288309926358,2064.10705352676,0.00703955622290288
0.0978695205006266,1.4963864293158,2060.05502751376,0.0276358268079545
0.0928519881688719,1.58051892322707,2062.45622811406,0.0255008422692057
0.0981475949607589,2.62334079957365,2066.20810405203,0.0352137747301355
0.0834541243015434,5.17521601544173,2081.06553276638,0.0275880508491438
0.0782005657995108,1.36468921205103,2066.35817908954,0.0172425603824884
0.0969274728538675,2.10174801133249,2064.25712856428,0.0316105614308674
0.0984989445373048,1.00288309926358,2055.40270135068,0.00458887300341075
0.0836037816344544,16.1827476936424,2094.87243621811,0.0301949588787021
0.0954791570948942,3.99392909131044,2071.76088044022,0.0370430606612263
0.0637100556043328,1.00288309926358,2069.2096048024,0.00801431155523139
0.0984342583324273,4.07523387938939,2070.71035517759,0.0401428085379193
0.0670321446431544,1.65026765861521,2075.66283141571,0.0136389589462126
0.0663340876969193,1.13178371549186,2069.65982991496,0.0118111552905262
0.0902419692136259,5.52949756842363,2077.91395697849,0.0339801966959299
0.0968618228853976,1.03813555048354,2056.15307653827,0.0214565095832934
0.0793111726734183,1.50070065992818,2067.25862931466,0.0183393391354491
0.0773359306479989,1.00288309926358,2062.30615307654,0.0130956601229766
0.098489549039829,1.00288309926358,2055.40270135068,0.0164588710370103
0.0789795093934325,1.00577451078852,2061.70585292646,0.0150099067980087
0.0367892561052662,1.00288309926358,2097.87393696848,0.00155271241319877
0.0848545827825153,2.71555413295041,2072.3611805903,0.0254502115257967
0.0639805243725983,1.00288309926358,2069.05952976488,0.00260280262414898
0.0935224683733081,1.00288309926358,2056.75337668834,0.00974967353312349
0.0942793594858093,3.19982540066046,2069.95997999,0.0338346590118532
0.0767316595796625,1.79396288338358,2071.01050525263,0.018333096724938
0.0596137704269362,1.00288309926358,2071.91095547774,0.00308209973146541
0.0973634743899827,1.00288309926358,2055.70285142571,0.0148739535163154
0.0811008129141322,1.00288309926358,2060.80540270135,0.0127210760589972
0.0749300320871542,1.00288309926358,2063.35667833917,0.0012010068265939
0.0681864479126119,1.00288309926358,2066.65832916458,0.00836263771964603
0.0932192527189373,7.56780167843215,2079.86493246623,0.0383134871465778
0.0941137629221338,2.57841511385935,2067.55877938969,0.0318432994445716
0.0755646530441728,8.32204495553973,2092.77138569285,0.0227784760085228
0.0896292083525012,4.3416960341386,2075.51275637819,0.0320532088788921
0.0454369341888827,1.00288309926358,2084.96748374187,0.00360920072343931
0.0950594888655666,1.00288309926358,2056.30315157579,0.00865591111357754
0.079262302105578,1.33361741419236,2065.60780390195,0.0174307339060397
0.0958447141610273,1.58051892322707,2061.40570285143,0.0271914551788656
0.0604707454015333,1.00288309926358,2071.31065532766,0.00692160725809757
0.089225869864074,7.6115020308696,2082.11605802901,0.0342991634584958
0.0580428912629339,2.72338334507132,2091.87093546773,0.0114463127192763
0.0767099264682052,1.39648494813358,2067.40870435218,0.016770884129752
0.0735670346363118,1.00288309926358,2063.95697848924,0.0039139049221494
0.0945724708936649,10.1800975118018,2082.41620810405,0.0406896233197626
0.0819533385106972,1.00288309926358,2060.50525262631,0.00393059320728828
0.0896941571230741,1.63607591315362,2063.95697848924,0.0242780781917983
0.08483458874638,2.32456441587663,2070.41020510255,0.0244405833867052
0.0963508322284151,1.5850757161707,2061.25562781391,0.0275590391707549
0.0932149332181435,2.79486986091936,2068.90945472736,0.0317460402147095
0.0952972445511773,2.90981894079874,2068.45922961481,0.0339191999123408
0.0825412963515852,3.16318819550752,2075.51275637819,0.0246926536775438
0.0943772963535304,2.42017049201696,2066.8084042021,0.031259274884416
0.0574155311009614,1.60343464412786,2082.71635817909,0.0101168505338333
0.0745707674184919,3.52888015319671,2081.81590795398,0.0201125366606366
0.093966780701313,2.14453349218355,2065.60780390195,0.0296790939156739
0.0807685475775382,5.41917883794353,2083.31665832916,0.025690033748965
0.0704584235965396,1.00288309926358,2065.45772886443,0.0093084865141793
0.0935638307775005,10.1508316565282,2082.86643321661,0.0397981612336785
0.075840635960366,9.91971340151178,2094.87243621811,0.023274126052217
0.0824009633055,1.34518555643637,2064.4072036018,0.0187958997087264
0.0903240886605193,14.9724828208773,2089.1695847924,0.036950147975427
0.0785503083642639,1.10601480450688,2063.20660330165,0.015708305523227
0.0940831234786583,2.86823283751515,2068.75937968984,0.0328423572461822
0.0753117540461887,1.40859841962076,2068.30915457729,0.0161890995658736
0.0802667038683802,1.75817161928149,2068.90945472736,0.0199664140664233
0.0925789063810944,3.81412874828321,2072.66133066533,0.0337247372873796
0.0907073816563776,12.7431360287119,2087.06853426713,0.0372060186054244
0.0884764055317927,2.73123512958793,2070.71035517759,0.0279819243300935
0.0799523374343019,1.00288309926358,2061.25562781391,0.00507157283686038
0.0886921334120821,5.773515819051,2079.26463231616,0.0326740670044828
0.0959224189455474,2.60827926283097,2066.95847923962,0.0334048239014002
0.0970457364075683,1.47500060364494,2060.20510255128,0.0269243678495187
0.0921133008577934,3.71657187129828,2072.51125562781,0.033329379775608
0.0945106592496349,1.00288309926358,2056.45322661331,0.0116210605947709
0.0978793942582456,1.00288309926358,2055.55277638819,0.00757566009394044
0.0718454964327496,1.28833114804146,2068.75937968984,0.0143180505717362
0.0790878575918271,1.24100474879353,2064.70735367684,0.0167798346716652
0.0906641512601271,1.17494491051044,2059.6048024012,0.020828269313103
0.0880840442030582,1.0684573459204,2059.15457728864,0.0187215491987119
0.0989875909141088,1.00288309926358,2055.25262631316,0.00538619332541827
0.0909376801367939,2.89311263070037,2070.26013006503,0.0302926498571666
0.0569652371148264,1.00288309926358,2073.86193096548,0.00381476007468937
0.0940055182928007,3.00344307348301,2069.35967983992,0.0330762381970379
0.0759427646529608,1.45392041663176,2068.45922961481,0.0166363446176657
0.0841681373315998,3.03823005207779,2074.012006003,0.0257942228264675
0.0825615441546316,1.28833114804146,2063.65682841421,0.0185908253277885
0.0468389613077715,1.00288309926358,2083.31665832916,0.00246223975640269
0.0975569791636497,1.68386231169735,2061.55577788894,0.0290920198260372
0.0916900776104459,10.5379392096157,2084.3671835918,0.037775376631759
0.091355304568305,1.00288309926358,2057.35367683842,0.0171303341217408
0.0724437441524926,1.19198027101602,2067.25862931466,0.0140722352294426
0.0984897527592156,5.87411217212038,2074.61230615308,0.0427302600334311
0.0875943450344434,1.00288309926358,2058.55427713857,0.0162342421468885
0.0897154449209406,2.08367368705817,2066.8084042021,0.0267989790289299
0.0765379585126531,1.24458268867087,2065.90795397699,0.0158125936754044
0.0684428473967396,1.38447564841702,2071.76088044022,0.0135043510941732
0.0971221365076303,7.2688443008963,2077.46373186593,0.0424419130732298
0.0646726447150567,1.00288309926358,2068.60930465233,0.00527026710829109
0.0741915902211675,1.19198027101602,2066.35817908954,0.0146879762570247
0.0577561833741414,1.00288309926358,2073.26163081541,0.00511171906991332
0.0714048665115292,2.72338334507132,2080.31515757879,0.0174930351022035
0.0974770837915764,1.65026765861521,2061.40570285143,0.0286753401179478
0.0729314796468621,1.38447564841702,2069.2096048024,0.0152046196272738
0.0765835230031163,1.11560866287013,2064.25712856428,0.0150568167012481
0.0827524019285009,1.00288309926358,2060.20510255128,0.00674905137445738
0.0889589534091215,1.00288309926358,2058.10405202601,0.00886487856226288
0.0934318797352869,9.02067029565308,2081.66583291646,0.0392136094158722
0.0620472069079155,1.00288309926358,2070.26013006503,0.00733301339490155
0.0860835509357345,1.31834782642385,2062.60630315158,0.0202646655518235
0.0714968255007788,1.27358007675926,2068.75937968984,0.0141165983079849
0.0953770956384442,14.4224738415937,2085.56778389195,0.0430828719084421
0.0964297955510908,8.63941072106801,2079.5647823912,0.0426672826087082
0.0962966882788664,7.72186012504483,2078.51425712856,0.0417587089079532
0.085471936080293,3.27437776251048,2074.31215607804,0.027079015527648
0.0793005893657535,2.45526020256225,2073.86193096548,0.0215137705529571
0.0790743640719369,1.47500060364494,2067.10855427714,0.0181049812135529
0.0648356705657467,5.62584220609726,2096.97348674337,0.0156144798874917
0.0574168584581278,1.10920355497526,2075.51275637819,0.00909256236432989
0.0882932148826676,1.32214875407135,2061.85592796398,0.0212299452447831
0.0883982660166807,2.46943812909056,2069.50975487744,0.0271959215347005
0.0541680691028023,1.33361741419236,2082.11605802901,0.00869797818514037
0.0844936570949832,1.00288309926358,2059.6048024012,0.0125575912458958
0.0796251475058918,11.1304219326752,2093.37168584292,0.0261713721580967
0.0692913427211162,2.81911328467833,2082.41620810405,0.016476652031716
0.0834674294700512,3.13598584352336,2074.7623811906,0.0255161929014641
0.0736950158346707,1.90028922105573,2073.56178089045,0.0171626783815299
0.0632261807235004,1.00288309926358,2069.50975487744,0.0083214984230499
0.0626814085785901,3.19062650772569,2089.91995997999,0.0136795882099656
0.0675516401046466,2.49804006667886,2081.81590795398,0.0153363648214758
0.0769521513882648,1.21274904899342,2065.30765382691,0.0158153365568531
0.0816910878443651,1.017423759841,2060.80540270135,0.0160003946239415
0.0882211950436834,9.0989179220007,2084.81740870435,0.0337123336588804
0.0832211643986242,1.07462716439149,2060.95547773887,0.0170829515768432
0.0900098772066846,1.35295334494457,2061.55577788894,0.0222419584428324
0.0851547810162797,2.00713065465068,2068.30915457729,0.0236528660649731
0.047502692368186,1.00288309926358,2082.56628314157,0.00302734516247712
0.0926887192624842,1.1988633739507,2059.15457728864,0.0219388466372407
0.0897199084831465,1.38447564841702,2061.85592796398,0.0224924307110741
0.0902379436916051,1.92229906736858,2065.75787893947,0.0261531839827731
0.0943471577303701,2.66137624774655,2067.85892946473,0.0322642394895325
0.0596691495530784,2.31121826109334,2087.36868434217,0.0117180843010267
0.0948021882547665,3.66345594042931,2071.16058029014,0.0355849597596322
0.0871043106257923,1.00288309926358,2058.70435217609,0.00906006038232519
0.065648052835474,1.20578622343754,2071.16058029014,0.0118935695404812
0.0742055245624684,1.00288309926358,2063.65682841421,0.0046853085971465
0.0875905813902926,1.00288309926358,2058.55427713857,0.0138925282634135
0.0801169435565452,11.756216271046,2093.67183591796,0.0266665589727714
0.0919254692741315,1.00288309926358,2057.2036018009,0.00989002027959503
0.0795113334194489,1.73804099143649,2069.2096048024,0.019417418546416
0.0670690045734457,1.00288309926358,2067.25862931466,0.00258804938515429
0.0790922226174098,3.60071789654471,2079.11455727864,0.0230685187041683
0.0896513175780275,3.68461060628057,2073.56178089045,0.031176997055046
0.099207813023746,8.66431899975565,2078.21410705353,0.0461057990214784
0.0786021831200044,1.48779514022745,2067.40870435218,0.0180015620108755
0.0932864655477747,1.02920793476607,2057.05352676338,0.0200673498740773
0.0848241040141226,7.4382002633935,2084.66733366683,0.0297872636620198
0.0960872281459207,2.61579919085284,2066.95847923962,0.033506561436554
0.0972731769887906,1.68871705388817,2061.70585292646,0.0289028412117635
0.0862170428360052,1.87313095952011,2067.10855427714,0.0235415453207224
0.088447754133432,1.00288309926358,2058.25412706353,0.0102423368163507
0.0814977963246979,2.03623175886238,2070.26013006503,0.0216293064059256
0.0950911718701062,1.00288309926358,2056.30315157579,0.0202018117684913
0.0852103919943161,1.1028352210931,2060.50525262631,0.018100904978142
0.0998130497772878,8.56511470172144,2077.91395697849,0.0463663403329038
0.0961608821697129,1.00288309926358,2056.00300150075,0.00110004523193971
0.0519557313820343,1.00288309926358,2078.06403201601,0.00474122778741703
0.0890411414152871,8.34603823722249,2083.31665832916,0.0343077873282284
0.09731806938223,1.00288309926358,2055.70285142571,0.0114475224604161
0.0743291629572694,6.1687553886527,2089.76988494247,0.0213070077716998
0.0853187975828671,2.35148837301477,2070.26013006503,0.0249152398314291
0.0871638376036867,2.50524216415549,2070.26013006503,0.0264549259187338
0.0973766939300431,1.27358007675926,2058.40420210105,0.0248361250347632
0.0804613398866583,1.64552345116496,2068.00900450225,0.0195106017519032
0.0560064828585894,1.00288309926358,2074.61230615308,0.00470847477121293
0.0996214890388767,1.17833239331668,2056.90345172586,0.0245929603186729
0.0573349166791481,1.00288309926358,2073.56178089045,0.00344380570110454
0.0611904102109767,2.66904925964653,2088.4192096048,0.0126291212670282
0.0726084676403279,3.24621921773864,2081.9659829915,0.0187676602192044
0.0562083626384177,1.00288309926358,2074.46223111556,0.0075301538996339
0.0860901511890891,1.65979714701382,2065.60780390195,0.0224530078412238
0.0985404417274602,1.3804955427344,2059.00450225113,0.0266653332833469
0.0897666303471043,10.2094477434412,2085.11755877939,0.0357811350916542
0.0773593059249839,1.47076025583445,2067.85892946473,0.0173879205895107
0.0971164650146988,1.12528574084121,2057.05352676338,0.0228229444486535
0.0815853833197853,1.00288309926358,2060.65532766383,0.00664544347288412
0.0589891137555481,3.02949571521225,2092.77138569285,0.0119955703125715
0.0686211155791156,2.33126636583218,2080.01500750375,0.0155506344945942
0.0822164591432432,2.0538945595859,2070.11005502751,0.0219852367517119
0.0647395802193789,3.28381811862624,2088.56928464232,0.0146187668739222
0.0732777139384653,1.00288309926358,2064.10705352676,0.00468684511190122
0.0826344405330307,3.9368492691367,2078.21410705353,0.0257905595004564
0.0742220783222649,4.09876636139165,2084.21710855428,0.0202618783755929
0.0798233614711686,2.28475538672293,2072.66133066533,0.021372489190661
0.0527758443363844,1.00288309926358,2077.31365682841,0.00724279204176928
0.0991125423714033,1.59422875299434,2060.50525262631,0.0290913383497653
0.0610308360672643,1.76324060258228,2081.2156078039,0.0116470222211985
0.0964057072826974,12.66997313217,2083.6168084042,0.0440141612822507
0.0896203618779814,2.44116367657533,2068.75937968984,0.0281202419524478
0.0777059284700764,2.96905439714284,2077.46373186593,0.0213070306550171
0.0805570843634826,1.28462743961633,2064.55727863932,0.0176259251335867
0.0968354436698225,1.13178371549186,2057.2036018009,0.022758567769751
0.0949355234073022,1.96143148928283,2064.10705352676,0.0295048830866806
0.0508432737268149,1.65979714701382,2090.22011005503,0.00819484586948562
0.0924841975666218,3.28381811862624,2071.01050525263,0.0325598347240936
0.0821485240006466,2.26510726072284,2071.31065532766,0.0227176216602863
0.065217528056538,1.00288309926358,2068.30915457729,0.00825314137430259
0.0639577550660259,3.51873529007318,2090.37018509255,0.0144120519646847
0.0851874428083068,3.44853317762211,2075.06253126563,0.0272026405639579
0.0550406053846896,1.00288309926358,2075.36268134067,0.00372550980937957
0.0486460100234173,1.00288309926358,2081.36568284142,0.00439549760966844
0.0739491024048339,5.29579277470977,2087.96898449225,0.0207350139013725
0.0686323744380744,1.5896456468007,2073.86193096548,0.0142000404897144
0.0881970885873235,8.10918567113405,2083.46673336668,0.0334591353948533
0.0423122808666944,1.00288309926358,2089.01950975488,0.00143207389908518
0.0921273993067814,1.31834782642385,2060.50525262631,0.0229101934850916
0.0887151755539961,1.017423759841,2058.25412706353,0.0184143972456049
0.0923312077384936,1.07153781450759,2057.80390195098,0.0203455362204112
0.0597863026750213,1.42902148939294,2078.51425712856,0.0105580854960621
0.0812429070188507,1.09020803204812,2061.85592796398,0.016550501237869
0.0945240333111146,1.00288309926358,2056.45322661331,0.0156393983774317
0.0477618153690749,1.00288309926358,2082.26613306653,0.00230365306692489
0.0975658349980434,2.22631645743836,2064.70735367684,0.0326475011611733
0.0842672292172028,1.65502554408647,2066.35817908954,0.0214625156047946
0.0936784701553515,6.84240540686637,2078.51425712856,0.0383804632940928
0.0819500783039277,1.40859841962076,2065.15757878939,0.0190638686013752
0.080243389929108,1.46231609576324,2066.35817908954,0.0186529263419174
0.082563523775112,1.07772542117776,2061.25562781391,0.0168740018582996
0.0788873803561622,1.00288309926358,2061.70585292646,0.0124578767976258
0.0945797164494645,1.55793070570556,2061.70585292646,0.0262482894526879
0.0903487689566451,3.33142973427318,2072.06103051526,0.0310892184890999
0.0832500360763837,8.6145740489714,2087.36868434217,0.0290244305279618
0.0716007680807282,1.17833239331668,2067.40870435218,0.0137508559943841
0.0894063056473869,5.05738459676651,2077.46373186593,0.0324527065086849
0.0957166973526027,4.44285270778494,2072.81140570285,0.0380396174411606
0.0548918654399713,1.00288309926358,2075.51275637819,0.00768771844838013
0.0767760989223345,1.25537852068667,2065.90795397699,0.0159760108308116
0.0759893277394636,1.21975208146059,2065.75787893947,0.0155708692616167
0.0722310934616962,1.31455782572457,2068.75937968984,0.0146414490812534
0.0997132258929906,6.92165665438525,2075.66283141571,0.0455525406784689
0.0406108242962099,1.02624915657849,2092.17108554277,0.00502289074011349
0.0915472903816689,6.96162583541039,2079.86493246623,0.0361253874580909
0.0983398834763501,1.46231609576324,2059.75487743872,0.0273987518035285
0.0820565665296278,1.45392041663176,2065.60780390195,0.0192963410102065
0.0729252064586856,1.00288309926358,2064.25712856428,0.00488549690409973
0.0437426916950427,1.00288309926358,2087.06853426713,0.00360953292315046
0.098983623918914,1.81474121907939,2061.85592796398,0.0311541836873256
0.0929621135731872,1.00288309926358,2056.90345172586,0.00175034620199171
0.0838337956559202,1.17833239331668,2062.0060030015,0.0182146475005747
0.0966206043952075,2.81100886708374,2067.55877938969,0.0346775144226538
0.0885227742167506,1.95579274466099,2066.65832916458,0.0253016972934064
0.0957183759076771,5.6910027726913,2075.51275637819,0.0396050183976904
0.0605831467005366,1.39247031798524,2077.31365682841,0.010785057619007
0.0712495095545326,1.07772542117776,2066.20810405203,0.0130690054038969
0.0871986819088713,1.18855355314224,2060.80540270135,0.0196607953329149
0.0775294064573657,1.669381663546,2069.50975487744,0.0183261678425861
0.0901289022322993,3.35066711121492,2072.21110555278,0.0309902188604633
0.0666948712149494,1.05318733137807,2068.30915457729,0.0115331584628006
0.0987144843166791,6.90175820040029,2076.11305652826,0.0442331174444108
0.078507445179142,1.02920793476607,2062.15607803902,0.0151023585832516
0.0495777977869473,1.441417191251,2088.56928464232,0.00761996839413081
0.0818399672062283,15.6332226114801,2095.77288644322,0.0286995184211538
0.0877284119442759,1.10601480450688,2059.75487743872,0.0190149347678387
0.0875745065528116,1.00288309926358,2058.55427713857,0.00689092249037656
0.0983577745361971,3.63195145450856,2069.65982991496,0.0386504088521985
0.0939493893385511,3.20905081491668,2070.11005502751,0.0336117851276143
0.0810539983666544,3.53905426496764,2077.76388194097,0.0242313744231589
0.0773682003397005,1.00288309926358,2062.30615307654,0.00733885337469684
0.0853581997800154,1.00288309926358,2059.30465232616,0.0102306751262881
0.0604494664266462,1.00288309926358,2071.31065532766,0.00820514504072257
0.0484888155791873,1.59882507273807,2092.32116058029,0.00747285831379827
0.0940844958327411,1.98987000774274,2064.70735367684,0.0289422336663048
0.0831887155627672,1.00288309926358,2060.05502751376,0.00121866825779242
0.0763310562803284,1.00288309926358,2062.75637818909,0.00188337615808404
0.0798912521419816,1.50070065992818,2066.95847923962,0.0186102564955695
0.0965797973734836,1.52684850782001,2060.80540270135,0.0270604773959923
0.0948963899612846,3.02078648791353,2069.05952976488,0.0338697976246316
0.0517868796776726,1.00288309926358,2078.21410705353,0.00538947856273989
0.0659952193671217,1.38846722913941,2073.41170585293,0.0125974906283231
0.0807950809390261,1.00288309926358,2060.95547773887,0.00503955043828916
0.0735938524710892,1.08707389011608,2065.15757878939,0.0138879753919412
0.0477680115551102,1.53125056362849,2092.32116058029,0.0072062907938002
0.0661643940064277,1.16484078042324,2070.26013006503,0.0118994043249494
0.0929143042672331,1.00288309926358,2056.90345172586,0.0185204697975282
0.0777021765942628,1.00288309926358,2062.15607803902,0.00559853639913121
0.0682784297095253,1.68871705388817,2075.06253126563,0.0143143283267213
0.0584349471593239,2.42017049201696,2089.31965982992,0.0113889171444376
0.0719592652959008,1.00288309926358,2064.70735367684,0.00462907562951158
0.0899084406700557,1.41673238639154,2062.15607803902,0.0227367617052348
0.076919712958079,4.26734287669584,2082.86643321661,0.0220928733019156
0.0715269413654815,3.40904833026788,2083.46673336668,0.0183125710038407
0.0785391323755844,2.39935784176774,2074.012006003,0.0209119619166532
0.0916747793065376,1.04413027541975,2057.80390195098,0.0196876493865611
0.0884653090015433,1.00288309926358,2058.25412706353,0.0178472486987425
0.0974204861291814,1.79913505645155,2062.30615307654,0.0299628226993995
0.0511427108120123,1.33746236557711,2085.26763381691,0.00786667458065278
0.0685357674518086,4.3542135747773,2089.61980990495,0.0170898119592172
0.0673489760212281,1.00288309926358,2067.10855427714,0.00930441555569793
0.0950695950054748,1.43314150019665,2060.50525262631,0.0254735053322521
0.082646513313633,1.78880557933512,2068.00900450225,0.0213416901836205
0.0738548852619884,2.16937226517279,2075.36268134067,0.0178910715828833
0.0486423742857534,1.23387969717049,2086.16808404202,0.00708877486098112
0.0997563281848918,2.60078095318014,2065.60780390195,0.0362966007410814
0.0847178768071653,5.17521601544173,2080.31515757879,0.028603288969309
0.0696346620566017,1.00288309926358,2065.90795397699,0.00761701613433931
0.0899024829568248,1.00288309926358,2057.80390195098,0.0118574930456122
0.0934584834386311,1.00288309926358,2056.75337668834,0.0180587512246138
0.0846716531675665,2.2008256876077,2069.80990495248,0.023921184345497
0.0748835938510167,1.77342245446464,2071.91095547774,0.0173326111155901
0.0791844640933952,4.0518365057735,2080.61530765383,0.0235600869890681
0.0785027966389986,9.36467852310833,2092.02101050525,0.0250568670042014
0.074245939220171,1.32214875407135,2067.85892946473,0.015404253657242
0.0875864972170954,1.00288309926358,2058.55427713857,0.0166230996841942
0.0637622716278707,1.25899790157518,2073.26163081541,0.0114308212883205
0.0964699120749664,1.04413027541975,2056.30315157579,0.0214242498743705
0.0359003348123028,1.00288309926358,2099.52476238119,0.0026415197591347
0.0884104082472445,1.64552345116496,2064.55727863932,0.0236079223699998
0.0923899562544683,10.5683211343905,2084.06703351676,0.038309399556749
0.0577695608127487,3.6952337044061,2097.72386193097,0.0117540516576284
0.0781129193757185,1.00288309926358,2062.0060030015,0.00309371209102548
0.0897059705048085,8.01633751167032,2082.41620810405,0.0349889246533688
0.0587928394055968,1.41265954868704,2079.11455727864,0.0102177721048267
0.0604931928940869,1.00288309926358,2071.31065532766,0.00516902842826237
0.0889191173246174,1.00288309926358,2058.10405202601,0.00293158596773321
0.0645350186893211,4.3542135747773,2093.2216108054,0.0150796125207542
0.0653851970631631,3.21830282695794,2087.66883441721,0.0148858727641379
0.0850780105417429,4.27964604980107,2077.76388194097,0.0281717427543034
0.0837136023078619,1.92784124639408,2068.45922961481,0.022524257014212
0.0999673721064571,1.99560700049668,2062.60630315158,0.0330780514564062
0.0865191076818558,1.86237664548846,2066.8084042021,0.0237893247287279
0.0730959838023741,1.19198027101602,2066.8084042021,0.0143327328347577
0.0929811642649183,3.6424227310724,2071.91095547774,0.0338802845788063
0.068431444201013,1.00288309926358,2066.50825412706,0.00320326670436156
0.0937025370549012,1.09650345009091,2057.80390195098,0.0210894103702142
0.0985325470631619,3.10901742259474,2067.85892946473,0.0375189389488955
0.0705300786661985,1.05926897298544,2066.20810405203,0.0127641512070116
0.0681560370416154,1.00288309926358,2066.65832916458,0.00420743672662327
0.0395969243421246,1.00288309926358,2093.07153576788,0.00172136431686594
0.0817064327173116,14.3396692667093,2094.87243621811,0.028342318141348
0.064530298862287,1.88937898174206,2079.5647823912,0.0132017864556637
0.0560712567103883,3.24621921773864,2097.42371185593,0.0108923860396063
0.0980763529986993,2.03037797761035,2063.50675337669,0.0319243488423698
0.0806653539400319,1.05015961695978,2061.55577788894,0.0159965471624336
0.0866917271516124,5.74036800209287,2080.31515757879,0.030870842727126
0.0971777932235193,5.6910027726913,2074.91245622811,0.0409296112853739
0.0913739606174395,1.00288309926358,2057.35367683842,0.0122603697799236
0.0939789295963019,1.00288309926358,2056.60330165083,0.00711824137274177
0.0889786565114181,2.03623175886238,2066.95847923962,0.0259453079879107
0.0646181715099961,1.16149208345279,2071.16058029014,0.0113948435871002
0.0630103766210407,1.00288309926358,2069.65982991496,0.00761484005099098
0.0943661609691751,1.31834782642385,2059.75487743872,0.0240031826431235
0.077250766591025,1.16149208345279,2064.55727863932,0.0156066727636579
0.0909599486977131,1.06538573309788,2058.25412706353,0.0196923771523743
0.0375404710895647,1.00288309926358,2096.52326163082,0.00182909523805895
0.0684365643121127,1.00288309926358,2066.50825412706,0.00910192767588954
0.0855229808614488,2.0657547958787,2068.60930465233,0.0239733388575933
0.0361336571288068,1.00577451078852,2099.22461230615,0.00240159085792675
0.0815820919743765,1.32214875407135,2064.4072036018,0.018417060530206
0.0736716690802893,1.26991877487462,2067.55877938969,0.0149074050084599
0.0709437842150853,1.15815301335288,2067.55877938969,0.0133852946401696
0.0988142347123479,6.62911211113257,2075.66283141571,0.0440596508438806
0.0839867380258224,1.00288309926358,2059.75487743872,0.0161902291212613
0.0976620641100225,1.43727338940046,2059.75487743872,0.0267890706774481
0.0990675353784715,2.43414579263315,2065.00750375188,0.0352278655841403
0.0698434552441015,1.00288309926358,2065.75787893947,0.00457681310693086
0.0995191021949902,3.82512526006857,2069.65982991496,0.0405372999506319
0.0994213177339585,13.3438551917019,2082.56628314157,0.0479531046548355
0.0738581155764234,10.690727303607,2097.72386193097,0.0218028686423634
0.0992496079187277,1.06232295058138,2055.85292646323,0.0226678844240641
0.0665609788057941,1.00288309926358,2067.55877938969,0.00782019973800208
0.0758579923526362,1.4963864293158,2068.90945472736,0.0167973618331201
0.0853356045539884,2.68446171339143,2071.91095547774,0.0258136519061877
0.0993126821748706,16.3701822092467,2084.66733366683,0.0485908046552887
0.0987300051601221,1.26991877487462,2057.95397698849,0.0254340233778796
0.0893346684649917,4.85759838400825,2077.01350675338,0.0322418671069008
0.0978232732555509,5.79016143825715,2074.7623811906,0.0418686451774356
0.069893426772505,1.7230944249062,2074.46223111556,0.0149788495223391
0.0871082482942843,1.00288309926358,2058.70435217609,0.00592198222449192
0.0848816873931768,1.00288309926358,2059.45472736368,0.00800639714220865
0.0799979576907975,2.33798763817471,2072.96148074037,0.021497819709343
0.0996205045662802,1.00288309926358,2055.10255127564,0.00728780027220204
0.0659410556943678,2.85176528809274,2085.26763381691,0.0148736082338609
0.0949769060288076,15.2772790540943,2086.46823411706,0.0425221546499229
0.0977385389935902,1.48779514022745,2060.05502751376,0.0274535683063884
0.0655112115007644,1.00288309926358,2068.15907953977,0.00110593839849649
0.0844118692383391,2.74700667630971,2072.66133066533,0.0253241618354955
0.0613916759097925,1.00288309926358,2070.71035517759,0.00552522542476788
0.0738857498853635,1.00288309926358,2063.80690345173,0.00208199229188275
0.0836268905899915,5.92506573979369,2082.56628314157,0.0282973137829678
0.0973481369697208,1.00288309926358,2055.70285142571,0.00477874398656179
0.0978845931187686,1.00288309926358,2055.55277638819,0.0130891623758532
0.0883303533480017,1.02624915657849,2058.55427713857,0.0183627189484379
0.0536386551904992,1.00288309926358,2076.56328164082,0.00160479334993216
0.0978910456997588,15.1023580078497,2084.66733366683,0.0462659480055492
0.0785001677412651,1.03217524340486,2062.15607803902,0.0151316493509709
0.0769463088707676,1.51808232505612,2068.45922961481,0.0174446030944999
0.0474854811037341,1.00288309926358,2082.56628314157,0.00348182285907133
0.0754187627606962,6.2943333190863,2089.1695847924,0.0221062066350771
0.0851145374807207,1.16149208345279,2061.25562781391,0.0185870214585942
0.0866569510857744,1.00288309926358,2058.85442721361,0.00320124833354804
0.0910316092463015,1.26991877487462,2060.35517758879,0.0219994629221311
0.0678458026087006,7.99329205722658,2099.37468734367,0.017601771820605
0.052678334694986,1.36076598863131,2083.91695847924,0.00834355683403927
0.0773883382651708,1.00288309926358,2062.30615307654,0.00962597226958165
0.0564437052493246,1.47925317679908,2081.9659829915,0.00964610515983466
0.0964288166285483,15.8598865007128,2086.0180090045,0.0444192641410172
0.0593673513000524,1.00288309926358,2072.06103051526,0.00337662247312296
0.0692279735185684,1.09650345009091,2067.55877938969,0.0125238374095111
0.0920847091428676,10.690727303607,2084.3671835918,0.0380139624509124
0.0538466773494793,1.00288309926358,2076.4132066033,0.00457509515924846
0.0960572926421927,1.4920846013006,2060.65532766383,0.0265390138227382
0.096629545289675,1.63137250428789,2061.55577788894,0.0279921077940946
0.0853339132616092,1.02920793476607,2059.6048024012,0.0173763535259378
0.0625620803334631,1.00288309926358,2069.95997999,0.00950497164046478
0.0983182960008406,5.32637338722108,2073.71185592796,0.0416929078661321
0.0662666731009172,5.41917883794353,2095.02251125563,0.0162521549863482
0.098968306782205,2.04799000112185,2063.20660330165,0.0327718322617098
0.0789211640969954,4.48139116082693,2082.11605802901,0.0236944347025746
0.0882140630952777,2.21991621862324,2068.30915457729,0.0262616705435294
0.0959694114904239,2.37188579111585,2065.90795397699,0.0323755021282447
0.0845787722013514,1.54898606893921,2065.30765382691,0.0211162797905582
0.0747121987362818,1.017423759841,2063.65682841421,0.0137804016561804
0.0979984209808281,1.27358007675926,2058.25412706353,0.0251074624225223
0.0511819160691234,1.92784124639408,2093.07153576788,0.00850363190884658
0.0853245630673555,4.70617602490094,2078.8144072036,0.0287023258671786
0.058417858735005,1.01449885892793,2072.96148074037,0.00905900328878516
0.0918930168335609,1.00288309926358,2057.2036018009,0.00313038571179519
0.0962968500479989,4.88564863828298,2073.56178089045,0.0394129252371651
0.0993807582855796,4.44285270778494,2071.31065532766,0.0416604479085994
0.0863831500504602,3.75961856902805,2075.51275637819,0.0285216773881338
0.0836226626812029,1.00288309926358,2059.90495247624,0.0161921526327378
0.0499621529345923,1.00288309926358,2080.01500750375,0.00209904334501517
0.0745513956844876,1.00288309926358,2063.50675337669,0.00960678578930806
0.0756250555873043,1.00288309926358,2063.05652826413,0.0128251283333427
0.0768298011736455,1.295770630155,2066.35817908954,0.0162117217742272
0.0455885707956266,1.64079288241399,2096.82341170585,0.00677099082181475
0.0929060199981304,1.00288309926358,2056.90345172586,0.0122521634330985
0.0965505669363018,4.30435891208667,2072.21110555278,0.0383601937216873
0.0847063167879134,2.04799000112185,2068.90945472736,0.0233929875394079
0.0885201852144321,1.00288309926358,2058.25412706353,0.00769769500201453
0.0944970599680794,2.43414579263315,2066.8084042021,0.0314414613316351
0.0817995830727905,1.32596064017055,2064.4072036018,0.0184551883029011
0.058791918610926,1.00288309926358,2072.51125562781,0.0039592720777465
0.0950617472870272,1.00288309926358,2056.30315157579,0.0144528578879125
0.0881234619597297,2.76286929599819,2071.01050525263,0.0278206388559365
0.0718560915830531,2.62334079957365,2079.41470735368,0.0176334783228762
0.091844682490277,2.34472828861258,2067.40870435218,0.029210233364141
0.0896406971365743,9.91971340151178,2084.96748374187,0.0352829949956344
0.0500802845725558,1.00288309926358,2079.86493246623,0.00348550357020517
0.0815479370409534,1.00288309926358,2060.65532766383,0.0129521631878444
0.0853112976461886,1.00288309926358,2059.30465232616,0.00577661165961311
0.0744987576611436,1.56242237457588,2070.26013006503,0.0164659822050495
0.0914333440836275,2.60827926283097,2068.75937968984,0.029976354660901
0.0754860222539906,1.83576021707557,2072.06103051526,0.0178208815446139
0.0857534509647414,1.82522046182733,2066.95847923962,0.0230982553763818
0.0901757783374071,5.25025074237118,2077.46373186593,0.0334001207149133
0.072904323808304,1.8463608342542,2073.56178089045,0.0167046009651974
0.0889654460903873,2.10780755947618,2067.25862931466,0.0264229552077613
0.0873701247152747,1.25899790157518,2061.55577788894,0.0203309106252982
0.0460710271859724,1.00288309926358,2084.21710855428,0.00172945894868899
0.099003963913566,1.00288309926358,2055.25262631316,0.00962384488455454
0.0901846393725787,1.20578622343754,2060.05502751376,0.020993525289132
0.0676623780813143,1.01449885892793,2067.10855427714,0.0116145211754645
0.0984811031148324,1.25537852068667,2057.95397698849,0.0251279295205165
0.0620088307740563,1.92229906736858,2081.9659829915,0.0122191090610905
0.0359844903336199,1.00288309926358,2099.37468734367,0.00151287626691227
0.0928932009599235,1.00288309926358,2056.90345172586,0.00588545213968299
0.0726852173588036,1.09020803204812,2065.60780390195,0.0136262302960558
0.0684505581814637,6.20437693319619,2095.02251125563,0.0176071463697087
0.0721062854453663,4.71974439753259,2087.81890945473,0.0193172441432967
0.0742081850211915,10.5076446271293,2097.12356178089,0.0220994196353406
0.0734454186899408,1.13504676028852,2065.90795397699,0.0141387876380316
0.0942694056289497,13.3054941313703,2085.41770885443,0.0412876891572189
0.0888094633987913,1.75311720834914,2065.15757878939,0.0244882310008807
0.06758261114352,1.00288309926358,2066.95847923962,0.00244145898677834
0.0906999608593677,2.70774742833384,2069.50975487744,0.0297446516085633
0.0913709603173168,1.90028922105573,2065.15757878939,0.0267843610925345
0.0730614929665542,1.30325307163827,2068.30915457729,0.0148214687353096
0.0783674996464942,2.76286929599819,2076.11305652826,0.0213521979266311
0.0853367200754936,2.5933041997516,2071.46073036518,0.0256270350490379
0.06140602983673,3.73803325566538,2093.971985993,0.013287556988904
0.0687764394687548,3.79223047250718,2087.21860930465,0.0170637426344021
0.0952689653382455,1.51808232505612,2061.10555277639,0.0263968325874383
0.0687341161132464,1.00288309926358,2066.35817908954,0.00207630521112272
0.0936236748750996,4.88564863828298,2074.91245622811,0.0363511310390889
0.0742488293031509,1.00288309926358,2063.65682841421,0.00718268030242678
0.0914676155519179,1.44974067037263,2061.85592796398,0.0238385496865007
0.0434239245605056,1.00288309926358,2087.51875937969,0.00291061295200352
0.082415248219738,14.716073490575,2094.57228614307,0.0291449902034184
0.0840365984203629,6.01097243209366,2082.56628314157,0.0285253243408263
0.097626331185687,1.00288309926358,2055.55277638819,0.0211250813474253
0.0598779487822088,4.37935702804035,2098.32416208104,0.012829380105549
0.0944409415294359,2.69220128298041,2067.85892946473,0.0326259616049412
0.05751661475607,1.46653209822205,2080.91545772886,0.00991630027222064
0.0587541172693164,4.45566189315493,2099.82491245623,0.0124256673650119
0.0587969470913509,1.00288309926358,2072.51125562781,0.00872406157261809
0.0962198587129162,1.00288309926358,2056.00300150075,0.0119248010665897
0.0598064463667357,1.00288309926358,2071.76088044022,0.0065482508737286
0.0811621626884329,16.9456122371505,2097.42371185593,0.0279413967026979
0.0869975770450714,2.50524216415549,2070.26013006503,0.026470582136934
0.0971852895994442,6.53437118513655,2076.26313156578,0.0421011813066633
0.0809421632064921,1.18513668643434,2063.20660330165,0.0171770244481615
0.0824678237443635,1.20578622343754,2062.75637818909,0.0179353234878401
0.0902899259870031,6.8227347852315,2080.31515757879,0.0348149078298826
0.05367048489761,1.00288309926358,2076.56328164082,0.00775935806576039
0.0832800224686369,4.09876636139165,2078.21410705353,0.0266753758551966
0.084351488327187,1.80432214140788,2067.40870435218,0.0222490330480822
0.0962285704064194,1.26262771749805,2058.70435217609,0.0241985323602564
0.0694303779707362,6.40400427119728,2094.57228614307,0.0182231945823958
0.0873735545540349,2.02454102487246,2067.55877938969,0.0249302945415993
0.0776837194945679,1.00288309926358,2062.15607803902,0.0100739309873628
0.0977937536547873,1.57597523020146,2060.80540270135,0.0281766988107856
0.0965316045197893,6.74461616851603,2077.01350675338,0.0411927939689534
0.0693847832634819,1.96143148928283,2076.71335667834,0.0153666592959079
0.0945013510596067,1.00288309926358,2056.45322661331,0.00595982412383464
0.0825900359223854,3.53905426496764,2076.86343171586,0.0253384274502912
0.0972567387257226,9.12515100556096,2079.71485742871,0.0439292594679865
0.0918735446202009,1.00288309926358,2057.2036018009,0.0104374971309595
0.0688551150957866,1.7230944249062,2075.06253126563,0.0145924593240805
0.0967997909774616,3.46844676966084,2069.80990495248,0.0367403701296896
0.0706971650976739,1.10601480450688,2066.95847923962,0.0130326493398439
0.0831528614498737,1.91126246166401,2068.60930465233,0.0221267630389477
0.0597824476171127,1.00288309926358,2071.76088044022,0.00296959923437376
0.0837080982523012,8.15601225127809,2086.46823411706,0.0291445259984753
0.0558306466657336,3.24621921773864,2097.72386193097,0.0107951662986404
0.0429830952772717,1.00288309926358,2088.11905952976,0.00518619309460689
0.042829419896062,1.00288309926358,2088.26913456728,0.00533297123603981
0.0950067957226734,2.9350594625955,2068.60930465233,0.0338738460561767
0.0867269859045589,1.25537852068667,2061.70585292646,0.0200550510464815
0.0805409002637806,6.34893199363231,2085.56778389195,0.0257997809709314
0.0876001778860638,1.30701047960937,2062.0060030015,0.0207734427683963
0.0944368617872244,2.95200799512719,2068.90945472736,0.0334473644421913
0.0883586279116885,3.63195145450856,2074.012006003,0.0300687479869855
0.0967236382263344,5.82359678794962,2075.36268134067,0.0405738508982375
0.0879959239721934,11.756216271046,2087.96898449225,0.0339495478009549
0.0885613506901028,2.13836836392825,2067.70885442721,0.0261418214846872
0.0663896295961267,2.56361151152847,2083.16658329165,0.0148341155807001
0.0899193277813324,1.00288309926358,2057.80390195098,0.00150214500951312
0.067143091669042,1.24458268867087,2070.86043021511,0.0125091985851745
0.0787355103517731,2.25859550568368,2073.11155577789,0.0206717262179162
0.0801318019840226,1.4963864293158,2066.8084042021,0.018711199219867
0.0909143225380196,1.1988633739507,2059.75487743872,0.021199248992411
0.0708603581910771,1.11882507338448,2066.95847923962,0.0131952015040406
0.0939576198491996,1.20231981606127,2058.70435217609,0.0225747180236496
0.0886235635876408,4.88564863828298,2077.46373186593,0.0316301088455861
0.0591443748398162,1.00288309926358,2072.21110555278,0.00583141533621102
0.0793487858018776,1.4249133228412,2066.50825412706,0.0179792918435659
0.0832539916503933,6.09812467340626,2083.16658329165,0.0280547649338323
0.0783973289326035,1.98987000774274,2071.6108054027,0.01972337906168
0.0991046489438036,1.00288309926358,2055.25262631316,0.00592158673099223
0.0594290629728032,1.00288309926358,2072.06103051526,0.00109977943817686
0.099585472155715,1.09020803204812,2056.00300150075,0.0232106488086124
0.0909836669806666,1.1817296425721,2059.45472736368,0.0211076325283
0.0736503359774559,1.16819913201946,2066.20810405203,0.0144067383374782
0.0920931310565622,1.69358579278262,2063.50675337669,0.0259365368003362
0.0949835282030493,2.49085867387056,2066.8084042021,0.0322150050813654
0.0507057823634726,1.00288309926358,2079.26463231616,0.00642062704716866
0.0749524334438485,4.92802801770652,2086.16808404202,0.0212768892595652
0.0676786106779511,1.45811221351425,2073.11155577789,0.0134371128673967
0.0967679648316124,1.00288309926358,2055.85292646323,0.0185948314053368
0.066289378149519,1.00288309926358,2067.70885442721,0.00705702910896826
0.0696743667771308,1.21274904899342,2068.90945472736,0.0132380447336537
0.0840352464288457,1.04413027541975,2060.20510255128,0.0171078932156429
0.076268509833515,1.73804099143649,2070.86043021511,0.0178768290847716
0.0844059750150951,1.93897358646993,2068.30915457729,0.0228358584835058
0.08531788067839,1.00288309926358,2059.30465232616,0.00699116967292436
0.0882824642124271,1.41673238639154,2062.75637818909,0.0219494749042703
0.0906909193974987,1.8199732981517,2064.85742871436,0.0259677247668714
0.0965747798183111,1.57597523020146,2061.10555277639,0.0276067801394565
0.0602302670316287,1.00288309926358,2071.46073036518,0.00189702363384534
0.0904458253203648,1.04413027541975,2058.10405202601,0.0192979508870559
0.0992452337702787,1.18513668643434,2057.05352676338,0.0245172380693007
0.0898751568804805,3.24621921773864,2072.06103051526,0.0303625032155952
0.0933033563445284,1.54453302690677,2062.0060030015,0.0254896289615784
0.0883687365186276,1.20578622343754,2060.65532766383,0.0202585501733147
0.0881523559832193,1.65979714701382,2064.70735367684,0.0236319951963633
0.0830983284287795,1.01158236655188,2060.20510255128,0.016401424189817
0.0638933041102386,5.5454396587911,2097.87393696848,0.014981070735806
0.0773490529091933,2.92662172166501,2077.46373186593,0.0210627354332212
0.0919612708656623,8.76467231833321,2082.11605802901,0.0376653980737834
0.0573774060319248,1.00288309926358,2073.56178089045,0.00407270229416065
0.0985342259302646,5.08658851868221,2073.11155577789,0.0416827369484332
0.0535567302864163,1.89482624889294,2089.91995997999,0.00920980492771999
0.0759257410194521,5.99369202303595,2088.11905952976,0.0223495260858388
0.0864448110142741,1.60343464412786,2065.00750375188,0.0223114299436522
0.0911441099348204,1.5896456468007,2063.05652826413,0.024758373991255
0.0903490289595976,1.29950646550457,2060.95547773887,0.0219087508537672
0.0892491048228715,7.87905475386486,2082.56628314157,0.0342413455061641
0.0849404781796219,2.91820823764409,2073.11155577789,0.0261174541426742
0.0984254902983769,1.00288309926358,2055.40270135068,0.00832016317255816
0.0968245507757925,3.58004488871148,2070.11005502751,0.0371294597375444
0.0981927610609575,1.78366310156055,2062.0060030015,0.030263754354318
0.0939440899327711,10.5379392096157,2083.01650825413,0.0404990875765147
0.0704784042378467,1.00288309926358,2065.45772886443,0.00266919929853699
0.0899449032824682,4.80198009042612,2076.56328164082,0.0327357390906142
0.094965921840327,2.2456281019818,2065.75787893947,0.030831112894662
0.0934067755994264,1.295770630155,2059.90495247624,0.0232625968680927
0.0622847506994504,1.00288309926358,2070.11005502751,0.0024431791782425
0.0960494250038729,2.55624161321588,2066.65832916458,0.0333505914281149
0.0926001854284802,1.67902152597229,2063.20660330165,0.0261472560002692
0.0822577191533738,3.9368492691367,2078.36418209105,0.0256309700772299
0.074250488895994,1.00288309926358,2063.65682841421,0.00689716304317692
0.094508969829867,1.00288309926358,2056.45322661331,0.0129928359806693
0.0779522715645471,2.11997911696849,2072.66133066533,0.0199125166270678
0.064423422938443,1.00288309926358,2068.75937968984,0.010472821266139
0.0779213230069113,11.756216271046,2095.47273636818,0.024870435666829
0.0600386033059176,1.00288309926358,2071.6108054027,0.0080961484385504
0.0890821963401549,1.64079288241399,2064.25712856428,0.0239289037530254
0.0897867342225454,1.38447564841702,2061.85592796398,0.022509373865887
0.04874425252041,1.2267955530143,2085.86793396698,0.00711475670902903
0.0944004198476037,4.23064516672908,2072.96148074037,0.0361895331253353
0.0832084852485148,1.8199732981517,2068.00900450225,0.0217151774153531
0.0776512006288168,2.52697328239242,2075.21260630315,0.0206742692620074
0.0550028659305726,2.012917411563,2089.46973486743,0.00981590971262355
0.0980155523780622,1.92229906736858,2062.90645322661,0.0311767549261363
0.0695856036255223,1.00288309926358,2065.90795397699,0.00513734234277451
0.0791992993258662,1.00288309926358,2061.55577788894,0.00119199695347902
0.0729739395825235,1.91677282105974,2074.16208104052,0.0168274296413466
0.093224127302391,3.12697047724319,2070.11005502751,0.0328634981709354
0.0809362143523258,1.3804955427344,2065.30765382691,0.0184564352117622
0.0706873975782724,2.68446171339143,2080.61530765383,0.0170733848963745
0.0714025012122603,1.00288309926358,2065.00750375188,0.00691084778261563
0.0702881736010534,1.59422875299434,2072.96148074037,0.0148228821475749
0.0675972798065741,1.00288309926358,2066.95847923962,0.00225873113919748
0.0440365248877463,1.50502732889567,2097.12356178089,0.00625733323041328
0.0951223475369582,7.69966123740149,2079.11455727864,0.0402953826012529
0.0929205410260056,1.00288309926358,2056.90345172586,0.00957624374465962
0.0815441843742286,6.51558610363938,2085.11755877939,0.0268424781867661
0.0556327947444319,1.05015961695978,2075.81290645323,0.00845345194001385
0.0808092698479772,4.01699207793678,2079.5647823912,0.0245373066729481
0.0996148039952756,1.00288309926358,2055.10255127564,0.0135201526864041
0.0975768285474669,1.66458250694606,2061.40570285143,0.0289531329075078
0.0966406587802055,2.97761447568876,2068.15907953977,0.0353041734365965
0.0990574638266917,3.49853297367273,2068.90945472736,0.0391820286463317
0.087966204262107,3.1450272019994,2072.51125562781,0.0288144752409766
0.0939544815784001,1.00288309926358,2056.60330165083,0.0195320975448861
0.0657735987053755,1.00288309926358,2068.00900450225,0.00959739400907312
0.0525991305898026,1.00288309926358,2077.46373186593,0.00586987009908317
0.0534743092569097,1.00288309926358,2076.71335667834,0.00145129151591201
0.0901702732489499,2.96051892720402,2070.86043021511,0.0298973589245431
0.0962367886213491,2.10780755947618,2064.55727863932,0.0311242428383873
0.0992566838169655,5.85722521042959,2074.16208104052,0.0438533706648315
0.0766175929831942,1.00288309926358,2062.60630315158,0.00190351743022707
0.0563556426621018,1.24817094410403,2078.66433216608,0.00917646435900759
0.0886894114344077,1.01158236655188,2058.25412706353,0.0183036493531925
0.0660146100042105,1.00288309926358,2067.85892946473,0.00585357355269106
0.0829023983475424,3.19062650772569,2075.36268134067,0.0250746212414597
0.07007380250359,1.03217524340486,2066.05802901451,0.0124472103523606
0.0899676139975727,1.00288309926358,2057.80390195098,0.0176515524754407
0.0749116862975524,7.74412301428478,2092.32116058029,0.0222295326767916
0.0862026130555336,2.012917411563,2068.00900450225,0.0241395057630658
0.0383082261171896,1.00288309926358,2095.17258629315,0.00160292646405909
0.0942819246830002,5.19013667692469,2075.21260630315,0.0375103759491496
0.0945102779351013,1.00288309926358,2056.45322661331,0.0036714530311908
0.0944194169531955,1.28833114804146,2059.45472736368,0.0236981395434244
0.0700820588300329,5.60966897361054,2092.02101050525,0.0184327031200453
0.0667581387310894,1.00288309926358,2067.40870435218,0.011294138913767
0.0961138903008264,2.26510726072284,2065.30765382691,0.0320507338287875
0.0635708458726492,1.20578622343754,2072.51125562781,0.011228381219722
0.0866850413890892,1.00288309926358,2058.85442721361,0.0128508608995731
0.0681081521926742,2.96905439714284,2084.06703351676,0.0160773511006679
0.0776761014988746,10.5987906532703,2094.27213606803,0.024640956694812
0.063859999901839,2.28475538672293,2083.31665832916,0.0134498130529786
0.0682688896031375,1.12528574084121,2068.45922961481,0.0123755189830474
0.0503289744948739,1.21975208146059,2084.06703351676,0.00747473815829413
0.0966701332481245,1.76324060258228,2062.30615307654,0.0292728683618884
0.0934666309849686,8.01633751167032,2080.31515757879,0.0389516727768226
0.0469695255480256,1.00288309926358,2083.16658329165,0.00414709260484629
0.0523189537691163,1.00288309926358,2077.76388194097,0.00477810531007022
0.0981603547000113,2.57841511385935,2066.05802901451,0.0349319172304388
0.0878433163056071,1.06538573309788,2059.15457728864,0.0186595628265938
0.0835505175884221,1.00288309926358,2059.90495247624,0.00334055245572799
0.0850209002437828,1.4963864293158,2064.70735367684,0.0209647366782922
0.0514917508266461,1.00288309926358,2078.51425712856,0.00184733190273195
0.0965325596876211,3.45847564108692,2069.80990495248,0.036668529361783
0.0920619074842105,14.4640552653053,2087.66883441721,0.0388589330476376
0.0632414279183964,1.31834782642385,2074.46223111556,0.0114129991031464
0.0698277757932963,6.55321042588835,2094.42221110555,0.0186388628555841
0.0978073359051324,1.90028922105573,2062.75637818909,0.031012214645916
0.0996458470861307,1.00288309926358,2055.10255127564,0.00955637780481833
0.0915977744512421,1.0684573459204,2058.10405202601,0.0199559903822046
0.098407076742323,2.51970871206025,2065.60780390195,0.0351156110782276
0.0918617481358416,1.00288309926358,2057.2036018009,0.0121165453699142
0.0561584996357257,2.95200799512719,2095.47273636818,0.0108334971067593
0.096733853917549,7.28980110054726,2077.61380690345,0.0422557690908583
0.0598232790581254,1.23743709481674,2075.81290645323,0.0101212778074356
0.0906704891257248,3.31230280598519,2071.91095547774,0.0311773049255636
0.0409484515118833,1.00288309926358,2090.97048524262,0.00397840498562741
0.0630673082949774,1.73304445225245,2079.26463231616,0.0123440549999197
0.0804508303794543,1.24817094410403,2064.10705352676,0.0174327936914908
0.0595992639885039,1.00288309926358,2071.91095547774,0.00457649069219445
0.0998007708873257,1.4249133228412,2059.00450225113,0.0278157205652236
0.0741146713675055,3.40904833026788,2081.66583291646,0.0197131310391121
0.0887540115933092,1.46231609576324,2062.90645322661,0.0226082912408469
0.0914476371873219,14.053579239644,2087.66883441721,0.0383191264870104
0.0814543787597959,1.29950646550457,2064.25712856428,0.0181757988822022
0.0529609064946632,1.00288309926358,2077.1635817909,0.00117010877131058
0.078839199611548,1.00288309926358,2061.70585292646,0.00742036510132394
0.0541954290958871,1.00288309926358,2076.11305652826,0.00435292719038573
0.0786952593173117,2.31121826109334,2073.41170585293,0.020811466599327
0.069276651140028,1.00288309926358,2066.05802901451,0.00916297852675128
0.0742629494112051,1.00288309926358,2063.65682841421,0.010106091619525
0.0479766917128627,1.37652687910296,2089.46973486743,0.00712470545056548
0.0909665710147736,4.21848286189654,2074.46223111556,0.033195849955161
0.08990579886637,1.51808232505612,2062.90645322661,0.0236306486911099
0.0920310704428224,10.845730650619,2084.51725862931,0.0381222710511817
0.0734392717305325,2.30457394564778,2076.56328164082,0.017875140829209
0.0584369135979263,2.02454102487246,2086.0180090045,0.0110528135681695
0.0682598698678155,2.15691712397049,2078.96448224112,0.0152126183270099
0.045230640829583,1.02624915657849,2085.71785892946,0.00597445183369055
