0.095938704509829,1.00867425853989,2085.26763381691,0.00123057819703957
0.0981013436520292,1.00867425853989,2084.06703351676,0.00104447190255332
0.0985478044359259,1.00577451078852,2083.76688344172,0.00259016389765609
0.0911533683817175,1.00288309926358,2088.11905952976,0.00183202770696165
0.0888192079050893,1.01449885892793,2089.76988494247,0.00172921461776734
0.0951317429356111,1.00577451078852,2085.71785892946,0.00162266964789403
0.079429267645873,1.00288309926358,2096.67333666833,0.00181084248703955
0.0825433428488273,1.0232988843187,2094.42221110555,0.00115548699343638
0.0917108733627664,1.50502732889567,2092.17108554277,0.00275971781661566
0.0980543836489703,1.00867425853989,2084.06703351676,0.00158322599494339
0.0794495869905456,1.00577451078852,2096.67333666833,0.00159864343711177
0.0796657468782295,1.00577451078852,2096.52326163082,0.00181763052441849
0.0857093854768984,1.00867425853989,2091.87093546773,0.00149057010266033
0.0901897392070279,1.01449885892793,2088.86943471736,0.00107616879985772
0.0977362720817107,1.00577451078852,2084.21710855428,0.0031738349056706
0.0974867547562547,1.00577451078852,2084.3671835918,0.00205467654768081
0.0816238130298923,1.03813555048354,2095.32266133067,0.00146522519187387
0.0864967869207085,1.00577451078852,2091.27063531766,0.00181634548203875
0.088961345878633,1.0232988843187,2089.76988494247,0.00156756400068103
0.0996338123314396,1.00288309926358,2083.16658329165,0.00109735627887664
0.0949445797308929,1.0232988843187,2086.0180090045,0.00209998244505096
0.0822685339106304,1.00577451078852,2094.42221110555,0.00184598752588955
0.094415119511365,1.00867425853989,2086.16808404202,0.00173137524055265
0.0849701678380025,1.01449885892793,2092.47123561781,0.00120984329650138
0.0846501438180674,1.03217524340486,2092.92146073037,0.00145354458513213
0.0909328341800331,1.017423759841,2088.4192096048,0.0010421274137479
0.0817653367993095,1.035151107089,2095.17258629315,0.001452234014993
0.0979789143025297,1.00288309926358,2084.06703351676,0.00202731478528116
0.0814418928887926,1.02624915657849,2095.32266133067,0.00163341568361343
0.093891751746164,1.035151107089,2086.7683841921,0.00107353840238322
0.0770300376703829,1.00577451078852,2098.7743871936,0.00161870946498559
0.0954903404986388,1.01158236655188,2085.56778389195,0.00283504634127122
0.0952188443486889,1.01158236655188,2085.71785892946,0.00163497483688104
0.0923237173756807,1.00288309926358,2087.36868434217,0.0012758993250927
0.0923772524313409,1.00577451078852,2087.36868434217,0.00157323776251397
0.0988531986687101,2.55624161321588,2093.07153576788,0.00347219954591857
0.0887660733302827,1.01158236655188,2089.76988494247,0.00137751324164945
0.0881703621046423,1.00288309926358,2090.07003501751,0.00116697454196464
0.096704032038822,1.00577451078852,2084.81740870435,0.00113538887069351
0.0822965784619379,1.03217524340486,2094.72236118059,0.00142647768497028
0.0859032467241931,1.02035709353375,2091.87093546773,0.00114235049940559
0.0905553958062764,1.00867425853989,2088.56928464232,0.00252239822145139
0.0906832900285248,1.00288309926358,2088.4192096048,0.00120052405578495
0.0891998240331468,1.0232988843187,2089.61980990495,0.00179027500493865
0.0998930645532094,4.36676720472819,2097.72386193097,0.00364288709523981
0.0974825941143079,1.51371812544339,2088.56928464232,0.00327090359759058
0.0994826700428389,1.00867425853989,2083.31665832916,0.0017704887732638
0.0877739848994154,1.017423759841,2090.52026013007,0.00149106950076589
0.0962299517640673,1.00867425853989,2085.11755877939,0.00208277008848969
0.0969812476045545,1.00867425853989,2084.66733366683,0.00149885881638056
0.0983228642359722,1.00577451078852,2083.91695847924,0.00155692894223532
0.0969493566286506,1.00577451078852,2084.66733366683,0.00121019245780178
0.0866313373545416,1.01449885892793,2091.27063531766,0.00227477675995078
0.0763674051605289,1.00577451078852,2099.37468734367,0.00154124847772656
0.0993540791006663,2.21353437928443,2091.27063531766,0.0035179203152457
0.0898520665763468,1.00867425853989,2089.01950975488,0.00129553506988714
0.0981610018065329,1.01158236655188,2084.06703351676,0.00168820629482413
0.0865532325093296,1.00867425853989,2091.27063531766,0.00200027604292453
0.0936455680428314,1.035151107089,2086.91845922961,0.00266910971565774
0.0790669051049839,1.00288309926358,2096.97348674337,0.00144719672441086
0.089492156981307,1.01449885892793,2089.31965982992,0.00140780649059409
0.0854493582045427,1.00577451078852,2092.02101050525,0.00113599400567551
0.0986906640822751,1.01158236655188,2083.76688344172,0.00102044820752221
0.0792805897874372,1.00577451078852,2096.82341170585,0.00139709495116144
0.0979537782717111,1.14160110005127,2085.41770885443,0.00326042554100289
0.0765019615870984,1.00288309926358,2099.22461230615,0.00146927471107327
0.0836970553556722,1.035151107089,2093.67183591796,0.00107603583387304
0.0986151037558072,1.00867425853989,2083.76688344172,0.00140412627729897
0.091690693907687,1.02035709353375,2087.96898449225,0.00263453720619353
0.088334399185478,1.01158236655188,2090.07003501751,0.00211366422148629
0.0839896686697328,1.00288309926358,2093.07153576788,0.0016172501485373
0.0865694483496032,1.0232988843187,2091.42071035518,0.00121854067362662
0.097783540401493,1.00867425853989,2084.21710855428,0.00106348535662883
0.0925842958576773,1.00288309926358,2087.21860930465,0.00107676294047026
0.0957101239466591,1.02624915657849,2085.56778389195,0.00304169611897792
0.0771829245949893,1.00288309926358,2098.62431215608,0.00140468261708314
0.092422397245962,1.035151107089,2087.66883441721,0.0026983859301637
0.092683563277797,1.00867425853989,2087.21860930465,0.00249207322139186
0.0860261267107738,1.00288309926358,2091.5707853927,0.00177055985774698
0.0961483117809116,1.00577451078852,2085.11755877939,0.00108772269081852
0.0992583446683213,1.01158236655188,2083.46673336668,0.00106618267307131
0.0893440020856135,1.00577451078852,2089.31965982992,0.00175923288071777
0.087329037405611,1.017423759841,2090.8204102051,0.00126069182470973
0.0896156762614236,1.00867425853989,2089.1695847924,0.0020087625442489
0.0943401633278103,1.03217524340486,2086.46823411706,0.00164927060625359
0.0938820427006017,1.02035709353375,2086.61830915458,0.00153224920703125
0.0816871638675274,1.017423759841,2095.02251125563,0.00103441092074261
0.0800220924280912,1.00577451078852,2096.22311155578,0.00186377042288197
0.0853306367972174,1.0232988843187,2092.32116058029,0.00179734955450897
0.0920075495284543,1.01158236655188,2087.66883441721,0.00247335065290447
0.0993896264923425,1.00577451078852,2083.31665832916,0.00144911149711505
0.0802449552559377,1.00867425853989,2096.07303651826,0.00104988566062463
0.0986875333571028,1.01158236655188,2083.76688344172,0.00221602207585278
0.0858635338112496,1.00577451078852,2091.72086043021,0.00152800680226784
0.0972163597954651,1.00577451078852,2084.51725862931,0.00155651617195087
0.0994466805068643,1.00867425853989,2083.31665832916,0.00171476435407766
0.0877923606089987,1.00577451078852,2090.37018509255,0.00230730825954841
0.0830677399708375,1.03217524340486,2094.12206103052,0.00120688576910653
0.0948858339161642,1.00577451078852,2085.86793396698,0.00137395688592482
0.0860582985590246,1.017423759841,2091.72086043021,0.00176988476265411
0.08995301912054,1.01449885892793,2089.01950975488,0.00209798242290654
0.0998597172882877,1.3804955427344,2086.16808404202,0.00351702657716104
0.0865160970422693,1.02035709353375,2091.42071035518,0.00168216354495695
0.096552479508806,1.04112859832463,2085.26763381691,0.00218349732636838
0.0804264196499559,1.00867425853989,2095.92296148074,0.00164563660625255
0.0965303493684653,1.01158236655188,2084.96748374187,0.00126358169002995
0.0811871490499957,1.05926897298544,2095.92296148074,0.00112767177419691
0.0994872563218641,1.00867425853989,2083.31665832916,0.00104050529430835
0.0832903949744827,1.00867425853989,2093.67183591796,0.00191555593434313
0.0957306077198064,1.01158236655188,2085.41770885443,0.00272625810948588
0.0935019078014107,1.14489244934213,2087.96898449225,0.00289265107733073
0.0831611651428969,1.02624915657849,2093.971985993,0.00120864945896126
0.0930809929044951,1.00288309926358,2086.91845922961,0.00146665625018716
0.088772661110124,1.01158236655188,2089.76988494247,0.00235025070448035
0.0942329252846027,1.02624915657849,2086.46823411706,0.00129510421250237
0.0970769352472473,1.01158236655188,2084.66733366683,0.00240948093988596
0.0996107189809227,1.00288309926358,2083.16658329165,0.00204680534935939
0.0882587960916719,1.02035709353375,2090.22011005503,0.002378871987084
0.093165280083881,1.00867425853989,2086.91845922961,0.00240837296295453
0.0925987628781311,1.017423759841,2087.36868434217,0.00148752662568302
0.0856500065947136,1.017423759841,2092.02101050525,0.00107572482931753
0.0846450651584513,1.03217524340486,2092.92146073037,0.00202775796932058
0.0991060058071228,1.00577451078852,2083.46673336668,0.00138349073934945
0.0776946625158989,1.00288309926358,2098.17408704352,0.00160208689335253
0.0831399227059131,1.01158236655188,2093.82191095548,0.00207238226223827
0.0980170502710732,1.00577451078852,2084.06703351676,0.00274396080127437
0.098370978444887,1.17494491051044,2085.41770885443,0.00332386527520904
0.09311948910046,1.00577451078852,2086.91845922961,0.00125692871680845
0.0843994390124049,1.02920793476607,2093.07153576788,0.00144969233252847
0.0899084508638682,1.01158236655188,2089.01950975488,0.00203578258056442
0.0828257324682347,1.02920793476607,2094.27213606803,0.00124877753663468
0.0893946949403993,1.00867425853989,2089.31965982992,0.0019258142890671
0.0967416886948952,1.00867425853989,2084.81740870435,0.00183187787456192
0.0893495896918412,1.00577451078852,2089.31965982992,0.00202134730774247
0.0940656530571063,1.00288309926358,2086.31815907954,0.00261234349151026
0.0996723503151088,1.00577451078852,2083.16658329165,0.00164954018066619
0.099908848565652,1.00288309926358,2083.01650825413,0.0026942266542924
0.0907552801328678,1.00867425853989,2088.4192096048,0.00161188021809357
0.0996143187524844,1.00288309926358,2083.16658329165,0.00300871112960615
0.0944681165118284,1.01158236655188,2086.16808404202,0.00152775930159809
0.0870596758086155,1.01449885892793,2090.97048524262,0.00227828850659374
0.0806260905658288,1.00867425853989,2095.77288644322,0.0010587331998244
0.0953602769657253,1.40859841962076,2089.01950975488,0.00308929950108104
0.0898626682741535,1.00867425853989,2089.01950975488,0.00139111977685821
0.0838423213416104,1.03217524340486,2093.52176088044,0.00170780114494044
0.0954667119150267,1.01158236655188,2085.56778389195,0.00168978303409097
0.0873227376254076,1.017423759841,2090.8204102051,0.00121540715373355
0.089980866529724,1.00288309926358,2088.86943471736,0.00216456173062719
0.0950560866156464,1.00288309926358,2085.71785892946,0.00257477752113365
0.0991813290660677,1.00867425853989,2083.46673336668,0.00223377500772651
0.0760271866174736,1.02624915657849,2099.97498749375,0.0011583496394467
0.0828595282825424,1.04413027541975,2094.42221110555,0.00189271334921645
0.0981091811936644,1.01158236655188,2084.06703351676,0.00183545387399578
0.0911761184081629,1.08394875824941,2088.86943471736,0.0026855080025926
0.0938467564036743,1.00577451078852,2086.46823411706,0.00100105088895086
0.0902163131938414,1.00288309926358,2088.71935967984,0.00110348078530982
0.0999031592404297,1.00288309926358,2083.01650825413,0.00161732414987224
0.0960277983668994,1.02624915657849,2085.41770885443,0.00155014552962741
0.0958351837418966,1.00288309926358,2085.26763381691,0.00202879396056109
0.0762515590269661,1.00867425853989,2099.52476238119,0.00111907161104543
0.0765089827974771,1.00288309926358,2099.22461230615,0.00110844208116432
0.0980859413558148,1.00867425853989,2084.06703351676,0.00226110404800276
0.0934436114127144,1.03813555048354,2087.06853426713,0.00175185589799566
0.0929653766246382,1.01158236655188,2087.06853426713,0.00229389828839844
0.0871503753354867,1.00577451078852,2090.8204102051,0.00194982808906731
0.0977490516532461,1.00577451078852,2084.21710855428,0.00297718459416753
0.0961938054055936,1.00867425853989,2085.11755877939,0.00288495521727521
0.0950588415137491,1.00288309926358,2085.71785892946,0.00166349026473637
0.0859475531351582,1.0232988843187,2091.87093546773,0.00210405181270835
0.0895543756779152,1.017423759841,2089.31965982992,0.00210180336687429
0.0780357360071727,1.00288309926358,2097.87393696848,0.0012573482184313
0.0953122442874733,1.00288309926358,2085.56778389195,0.00128303406570199
0.0888481703597568,1.00288309926358,2089.61980990495,0.00233768202864335
0.0911435428392964,1.00288309926358,2088.11905952976,0.00129688707865285
0.0948126505546046,1.00288309926358,2085.86793396698,0.00273563231052881
0.0999897417343574,1.00577451078852,2083.01650825413,0.00231383100649063
0.0882353387644135,1.48779514022745,2094.42221110555,0.0024970279692831
0.096713218663195,1.00867425853989,2084.81740870435,0.00149114309512767
0.0844097058873634,1.017423759841,2092.92146073037,0.00113993951230898
0.094362834094161,1.00577451078852,2086.16808404202,0.00125764876119608
0.0953522061994779,1.017423759841,2085.71785892946,0.00216491068684765
0.0807265239328643,1.00577451078852,2095.6228114057,0.00170011671164446
0.0808820994822027,1.00288309926358,2095.47273636818,0.00146111349361738
0.0929201683738868,1.00867425853989,2087.06853426713,0.00266821002391906
0.0953946493909768,1.00577451078852,2085.56778389195,0.00268661597873768
0.0808765586984501,1.00288309926358,2095.47273636818,0.00136761296719605
0.0886049059880806,1.01449885892793,2089.91995997999,0.0011524050488761
0.0947906656028265,1.02920793476607,2086.16808404202,0.00109656760001956
0.0878332876448566,1.00867425853989,2090.37018509255,0.00178590593531425
0.0770829442905962,1.00867425853989,2098.7743871936,0.00163732750760974
0.0973448518801684,1.01158236655188,2084.51725862931,0.00191217109359402
0.0849238871099676,1.01158236655188,2092.47123561781,0.00152192408356283
0.099338794514363,1.00288309926358,2083.31665832916,0.00303699383757285
0.0906404865400804,1.01449885892793,2088.56928464232,0.00235574395627959
0.07840833920688,1.00577451078852,2097.57378689345,0.00121997472813187
0.0925610860410443,1.02920793476607,2087.51875937969,0.0027228918644851
0.0992578553163486,1.01158236655188,2083.46673336668,0.00289664674861752
0.0962415889322126,1.01158236655188,2085.11755877939,0.0012956263061188
0.0786361316352935,1.00867425853989,2097.42371185593,0.00140769063205089
0.0974942835873962,1.00577451078852,2084.3671835918,0.0024280917408123
0.0844495100265515,1.03217524340486,2093.07153576788,0.00197409089049202
0.0932961690782079,1.02920793476607,2087.06853426713,0.00259484281797001
0.0934818514391338,1.01158236655188,2086.7683841921,0.00124122722421207
0.0880850827941148,1.0232988843187,2090.37018509255,0.00173969323886726
0.0997813889009949,1.01158236655188,2083.16658329165,0.00137899492801606
0.0912396375254883,1.00867425853989,2088.11905952976,0.00163646935530625
0.0790010481017042,1.00867425853989,2097.12356178089,0.0013500037457641
0.0943593937189389,1.00577451078852,2086.16808404202,0.00245201072366639
0.0913620705822387,1.00288309926358,2087.96898449225,0.00145419850983103
0.094622455612332,1.00577451078852,2086.0180090045,0.00219870476370821
0.0994558647569979,1.00867425853989,2083.31665832916,0.00291873878268326
0.0812219512535263,1.01158236655188,2095.32266133067,0.00181841716921305
0.0836797860940395,1.00867425853989,2093.37168584292,0.00191827781165663
0.095357596678432,1.00577451078852,2085.56778389195,0.00252705238524661
0.0823349585389454,1.035151107089,2094.72236118059,0.00178931381991025
0.0921760393158434,1.00867425853989,2087.51875937969,0.00205772051252094
0.0919956618623348,1.01158236655188,2087.66883441721,0.00156176880364138
0.0911373151906964,1.00288309926358,2088.11905952976,0.00256703065177863
0.075837102996275,1.00288309926358,2099.82491245623,0.00150959120623471
0.0808889708109182,1.00288309926358,2095.47273636818,0.00102313275841102
0.090121934113169,1.01158236655188,2088.86943471736,0.00200988450620685
0.0903235641826947,1.00867425853989,2088.71935967984,0.00170522708845003
0.0961031722852984,1.00288309926358,2085.11755877939,0.00233006272110124
0.0996367646699181,1.00288309926358,2083.16658329165,0.00101285070063052
0.0938595514306059,1.00577451078852,2086.46823411706,0.00164505948604323
0.0949309380914297,1.00867425853989,2085.86793396698,0.00276319296949774
0.0919498976621067,1.00867425853989,2087.66883441721,0.00268806725146742
0.0923262260523149,1.00288309926358,2087.36868434217,0.00139283569319575
0.0936609040985745,1.00867425853989,2086.61830915458,0.00282457210545764
0.0942335621269636,1.02624915657849,2086.46823411706,0.00197310248521528
0.0923842022220394,1.28462743961633,2089.91995997999,0.00281549809498565
0.0981203629493605,1.17494491051044,2085.56778389195,0.00329788234667198
0.0972056629499814,1.00577451078852,2084.51725862931,0.00185624376501853
0.0987810420462574,1.00288309926358,2083.6168084042,0.00210006145658916
0.0897224218126976,1.01449885892793,2089.1695847924,0.00249648856915661
0.0987848294978279,1.00288309926358,2083.6168084042,0.00188659534182564
0.0945811631663952,1.00288309926358,2086.0180090045,0.00234543972882838
0.0995213102055767,1.01158236655188,2083.31665832916,0.00271114400302326
0.0958394504826924,1.00288309926358,2085.26763381691,0.00266949493109369
0.0880161402640965,1.00577451078852,2090.22011005503,0.00186740784839511
0.0997510116378574,1.00867425853989,2083.16658329165,0.00202944159866284
0.0917054884329604,1.00867425853989,2087.81890945473,0.00141253200216734
0.091914537931662,1.00577451078852,2087.66883441721,0.00197915629630831
0.0785391319832852,1.00288309926358,2097.42371185593,0.00124594794910197
0.0928949651003457,2.25859550568368,2095.77288644322,0.00289700967161351
0.0940565763642708,1.00288309926358,2086.31815907954,0.00200524837409735
0.0970790007612319,1.01158236655188,2084.66733366683,0.00234311565845384
0.0945543605501206,1.00288309926358,2086.0180090045,0.00253254275518279
0.0824380572612673,1.02920793476607,2094.57228614307,0.00172208010922391
0.0967553871152174,1.00867425853989,2084.81740870435,0.00270602446851757
0.0967199110217443,1.00867425853989,2084.81740870435,0.00197187307225828
0.0977297723927778,1.00577451078852,2084.21710855428,0.00137861440922476
0.0878684309894171,1.0232988843187,2090.52026013007,0.00217200110046738
0.0928253113376282,1.64079288241399,2092.32116058029,0.00287276045138688
0.0884137835207109,1.00288309926358,2089.91995997999,0.00145956660119605
0.0877679725732807,1.017423759841,2090.52026013007,0.00165254429449529
0.0961899258998391,1.00867425853989,2085.11755877939,0.00302041245609862
0.0861642894584481,1.01158236655188,2091.5707853927,0.00193372020242564
0.0967345038320227,2.86823283751515,2095.6228114057,0.00327573782511349
0.094433471394954,1.0232988843187,2086.31815907954,0.00202644411375248
0.0938094104163681,1.00288309926358,2086.46823411706,0.00166023962442694
0.0845655798782707,1.01449885892793,2092.77138569285,0.00167294812371283
0.078742922454228,1.00577451078852,2097.27363681841,0.00122215255765713
0.0819468713773092,1.04714060664789,2095.17258629315,0.00151882898528666
0.0825477454313936,1.01158236655188,2094.27213606803,0.0014046714631414
0.0891078770012294,1.00577451078852,2089.46973486743,0.00187520574213621
0.0948677760688851,1.00577451078852,2085.86793396698,0.00295444097896049
0.0983510649725884,1.00867425853989,2083.91695847924,0.00117623890337004
0.0997762863278276,1.01158236655188,2083.16658329165,0.00273046892391547
0.0885134512631481,1.0232988843187,2090.07003501751,0.00116361219669023
0.099939042899051,1.00288309926358,2083.01650825413,0.00144241277234071
0.0853025473345528,1.00867425853989,2092.17108554277,0.00113471193821713
0.0988162052706787,1.00288309926358,2083.6168084042,0.00326393990883936
0.0866439134001313,1.01449885892793,2091.27063531766,0.00206502550324749
0.0955960359983457,1.00288309926358,2085.41770885443,0.00114192123721714
0.0959124954930975,1.00577451078852,2085.26763381691,0.00282052635448735
0.0978173837483629,1.00867425853989,2084.21710855428,0.00286721420085299
0.0950821158402128,1.00288309926358,2085.71785892946,0.00258078053247337
0.0930981775249465,1.03217524340486,2087.21860930465,0.0013278179196078
0.0973430879665171,2.6460963359074,2094.42221110555,0.00331647626328882
0.0898385612427128,1.00867425853989,2089.01950975488,0.00146338759293263
0.0896160191542906,1.00867425853989,2089.1695847924,0.00156752449912556
0.0922216385333916,1.0232988843187,2087.66883441721,0.00199277835726314
0.0843045468800758,1.0232988843187,2093.07153576788,0.00122620656953469
0.0922437127161572,1.01158236655188,2087.51875937969,0.0010440589471356
0.0857640494517822,1.01158236655188,2091.87093546773,0.00215406698839671
0.0981467515844438,1.01158236655188,2084.06703351676,0.00117439574168156
0.0949316028864315,1.00867425853989,2085.86793396698,0.00229171736950237
0.085422747572708,1.50936647207927,2096.82341170585,0.00227031525321116
0.0984992658308971,4.29198469417562,2098.62431215608,0.00345429942704024
0.0886413641699409,1.017423759841,2089.91995997999,0.00219043995026712
0.0807850247715284,1.00867425853989,2095.6228114057,0.00181686958041514
0.0967423160933779,1.00867425853989,2084.81740870435,0.00282069220870685
0.0933361633952457,1.017423759841,2086.91845922961,0.00193058787348879
0.0970146318979458,1.00867425853989,2084.66733366683,0.00154349838009618
0.099614934616332,1.00288309926358,2083.16658329165,0.00219444367757265
0.0856078593914747,1.00288309926358,2091.87093546773,0.0012692396486673
0.0986636434567055,4.44285270778494,2098.7743871936,0.00350246299415648
0.0798023877962602,1.00288309926358,2096.3731865933,0.00176451819545757
0.0975644365779725,1.00867425853989,2084.3671835918,0.00232431909469409
0.0825423297387591,1.0232988843187,2094.42221110555,0.00130302003806783
0.09279697637793,1.01449885892793,2087.21860930465,0.00217961408025218
0.0970291804884365,1.01158236655188,2084.66733366683,0.00247936324490686
0.0957042968227714,1.00867425853989,2085.41770885443,0.00155225123493806
0.0937182084988377,1.01158236655188,2086.61830915458,0.00112915973131995
0.0997310170092818,2.73123512958793,2093.2216108054,0.00355432647547621
0.0966752183393618,1.00577451078852,2084.81740870435,0.00132580465180859
0.0948733578931093,1.00577451078852,2085.86793396698,0.00116648787285898
0.0787867396733125,1.00867425853989,2097.27363681841,0.00147360237801657
0.0833352639161386,1.01158236655188,2093.67183591796,0.00181364835540949
0.0840189853093988,1.017423759841,2093.2216108054,0.00163524788606477
0.0996123898052473,1.00288309926358,2083.16658329165,0.00191557212468169
0.0902321114624567,1.017423759841,2088.86943471736,0.00241698323431341
0.093374183811604,1.00577451078852,2086.7683841921,0.00207356902713006
0.0864803583347036,1.017423759841,2091.42071035518,0.00130705774670791
0.0812842293141568,1.05318733137807,2095.77288644322,0.00170827716453385
0.095696510937784,1.00867425853989,2085.41770885443,0.0021924338698386
0.0775273435120986,1.00288309926358,2098.32416208104,0.0016623590222175
0.0865545711765445,1.00867425853989,2091.27063531766,0.00212563465287753
0.0963942671686293,1.03217524340486,2085.26763381691,0.00284120732392179
0.0875220194397198,1.00288309926358,2090.52026013007,0.00180076921616705
0.0922841941871554,2.63090415150101,2097.87393696848,0.00285264197313827
0.0945741026461026,1.00288309926358,2086.0180090045,0.00210631867062538
0.0978161474298947,1.00867425853989,2084.21710855428,0.0017593468933431
0.0931352918940198,1.02035709353375,2087.06853426713,0.00222453558242692
0.0999601015335216,1.00577451078852,2083.01650825413,0.00294787347488012
0.0811545350746913,1.04413027541975,2095.77288644322,0.00118039232239023
0.0867029984779579,1.00577451078852,2091.12056028014,0.00132276254044646
0.0925961190741442,1.017423759841,2087.36868434217,0.00126004012533626
0.0843638620890348,1.01449885892793,2092.92146073037,0.00181404293460148
0.0983073439545133,1.00577451078852,2083.91695847924,0.00258557304422306
0.09173711501635,1.0232988843187,2087.96898449225,0.00126479534855949
0.0851603430173527,1.669381663546,2098.17408704352,0.00226751774243443
0.0841462032563074,1.02624915657849,2093.2216108054,0.00151068039012503
0.0959625091403183,1.00867425853989,2085.26763381691,0.00104604111983418
0.0800173323478765,1.00577451078852,2096.22311155578,0.00151656617032829
0.0960090950646368,1.01158236655188,2085.26763381691,0.00123020240838948
0.0827393970570921,1.01158236655188,2094.12206103052,0.00129830459146349
0.0836096428896176,1.00577451078852,2093.37168584292,0.00211330715799561
0.0876510525388233,1.0232988843187,2090.67033516758,0.00216137179454056
0.0919610615585344,1.00867425853989,2087.66883441721,0.00206845686202062
0.0915119135018545,1.01158236655188,2087.96898449225,0.00260599336981825
0.0980397828621141,1.00577451078852,2084.06703351676,0.00164116673838336
0.0863128050474146,1.02035709353375,2091.5707853927,0.00186590775801393
0.0995380628345708,1.01158236655188,2083.31665832916,0.00254648309602586
0.0907482521031912,1.02035709353375,2088.56928464232,0.00167161214022091
0.0969758244362193,1.00867425853989,2084.66733366683,0.00212318853885097
0.0789743200470516,1.00867425853989,2097.12356178089,0.00119829845144229
0.0948526305552496,1.00577451078852,2085.86793396698,0.0016297541446938
0.0994446458671952,1.14489244934213,2084.51725862931,0.0034363074689506
0.0947217600633175,1.01158236655188,2086.0180090045,0.00171066508340196
0.081514833261654,1.05622377499757,2095.6228114057,0.00107047610004176
0.0893331505818299,1.00577451078852,2089.31965982992,0.00137550484226944
0.0878283318137877,1.00867425853989,2090.37018509255,0.00217682256606102
0.083278451726293,1.00867425853989,2093.67183591796,0.00108874520265556
0.0934016939699977,1.00867425853989,2086.7683841921,0.00129401318212325
0.0861183293650722,1.00867425853989,2091.5707853927,0.00101975534588973
0.0965120001983949,1.01158236655188,2084.96748374187,0.00101490614097511
0.0944670979438391,1.01158236655188,2086.16808404202,0.0021444020494127
0.0944859294848166,1.02624915657849,2086.31815907954,0.00230119671142894
0.087749735600893,1.00288309926358,2090.37018509255,0.00160565422573599
0.0784045825712568,1.00577451078852,2097.57378689345,0.00102398921165098
0.0951315091435831,1.00577451078852,2085.71785892946,0.00287059861496881
0.0914975842271658,1.0232988843187,2088.11905952976,0.00245373545535871
0.0926771109366467,1.00867425853989,2087.21860930465,0.00213242688964643
0.0814272516306497,1.05015961695978,2095.6228114057,0.00138760695339105
0.0910043740373567,1.00867425853989,2088.26913456728,0.00246927977151995
0.0898892894896223,1.01158236655188,2089.01950975488,0.00125335452668949
0.0945683343498259,1.00288309926358,2086.0180090045,0.00226274804866181
0.0833995988442383,1.04112859832463,2093.971985993,0.00191745302216934
0.0921554678207403,1.00577451078852,2087.51875937969,0.00237440044286243
0.0888267529535837,1.01449885892793,2089.76988494247,0.00140493603744878
0.0964579810733018,1.00867425853989,2084.96748374187,0.002447644838999
0.0864325642944575,1.01449885892793,2091.42071035518,0.0021568850378705
0.0811126050615506,1.04112859832463,2095.77288644322,0.00164083055202395
0.0857307880476072,1.0232988843187,2092.02101050525,0.00138597922725526
0.0867174456410775,1.00577451078852,2091.12056028014,0.0018142876774487
0.0768393199173271,1.00288309926358,2098.92446223112,0.00158709152536936
0.0814005250917244,1.0232988843187,2095.32266133067,0.0013051883453716
0.0835285491869893,1.01158236655188,2093.52176088044,0.00115788816397997
0.0949262746991708,1.00867425853989,2085.86793396698,0.00267479645433186
0.0947356188136959,1.01158236655188,2086.0180090045,0.00185764313651204
0.0980448812682998,1.00577451078852,2084.06703351676,0.00126236943075531
0.0817901954498818,1.01158236655188,2094.87243621811,0.00127438639373283
0.0920609144922519,1.01449885892793,2087.66883441721,0.00181328659607128
0.0999051929082441,1.00288309926358,2083.01650825413,0.00264721533671132
0.0863355136491345,1.92229906736858,2098.92446223112,0.00235421527532085
0.0850736883274561,1.02035709353375,2092.47123561781,0.00169495394769989
0.0917368659395992,1.0232988843187,2087.96898449225,0.00269902511170988
0.076914534444413,1.00867425853989,2098.92446223112,0.00142678797755624
0.0919310685033906,1.02035709353375,2087.81890945473,0.00120624187193129
0.0904223921524226,1.01449885892793,2088.71935967984,0.00236466759638176
0.0997734089362701,1.01158236655188,2083.16658329165,0.00222423907007642
0.098005327147396,1.00577451078852,2084.06703351676,0.00250288433514699
0.0862436311330139,1.53125056362849,2096.3731865933,0.00232629875373348
0.0874239817169603,1.75311720834914,2096.97348674337,0.00243534124347562
0.086295030758257,1.00577451078852,2091.42071035518,0.00221576775490029
0.0955740424486608,1.00288309926358,2085.41770885443,0.00217930532631917
0.0918708389939089,1.00288309926358,2087.66883441721,0.00235481715089967
0.0991289603695393,1.00577451078852,2083.46673336668,0.00284461168922378
0.0891593885677746,1.00867425853989,2089.46973486743,0.00122444590406881
0.0992244049110968,1.01158236655188,2083.46673336668,0.00137565595979804
0.0893794286496504,1.00867425853989,2089.31965982992,0.00247464708943863
0.0813127470524334,1.017423759841,2095.32266133067,0.00130991634129869
0.0799987673732,1.00577451078852,2096.22311155578,0.00120869940707583
0.0812779308615244,1.00288309926358,2095.17258629315,0.00120893299943223
0.0899819028262921,1.00288309926358,2088.86943471736,0.00177542659529339
0.0924499060519502,1.00867425853989,2087.36868434217,0.00124250116618818
0.0839242109660846,1.57597523020146,2098.47423711856,0.00218053678628462
0.097583748224956,1.01158236655188,2084.3671835918,0.00223391868443205
0.0789124163566725,1.00288309926358,2097.12356178089,0.00173349861634861
0.0975959562596367,1.01158236655188,2084.3671835918,0.00130443828490894
0.0978418607745015,1.01158236655188,2084.21710855428,0.00102824216149517
0.0890654580934523,1.47076025583445,2093.67183591796,0.00256407372350932
0.0937759991161693,1.01449885892793,2086.61830915458,0.00179001710622631
0.0887356346930561,1.0232988843187,2089.91995997999,0.00207927124788417
0.0960046964570891,1.01158236655188,2085.26763381691,0.00180135060801261
0.0989315356142727,1.00867425853989,2083.6168084042,0.00156263065476555
0.0930152352928456,1.00577451078852,2086.91845922961,0.00281852680224721
0.0987760795711754,1.00288309926358,2083.6168084042,0.00267858176468728
0.078033516059882,1.00288309926358,2097.87393696848,0.00125298974599531
0.0813117691483152,1.017423759841,2095.32266133067,0.00144092768428431
0.0946147035144815,1.01449885892793,2086.0180090045,0.00296344153587331
0.080442045731722,1.00867425853989,2095.92296148074,0.00126556778209857
0.0853827403933155,1.01449885892793,2092.17108554277,0.00140674509178082
0.0907591004082377,1.00867425853989,2088.4192096048,0.001254465701854
0.0925292728115387,1.78366310156055,2093.52176088044,0.00283177401509631
0.0803247893713909,1.00288309926358,2095.92296148074,0.00186492419174474
0.0885494433231238,1.01158236655188,2089.91995997999,0.00242480936234685
0.0961664502732604,1.00577451078852,2085.11755877939,0.00112070824422613
0.0812708149484838,1.01449885892793,2095.32266133067,0.00191799731942425
0.0821040584663304,1.40859841962076,2098.62431215608,0.00205088486491224
0.0949093377327918,1.00867425853989,2085.86793396698,0.00135440175036915
0.0940821332092017,1.017423759841,2086.46823411706,0.00258163003580226
0.0945825844554936,1.017423759841,2086.16808404202,0.00145150761284412
0.0845914815139093,1.00288309926358,2092.62131065533,0.00150785528148472
0.0975866079738492,2.75492656923522,2094.57228614307,0.00337682116967402
0.0940290765701981,1.01449885892793,2086.46823411706,0.00191801985920584
0.0978689198140379,1.01158236655188,2084.21710855428,0.00258249414261631
0.0862536730552288,1.02920793476607,2091.72086043021,0.001891773051501
0.0777159308269335,1.00577451078852,2098.17408704352,0.00107229098044558
0.08395299920618,1.02624915657849,2093.37168584292,0.00152705232415003
0.097967134696919,1.00288309926358,2084.06703351676,0.00237658076775329
0.0905503448896506,2.012917411563,2096.22311155578,0.00268387186651772
0.0932981654146533,1.00288309926358,2086.7683841921,0.00245901045850913
0.0897887663464512,1.00577451078852,2089.01950975488,0.0012101989798081
0.0821062090413401,1.03217524340486,2094.87243621811,0.0018495734351509
0.0998911248493753,1.00288309926358,2083.01650825413,0.00334022585633718
0.0975932848031311,1.01158236655188,2084.3671835918,0.00308062067058902
0.0999792150878558,1.00577451078852,2083.01650825413,0.00333915551215366
0.0950776725098378,1.00288309926358,2085.71785892946,0.00201952764489539
0.0972501563876368,1.00867425853989,2084.51725862931,0.00298629937132135
0.0878742599762554,1.01158236655188,2090.37018509255,0.0021257346936561
0.0919375477589402,1.00867425853989,2087.66883441721,0.00128972461266596
0.0970627557848329,1.01158236655188,2084.66733366683,0.00313079516388358
0.0859650005170496,1.02624915657849,2091.87093546773,0.00227407306258087
0.0956039513509606,1.00288309926358,2085.41770885443,0.00109382112101338
0.0861831094560619,1.01158236655188,2091.5707853927,0.00189642030083775
0.0831037241063035,1.035151107089,2094.12206103052,0.00203135484153624
0.0964966967384029,1.00867425853989,2084.96748374187,0.00131620704024253
0.0873826455557852,1.02035709353375,2090.8204102051,0.00170744702659669
0.0997306413838058,1.00867425853989,2083.16658329165,0.00322345075100951
0.0872435268801815,1.01158236655188,2090.8204102051,0.00127666841527129
0.0999771261555918,1.00577451078852,2083.01650825413,0.00252972661212271
0.0891519949503,2.39246014169509,2099.22461230615,0.00257896814452624
0.0909156228929823,1.00288309926358,2088.26913456728,0.00261513082766982
0.098585567653193,1.00577451078852,2083.76688344172,0.00107631240173052
0.081524249795123,1.04413027541975,2095.47273636818,0.00174559354781977
0.0997226406211687,1.00867425853989,2083.16658329165,0.00120856109046299
0.0865171929459253,1.02035709353375,2091.42071035518,0.00161368951972437
0.0857562980321572,1.01158236655188,2091.87093546773,0.00149259060330136
0.0999930127118781,1.00577451078852,2083.01650825413,0.00284384081316262
0.0946797812758832,1.00867425853989,2086.0180090045,0.00130462900966935
0.0989332350013706,1.01158236655188,2083.6168084042,0.00173835195837132
0.0994332765308287,1.00577451078852,2083.31665832916,0.00148320598314996
0.0991879019220644,1.00867425853989,2083.46673336668,0.0024138949626382
0.0911673798886848,1.017423759841,2088.26913456728,0.00202080832557969
0.0871210478682332,1.017423759841,2090.97048524262,0.00206910435610908
0.0841243245994434,1.01158236655188,2093.07153576788,0.00168017958214293
0.0815612279336098,1.05926897298544,2095.6228114057,0.00103608918643918
0.0986899566799172,1.06538573309788,2084.21710855428,0.00334208775816537
0.0957555217030997,1.01158236655188,2085.41770885443,0.00165595262943152
0.08708932459618,1.00288309926358,2090.8204102051,0.00210492365252231
0.08648508457203,1.017423759841,2091.42071035518,0.00179648887022129
0.094039191453289,1.02920793476607,2086.61830915458,0.002166564896785
0.0805359888145354,1.00288309926358,2095.77288644322,0.00128726251640076
0.0784209760999917,1.00577451078852,2097.57378689345,0.00124233945472545
0.0959405769242904,1.00867425853989,2085.26763381691,0.00128628500539479
0.0948196263024978,1.00288309926358,2085.86793396698,0.00192572177272069
0.0846041479672818,1.02920793476607,2092.92146073037,0.00186471867378842
0.0993996484537688,1.31834782642385,2086.0180090045,0.00344364256934242
0.0973421101528528,1.01158236655188,2084.51725862931,0.00294465633956352
0.0862149926281331,1.01449885892793,2091.5707853927,0.00112854892303776
0.0861136121601075,1.02035709353375,2091.72086043021,0.00112085951125543
0.0873165325843653,1.00288309926358,2090.67033516758,0.00212234065977526
0.0962629960329658,1.01158236655188,2085.11755877939,0.0028716496028629
0.0826094616237147,1.00288309926358,2094.12206103052,0.00182883307403537
0.0840608306816447,1.02035709353375,2093.2216108054,0.00125311943786289
0.0850522904213545,1.03217524340486,2092.62131065533,0.00177656937773431
0.0900024599304199,1.017423759841,2089.01950975488,0.00251219114119313
0.0996542987848382,1.00288309926358,2083.16658329165,0.00142351902217852
0.0923446065263405,1.00288309926358,2087.36868434217,0.00145208826891691
0.0895078861911099,1.00288309926358,2089.1695847924,0.00166473279648609
0.0819783159227455,1.01158236655188,2094.72236118059,0.00101810304232784
0.0879331499809028,1.01449885892793,2090.37018509255,0.00138341159439207
0.0948376615746901,1.017423759841,2086.0180090045,0.00218214723880816
0.0997453572626266,1.00867425853989,2083.16658329165,0.0030202992850998
0.0907727178534046,1.00867425853989,2088.4192096048,0.0011504237313485
0.0995436716866131,1.01158236655188,2083.31665832916,0.00172782189138591
0.0889534309185619,1.00867425853989,2089.61980990495,0.00189859397700934
0.0856698448568717,1.00577451078852,2091.87093546773,0.00211429311522642
0.0880640748940432,1.00867425853989,2090.22011005503,0.00176845021149134
0.0779076162532673,1.00577451078852,2098.024012006,0.00140732730896346
0.0984140137078449,1.01158236655188,2083.91695847924,0.00222273695198249
0.0975402784628363,1.00867425853989,2084.3671835918,0.00246806779842597
0.0842310799047891,1.00577451078852,2092.92146073037,0.00209720007448528
0.0856967563159917,1.02035709353375,2092.02101050525,0.00145762657641769
0.097056499351576,1.01158236655188,2084.66733366683,0.00279041620243955
0.0936548722552457,1.00867425853989,2086.61830915458,0.00248350509775148
0.0777425536725241,1.00867425853989,2098.17408704352,0.00128237595455549
0.0993530389685229,1.00288309926358,2083.31665832916,0.0025593956028274
0.0829195705281022,1.0232988843187,2094.12206103052,0.00149674959079153
0.0959728793904127,1.00867425853989,2085.26763381691,0.00275996402596961
0.0885381233732882,1.01158236655188,2089.91995997999,0.00231908126859357
0.0912196492402293,1.02035709353375,2088.26913456728,0.00198963641079086
0.0888254185792055,1.01449885892793,2089.76988494247,0.00158091212474319
0.0903496119524507,1.01158236655188,2088.71935967984,0.00154786866050598
0.0929241249418241,1.00867425853989,2087.06853426713,0.00109868265640377
0.0950477689610737,1.02920793476607,2086.0180090045,0.00259912619997606
0.0964453122786332,1.02035709353375,2085.11755877939,0.00240932662379774
0.0970818842157588,1.01158236655188,2084.66733366683,0.00288992290881097
0.0974953838892807,1.00577451078852,2084.3671835918,0.00251392636789503
0.095579843429179,1.00288309926358,2085.41770885443,0.00147942467556306
0.0826601881061757,1.04413027541975,2094.57228614307,0.00134650823242461
0.0803324780186655,1.00288309926358,2095.92296148074,0.00138550398859939
0.0975692117706101,1.01158236655188,2084.3671835918,0.00101665344192133
0.0903046535050396,1.00867425853989,2088.71935967984,0.00153409318568062
0.0955386040777263,1.26262771749805,2087.81890945473,0.00307171366851985
0.0985310647134126,1.00288309926358,2083.76688344172,0.00317940359160269
0.0988882244555852,1.00867425853989,2083.6168084042,0.00124196812823524
0.0774384336949966,1.00867425853989,2098.47423711856,0.00140832681692432
0.0789440572292141,1.00577451078852,2097.12356178089,0.00171828216382171
0.0859149928605957,1.00867425853989,2091.72086043021,0.00113005273888234
0.0832854194533703,1.00867425853989,2093.67183591796,0.00139201347852412
0.0822370258192486,1.04112859832463,2094.87243621811,0.00172798100357685
0.0762177301163911,1.00577451078852,2099.52476238119,0.00156398347270158
0.0999731359892913,1.00577451078852,2083.01650825413,0.00263917849214605
0.086434516099171,1.01449885892793,2091.42071035518,0.00184379168251382
0.0918336027328054,1.01449885892793,2087.81890945473,0.00227576830344786
0.0863010106262667,1.03217524340486,2091.72086043021,0.00166153726693147
0.0996646997093895,1.00577451078852,2083.16658329165,0.00256134862184004
0.0951111564576917,1.00577451078852,2085.71785892946,0.00118382909772301
0.0953090646728759,1.00288309926358,2085.56778389195,0.00102630312224337
0.0965294471817298,1.01158236655188,2084.96748374187,0.00296882499193084
0.0809317988645089,1.00577451078852,2095.47273636818,0.00157485834215971
0.0990999959813128,1.00288309926358,2083.46673336668,0.00133687966706757
0.0813737941423135,1.05926897298544,2095.77288644322,0.00159079348278444
0.0763430944389135,1.00288309926358,2099.37468734367,0.0015393616744627
0.0990846198733144,1.00288309926358,2083.46673336668,0.00159024498419995
0.0995172971991565,1.01158236655188,2083.31665832916,0.00233668994762908
0.0890574654853082,1.00288309926358,2089.46973486743,0.00140951863637784
0.0946588449824702,1.00867425853989,2086.0180090045,0.00123520698366142
0.0980086764188817,1.00577451078852,2084.06703351676,0.00250652550230539
0.0861727972637271,1.01158236655188,2091.5707853927,0.00133654491706652
0.0929777136716012,1.01158236655188,2087.06853426713,0.00103170672002976
0.0951549418131682,1.00867425853989,2085.71785892946,0.00193148201059279
0.0931659410454754,1.00867425853989,2086.91845922961,0.00205662873364807
0.081224409207269,1.01158236655188,2095.32266133067,0.00165764773502168
0.0878346882215259,1.00867425853989,2090.37018509255,0.00148970069101409
0.097570435194608,1.01158236655188,2084.3671835918,0.00319285968778518
0.0920025467050453,1.01158236655188,2087.66883441721,0.00188477076650445
0.0921013033104372,1.00288309926358,2087.51875937969,0.00245680631574831
0.094618030821681,1.00577451078852,2086.0180090045,0.00118920483037695
0.0918633225103779,1.00288309926358,2087.66883441721,0.00243807688635634
0.0961287488203329,1.00288309926358,2085.11755877939,0.00295134832725201
0.0772313898135278,1.02920793476607,2098.92446223112,0.00109431481451757
0.0775891378458231,1.00867425853989,2098.32416208104,0.00142659424576307
0.0943442426730803,1.00577451078852,2086.16808404202,0.00121522659582061
0.0818647118170203,1.02920793476607,2095.02251125563,0.00177737812494685
0.0758825293027836,1.00577451078852,2099.82491245623,0.001193007001139
0.0780463335677531,1.00577451078852,2097.87393696848,0.00137340153294241
0.0980509578370818,1.00577451078852,2084.06703351676,0.00205810217168201
0.0905167088579583,1.02035709353375,2088.71935967984,0.00144398335568745
0.0962761845707279,1.01158236655188,2085.11755877939,0.00249548876835148
0.0794958781319064,1.00867425853989,2096.67333666833,0.00172642388378013
0.0880655036245772,1.00867425853989,2090.22011005503,0.00199652828837095
0.099162734145287,1.00867425853989,2083.46673336668,0.00188621042480078
0.0982411157340474,1.00288309926358,2083.91695847924,0.00150965138585395
0.0941821177820967,1.0232988843187,2086.46823411706,0.0024951416937284
0.0868856969634655,1.00288309926358,2090.97048524262,0.00105498662433752
0.0982407372801632,1.00288309926358,2083.91695847924,0.00292764691864387
0.084610910161458,1.017423759841,2092.77138569285,0.00155712394804945
0.0964765055207127,1.00867425853989,2084.96748374187,0.00268876715832294
0.0848762394298637,1.00867425853989,2092.47123561781,0.00212225196086941
0.0958364614298962,1.00288309926358,2085.26763381691,0.00278134507357857
0.0930558707056013,3.22758151346831,2099.52476238119,0.00293008563382223
0.0986346150968019,1.00867425853989,2083.76688344172,0.00178960823025353
0.0892037442154707,1.01158236655188,2089.46973486743,0.00182808328289752
0.0974294422519341,1.00288309926358,2084.3671835918,0.00144073549550045
0.0951573063842171,1.00867425853989,2085.71785892946,0.00147643280108889
0.0790827465341316,1.00288309926358,2096.97348674337,0.00171512355582132
0.0891134955526232,1.00577451078852,2089.46973486743,0.00140141700928692
0.099226976088241,3.25557838997471,2095.32266133067,0.0035145455552313
0.0899916925783772,1.00288309926358,2088.86943471736,0.00194288486356331
0.0877239389047921,1.01449885892793,2090.52026013007,0.00122009928150274
0.0881908192488478,1.00288309926358,2090.07003501751,0.00154143320175194
0.0969667473613997,2.33798763817471,2093.37168584292,0.00327486958743528
0.0953445363061053,1.00288309926358,2085.56778389195,0.00131535372799556
0.0858737386145617,1.00577451078852,2091.72086043021,0.00201450919760645
0.0967108115920956,1.00867425853989,2084.81740870435,0.00307115228768101
0.0826648722585283,1.04413027541975,2094.57228614307,0.00171838243209585
0.0831215655322253,1.0232988843187,2093.971985993,0.00119554070326815
0.0884935214468509,1.00867425853989,2089.91995997999,0.00135319360365685
0.0789195709331442,1.00577451078852,2097.12356178089,0.00114944090785275
0.0919199497927896,1.00577451078852,2087.66883441721,0.00182008474558739
0.0816282658237288,1.03813555048354,2095.32266133067,0.001874034134271
0.0773624057202586,1.00577451078852,2098.47423711856,0.00172438156654175
0.0873147655617445,1.00288309926358,2090.67033516758,0.00110558274154184
0.076929086546866,1.00867425853989,2098.92446223112,0.0015690190343913
0.0762599345903709,1.00867425853989,2099.52476238119,0.00139547870747613
0.0916398443789349,1.017423759841,2087.96898449225,0.00164405263343093
0.0809069943773983,1.00288309926358,2095.47273636818,0.0015912026303738
0.0915960211956454,1.00288309926358,2087.81890945473,0.00242595637738756
0.0994176959045813,1.00577451078852,2083.31665832916,0.00171243813052598
0.0897532972336308,1.00288309926358,2089.01950975488,0.00172834521767438
0.0958554672021268,1.00288309926358,2085.26763381691,0.00237207188688956
0.0975764480887835,1.01158236655188,2084.3671835918,0.00242096091708797
0.0969875669258701,1.00867425853989,2084.66733366683,0.00265923261657513
0.0784206699353846,1.00577451078852,2097.57378689345,0.00123840660795397
0.0959877320761799,1.01158236655188,2085.26763381691,0.00161223344918302
0.0926205938236437,1.00577451078852,2087.21860930465,0.00269036930101716
0.096880894066597,1.00288309926358,2084.66733366683,0.00139750622119574
0.0955670032008826,1.00288309926358,2085.41770885443,0.00167878090413595
0.0932325118546738,1.01158236655188,2086.91845922961,0.00233736347066765
0.0929115893842362,1.00867425853989,2087.06853426713,0.00179188589786474
0.0770387368327636,1.00577451078852,2098.7743871936,0.00114140749865174
0.0914809662510942,1.00867425853989,2087.96898449225,0.00210562766419349
0.084362160803661,1.01449885892793,2092.92146073037,0.00151994428771901
0.095371832496334,1.00577451078852,2085.56778389195,0.00215471086615307
0.0994454497732499,1.00867425853989,2083.31665832916,0.0012304140518557
0.0862288207700661,1.01449885892793,2091.5707853927,0.00169574821066394
0.0800505411825021,1.00867425853989,2096.22311155578,0.00162476372184965
0.0894032661062872,1.00867425853989,2089.31965982992,0.00215652620522737
0.0936548323733418,1.00867425853989,2086.61830915458,0.00163562901091135
0.0861393240106006,1.035151107089,2091.87093546773,0.00150863303162158
0.088041680860083,1.02035709353375,2090.37018509255,0.00232238670711874
0.0928251914732436,1.00288309926358,2087.06853426713,0.00240695726859952
0.0949572935923389,1.01158236655188,2085.86793396698,0.00183164300816833
0.0829881021947405,1.01449885892793,2093.971985993,0.00118791584169034
0.0988467449762385,1.00577451078852,2083.6168084042,0.00154199534137225
0.089384898197883,1.00867425853989,2089.31965982992,0.00210552932112428
0.0987764835368116,1.00288309926358,2083.6168084042,0.0018165217063207
0.0940436485864787,1.00288309926358,2086.31815907954,0.00219952707938721
0.082912642694994,1.035151107089,2094.27213606803,0.00139157219234821
0.0988583379721245,1.00577451078852,2083.6168084042,0.00178660190969611
0.0980489466987272,1.00577451078852,2084.06703351676,0.00141992702943751
0.0960940738718665,2.03623175886238,2092.47123561781,0.00318757400626413
0.0856950234956538,1.02035709353375,2092.02101050525,0.00166743851049745
0.0809752000955865,1.00867425853989,2095.47273636818,0.00110943793141469
0.0974580203562318,1.00577451078852,2084.3671835918,0.00277358091332095
0.093082164015205,1.00288309926358,2086.91845922961,0.00255020448237636
0.0875499952044664,1.017423759841,2090.67033516758,0.00196230669071185
0.0916529432756924,1.00577451078852,2087.81890945473,0.00167033856109318
0.0978172585642284,1.00867425853989,2084.21710855428,0.0019296956979549
0.0978819651432763,1.01158236655188,2084.21710855428,0.00188126376602997
0.0923918934656471,1.00577451078852,2087.36868434217,0.00105113225452964
0.0792396977418452,1.00288309926358,2096.82341170585,0.00127076101724625
0.0943791278793005,1.00577451078852,2086.16808404202,0.00174691485152862
0.078794531209822,1.00867425853989,2097.27363681841,0.00118532848597806
0.0975798310678046,1.01158236655188,2084.3671835918,0.0015267397409319
0.0994138575992063,1.00577451078852,2083.31665832916,0.00332081731361548
0.0782871421405456,1.00867425853989,2097.72386193097,0.0013928773639183
0.095221723931164,1.01158236655188,2085.71785892946,0.00147742897303045
0.0833128837722784,1.0232988843187,2093.82191095548,0.00134103302073572
0.0907172375170975,1.00577451078852,2088.4192096048,0.00228843278397698
0.0758375221486481,1.00288309926358,2099.82491245623,0.00152739756634206
0.0949824693178885,1.01158236655188,2085.86793396698,0.00252278207065027
0.094530194624442,1.01449885892793,2086.16808404202,0.00155753137335351
0.0950495241076539,1.02920793476607,2086.0180090045,0.00173503599082631
0.0811404537041266,1.0684573459204,2096.07303651826,0.00138835806852973
0.0952109511023913,1.01158236655188,2085.71785892946,0.00225671810024038
0.0901088542495071,1.0232988843187,2089.01950975488,0.00164285523735339
0.0891332330987688,1.00577451078852,2089.46973486743,0.00214391112289491
0.0941467328433359,1.00867425853989,2086.31815907954,0.00289981056824334
0.0943525606306891,1.00577451078852,2086.16808404202,0.00229426142459141
0.0949843956016983,1.01158236655188,2085.86793396698,0.00135793592311705
0.0967294899674692,1.00867425853989,2084.81740870435,0.00136257416533032
0.0904132823363627,1.08707389011608,2089.46973486743,0.00260935225476781
0.0967245655483368,1.00867425853989,2084.81740870435,0.00124495346509075
0.0986787989748367,1.01158236655188,2083.76688344172,0.00125756001912548
0.0858147132860806,1.00288309926358,2091.72086043021,0.00214181190579989
0.0904799319071951,1.00577451078852,2088.56928464232,0.00232222393348973
0.093038649009696,1.01449885892793,2087.06853426713,0.00106190500581706
0.0940590730359063,1.00288309926358,2086.31815907954,0.00158347773890783
0.095560827477936,1.02920793476607,2085.71785892946,0.00197694854743547
0.0919484402337587,1.00867425853989,2087.66883441721,0.00210998432392388
0.0914655163304616,1.00867425853989,2087.96898449225,0.00117154904605725
0.0917665023588425,1.01158236655188,2087.81890945473,0.00167836583102451
0.0893062252419144,1.00288309926358,2089.31965982992,0.00116204656480923
0.0844467540284761,1.03217524340486,2093.07153576788,0.00103897240743729
0.0904195723126918,1.01449885892793,2088.71935967984,0.00162072853978883
0.0974537594279523,1.00288309926358,2084.3671835918,0.00101962456772844
0.0997627349480044,1.00867425853989,2083.16658329165,0.00320999998862103
0.0863146760223967,1.02035709353375,2091.5707853927,0.00183621653741844
0.0958327831175824,1.00288309926358,2085.26763381691,0.00155750629892777
0.0801850166748851,1.00577451078852,2096.07303651826,0.001580953967079
0.0924983756819653,1.01158236655188,2087.36868434217,0.00228522697029986
0.0939047917999644,1.07462716439149,2087.06853426713,0.00290966792327801
0.0919110301456643,1.00577451078852,2087.66883441721,0.00157396944960666
0.0887427701986944,1.00288309926358,2089.61980990495,0.00248221428301213
0.0925053405043781,1.02624915657849,2087.51875937969,0.00233101197612334
0.0794251218053981,1.00288309926358,2096.67333666833,0.00152320274490618
0.097795430995238,1.00867425853989,2084.21710855428,0.00239336429836636
0.0929240960709585,2.58584894057531,2097.27363681841,0.00289368066779068
0.085307118177297,1.035151107089,2092.47123561781,0.00136216141151021
0.0947299882534265,1.01158236655188,2086.0180090045,0.00150404458375971
0.0942358499509426,1.02624915657849,2086.46823411706,0.00131552494107136
0.0868821945438508,1.00288309926358,2090.97048524262,0.00109896489814918
0.078284130478122,1.00867425853989,2097.72386193097,0.00164350408800651
0.0927966850107929,1.01449885892793,2087.21860930465,0.00189483835500914
0.0978093135961006,1.00867425853989,2084.21710855428,0.00217873182891578
0.0820698785756142,1.017423759841,2094.72236118059,0.00150425475493975
0.0951995127840784,1.0232988843187,2085.86793396698,0.00274302133388809
0.091973664317798,1.0232988843187,2087.81890945473,0.00157363297304602
0.0991325227912337,1.00577451078852,2083.46673336668,0.00166953278120982
0.0992565024399024,1.01158236655188,2083.46673336668,0.00316962974111847
0.0817242830736824,1.03217524340486,2095.17258629315,0.00156442685962652
0.0982638361457929,1.00288309926358,2083.91695847924,0.00106688832432636
0.0998949810889185,1.00288309926358,2083.01650825413,0.00227273008230609
0.0994439893843248,1.00867425853989,2083.31665832916,0.00286068280330669
0.0871328452839927,1.00577451078852,2090.8204102051,0.00132552617354598
0.0935345752159852,1.01449885892793,2086.7683841921,0.00268445725230286
0.0884157370925697,1.017423759841,2090.07003501751,0.00200920953634931
0.0996963078599382,1.00577451078852,2083.16658329165,0.00308240202173199
0.0905770033424678,1.01158236655188,2088.56928464232,0.0011304410528187
0.086813942735598,1.01158236655188,2091.12056028014,0.00160150816914273
0.0908360056610614,1.01158236655188,2088.4192096048,0.00122274031664425
0.0977213631132076,1.00288309926358,2084.21710855428,0.00302679267156972
0.0968735686946783,1.00288309926358,2084.66733366683,0.00250306894007204
0.0876002822961524,1.02035709353375,2090.67033516758,0.00221685955010737
0.0998932259720823,1.00288309926358,2083.01650825413,0.00179154209309731
0.0900057776221052,1.017423759841,2089.01950975488,0.00252856844417283
0.0963844907892097,1.00288309926358,2084.96748374187,0.0012687663651866
0.0993848740130463,1.00577451078852,2083.31665832916,0.00191817279444916
0.0975530848275459,1.00867425853989,2084.3671835918,0.00159672818974564
0.0950456918595238,1.02920793476607,2086.0180090045,0.0028418213058826
0.0796343079806042,1.00577451078852,2096.52326163082,0.00109193455842229
0.0897760624227741,1.017423759841,2089.1695847924,0.00100526101152609
0.082926569046191,1.0232988843187,2094.12206103052,0.00132663224683018
0.0941553103131589,1.00867425853989,2086.31815907954,0.002071805491937
0.0788065613636774,1.00867425853989,2097.27363681841,0.00169829877506336
0.0944108503548006,1.00867425853989,2086.16808404202,0.00135722552482968
0.0947006282369619,1.01158236655188,2086.0180090045,0.00126028965754239
0.0869846781532175,1.00867425853989,2090.97048524262,0.00137643684818208
0.099911631460302,1.00288309926358,2083.01650825413,0.00198471634034292
0.0860574154265915,1.017423759841,2091.72086043021,0.0020382024995767
0.0857453884112752,1.01158236655188,2091.87093546773,0.00163858229586288
0.0860707549303117,1.00577451078852,2091.5707853927,0.00140090758001528
0.0980258533092494,1.00577451078852,2084.06703351676,0.00281724828987194
0.0938784009021205,1.00577451078852,2086.46823411706,0.00182744491170553
0.0885778327454369,1.46231609576324,2093.971985993,0.00252219471324288
0.0968728117615767,1.00288309926358,2084.66733366683,0.00300843500019495
0.0997695583006807,1.00867425853989,2083.16658329165,0.00231097375330814
0.0939038986191112,1.54898606893921,2090.97048524262,0.00296570654793062
0.0800221995616142,1.00577451078852,2096.22311155578,0.00147204050109252
0.086742702826369,1.02035709353375,2091.27063531766,0.00186127799214447
0.0942392158353166,1.02624915657849,2086.46823411706,0.00261058427061148
0.0964497013383601,1.00867425853989,2084.96748374187,0.00296716467904979
0.0900332647703956,1.00577451078852,2088.86943471736,0.00221818942409862
0.090036657728898,1.00577451078852,2088.86943471736,0.0025063079027848
0.0816567862091664,1.00288309926358,2094.87243621811,0.00191214784382135
0.0827265880969626,1.0232988843187,2094.27213606803,0.00101829475692886
0.0858151440468318,1.00288309926358,2091.72086043021,0.00203960866407614
0.0797808057217193,1.00288309926358,2096.3731865933,0.0013808171831901
0.0967752569459229,1.01158236655188,2084.81740870435,0.00298001192574
0.0893072443323611,1.00288309926358,2089.31965982992,0.00140580269181524
0.0982485297937623,1.00288309926358,2083.91695847924,0.00264003586728781
0.0816642823081012,1.04112859832463,2095.32266133067,0.00171654233229181
0.0842941311108997,1.035151107089,2093.2216108054,0.00120274605470425
0.0913009882207307,1.01158236655188,2088.11905952976,0.00235407212259865
0.0830056987608926,1.04112859832463,2094.27213606803,0.00169843043541107
0.0877174740855203,1.01449885892793,2090.52026013007,0.00180380006323297
0.0994228831086224,1.00577451078852,2083.31665832916,0.00198390548335035
0.0927330336279352,1.01158236655188,2087.21860930465,0.00222575517662214
0.093201654088842,1.03813555048354,2087.21860930465,0.00206846923858407
0.0804143806440551,1.00867425853989,2095.92296148074,0.00157607998329946
0.0954925618099021,1.01158236655188,2085.56778389195,0.00252396580543739
0.084779258093373,1.01449885892793,2092.62131065533,0.00177495343236448
0.0775396610845156,1.00577451078852,2098.32416208104,0.00139092389760646
0.0825315708919224,1.035151107089,2094.57228614307,0.00111526403648233
0.0937104422853478,1.01158236655188,2086.61830915458,0.00196132646856928
0.0803812488931689,1.00577451078852,2095.92296148074,0.00120684445527462
0.0973292724074691,1.01158236655188,2084.51725862931,0.0016616803434478
0.0979951319997227,1.00288309926358,2084.06703351676,0.00316386131863152
0.0876777557496424,1.01158236655188,2090.52026013007,0.00227663722995491
0.0950699593461951,1.00288309926358,2085.71785892946,0.00235850192351117
0.0992129924653365,1.01158236655188,2083.46673336668,0.00161183873454458
0.0779444172341932,1.00867425853989,2098.024012006,0.00165341152388299
0.0828198096949434,1.02920793476607,2094.27213606803,0.00187242863556138
0.0973190949832652,1.01158236655188,2084.51725862931,0.00243507276787145
0.0937799356349822,1.01449885892793,2086.61830915458,0.00250970668260452
0.0873110865033706,1.00288309926358,2090.67033516758,0.00113514070520929
0.09769673523008,1.00288309926358,2084.21710855428,0.00306689778403061
0.0892168546714186,1.01158236655188,2089.46973486743,0.0016990860712944
0.0866789397106564,1.017423759841,2091.27063531766,0.00222108049347625
0.0935730555755289,1.00288309926358,2086.61830915458,0.00155929319916461
0.0962579383471792,1.01158236655188,2085.11755877939,0.00117089311525525
0.0898473223528436,1.00867425853989,2089.01950975488,0.00146684326807279
0.0958357071324143,1.00288309926358,2085.26763381691,0.00290685448417323
0.0917522136194521,1.01158236655188,2087.81890945473,0.00102866811452784
0.094813646745236,1.00288309926358,2085.86793396698,0.00121016134545943
0.0944039625633221,1.77853540743712,2092.17108554277,0.00301133098637115
0.0945588143263606,1.00288309926358,2086.0180090045,0.00234203704784012
0.0941977190222061,1.01158236655188,2086.31815907954,0.00198074056452239
0.0926638658528761,1.035151107089,2087.51875937969,0.00199789506171124
0.0956811856616699,1.00867425853989,2085.41770885443,0.00174307874684031
0.0963489443255844,1.00288309926358,2084.96748374187,0.00229618442142843
0.0946815872931808,1.00867425853989,2086.0180090045,0.00230546790806938
0.0896563589199082,1.01158236655188,2089.1695847924,0.00129033802976948
0.0799924244972416,1.00577451078852,2096.22311155578,0.0011663374992049
0.0949021830174807,1.00867425853989,2085.86793396698,0.00168056286925575
0.077194431951722,1.00577451078852,2098.62431215608,0.00107579326644887
0.0819567283228231,1.035151107089,2095.02251125563,0.00108809980677422
0.0794580087674395,1.00577451078852,2096.67333666833,0.00150534998697531
0.0957172230692128,1.03813555048354,2085.71785892946,0.00168586887811635
0.0918487124324784,1.00288309926358,2087.66883441721,0.00120998376388172
0.0943613007257568,1.00577451078852,2086.16808404202,0.00275278473623411
0.096542111612429,1.01158236655188,2084.96748374187,0.00277287035784601
0.0784002759655711,1.00577451078852,2097.57378689345,0.00117327529029129
0.0875928425864409,1.02035709353375,2090.67033516758,0.00142612472357996
0.0974134008738591,1.00288309926358,2084.3671835918,0.00264101854580448
0.0865786665542242,1.0232988843187,2091.42071035518,0.00195520518010193
0.0983881400701105,1.01158236655188,2083.91695847924,0.0023211933320012
0.0812968354323931,1.04112859832463,2095.6228114057,0.00135173694280253
0.0784507100397666,1.00867425853989,2097.57378689345,0.00175419244368483
0.0930230412825771,2.70774742833384,2097.57378689345,0.00293817515745549
0.0997628799833104,1.00867425853989,2083.16658329165,0.00255609252800921
0.0980676227475867,1.00867425853989,2084.06703351676,0.00141985066578147
0.0974947110784385,1.00577451078852,2084.3671835918,0.00313197890400206
0.076562460626673,1.02920793476607,2099.52476238119,0.00121123703790981
0.0941917666840421,1.03813555048354,2086.61830915458,0.00163041253368161
0.086910422506505,1.017423759841,2091.12056028014,0.00102544106567731
0.0835819419592653,1.00288309926358,2093.37168584292,0.00197430817880444
0.0994015749042474,1.00577451078852,2083.31665832916,0.00303100116403095
0.0864443194413883,1.00288309926358,2091.27063531766,0.00226918501816692
0.0911240305873732,1.00288309926358,2088.11905952976,0.00260954049451425
0.0896342208200429,1.00867425853989,2089.1695847924,0.00239338107293615
0.0791774449330564,1.00867425853989,2096.97348674337,0.00130401352650301
0.0984053659394856,1.01158236655188,2083.91695847924,0.00196791876938837
0.0987909042120309,1.00288309926358,2083.6168084042,0.00207311491806702
0.0923057384193327,1.01449885892793,2087.51875937969,0.00252050952688816
0.0929987948470669,1.02624915657849,2087.21860930465,0.00250788634101004
0.087540421840995,1.017423759841,2090.67033516758,0.00214079462089607
0.0860107623072411,1.01449885892793,2091.72086043021,0.00178896578253438
0.0897232616873846,1.01449885892793,2089.1695847924,0.00186270535043447
0.0865402434897244,1.00867425853989,2091.27063531766,0.0018733819155628
0.0964686049537166,1.00867425853989,2084.96748374187,0.00177667714696661
0.097041570637349,2.27818714703702,2093.07153576788,0.00327464816284044
0.0794952745824311,1.00867425853989,2096.67333666833,0.00109471750227782
0.0981502075533444,1.4920846013006,2087.96898449225,0.00335021588097501
0.0953757644195186,1.00577451078852,2085.56778389195,0.00227167060954419
0.0904748679725833,1.00577451078852,2088.56928464232,0.00138462330387792
0.0785660717870567,1.00577451078852,2097.42371185593,0.00147617467268088
0.0938182368811213,1.00288309926358,2086.46823411706,0.00147670430435898
0.0813493566841648,1.03217524340486,2095.47273636818,0.00190548843644092
0.0877275955862192,1.01449885892793,2090.52026013007,0.001021582432092
0.0902414805637613,1.017423759841,2088.86943471736,0.00207496585909291
0.0991721901089301,1.00867425853989,2083.46673336668,0.00140976553860209
0.0985438156297096,1.00288309926358,2083.76688344172,0.00298708546722923
0.0844852241378731,1.00867425853989,2092.77138569285,0.00182087974708705
0.0890801193634384,1.00288309926358,2089.46973486743,0.00160827710357701
0.0982707360366539,1.00288309926358,2083.91695847924,0.00160780119198554
0.0831553308067871,1.03813555048354,2094.12206103052,0.00194295194607679
0.0909374982219553,1.017423759841,2088.4192096048,0.00152912383847564
0.0923090310168109,1.01449885892793,2087.51875937969,0.00230132806717327
0.0962642869036547,1.01158236655188,2085.11755877939,0.00234908458931835
0.0808826833417447,1.43727338940046,2099.97498749375,0.0019647395930488
0.0981284783448719,1.01158236655188,2084.06703351676,0.00203972715927687
0.0871135783083452,1.43314150019665,2094.87243621811,0.00239850757288131
0.0972917299925405,1.80432214140788,2090.52026013007,0.0032688296841718
0.0952869819760207,1.30325307163827,2088.26913456728,0.00306424217216352
0.095510040559782,1.02624915657849,2085.71785892946,0.00285979638715855
0.0872765437673683,1.01449885892793,2090.8204102051,0.00122555092555906
0.0851995525914052,1.00288309926358,2092.17108554277,0.00137420681095253
0.0970117219567674,1.8199732981517,2090.67033516758,0.00327748697369562
0.0831828356184787,1.01449885892793,2093.82191095548,0.00144483296323255
0.0964003163862467,1.00577451078852,2084.96748374187,0.00238784683694838
0.0774044962027406,1.00867425853989,2098.47423711856,0.00124273354758232
0.0919057688143841,1.00577451078852,2087.66883441721,0.00148875891013122
0.0891599013803055,1.00867425853989,2089.46973486743,0.00229610773591583
0.0891199755486355,1.00577451078852,2089.46973486743,0.00151031520202284
0.081884842851613,1.00577451078852,2094.72236118059,0.00172495436504304
0.0936145459588318,1.00577451078852,2086.61830915458,0.00133711677579586
0.0842245002875611,1.00577451078852,2092.92146073037,0.00114414617547496
0.0981558676806159,1.01158236655188,2084.06703351676,0.00243623089515841
0.0986454836461703,1.00867425853989,2083.76688344172,0.00321325114899956
0.0959816156727072,1.01158236655188,2085.26763381691,0.00284768447262504
0.0878299804849152,1.00867425853989,2090.37018509255,0.00109156687657497
0.0937188196927952,1.01158236655188,2086.61830915458,0.00110650088088534
0.0955422432626338,1.83048275359669,2091.72086043021,0.00312211058800965
0.0936395164468252,1.035151107089,2086.91845922961,0.00214645696751709
0.0779221563772805,1.00867425853989,2098.024012006,0.00101457432835069
0.0963440321319798,1.00288309926358,2084.96748374187,0.00100059656872517
0.0834427895045001,1.04413027541975,2093.971985993,0.00186549334261747
0.0869639113788192,1.00867425853989,2090.97048524262,0.00131579847583887
0.0835888269505827,1.00288309926358,2093.37168584292,0.00188567135290255
0.0776695680884778,1.00288309926358,2098.17408704352,0.00156521681851198
0.0968835622593878,1.00288309926358,2084.66733366683,0.00220803976034587
0.0915094365236574,1.01158236655188,2087.96898449225,0.00262855257162156
0.0817830277773298,1.01158236655188,2094.87243621811,0.00179818182603051
0.0926118516915126,1.03217524340486,2087.51875937969,0.00158746508047499
0.0879338634735407,1.01449885892793,2090.37018509255,0.00203433450828217
0.0798249026429085,1.00577451078852,2096.3731865933,0.00148412658173564
0.0838132153093423,1.017423759841,2093.37168584292,0.00103970689444555
0.0853487957842335,1.01158236655188,2092.17108554277,0.00186639955032694
0.0957206262711146,1.4920846013006,2089.46973486743,0.00311124719157147
0.0986777074352771,1.01158236655188,2083.76688344172,0.00228692153109548
0.090650201902879,1.01449885892793,2088.56928464232,0.00113709889313636
0.0865002300450962,1.00577451078852,2091.27063531766,0.00205316892354694
0.081087597475041,1.00288309926358,2095.32266133067,0.00144413073884972
0.0911162862900041,1.01449885892793,2088.26913456728,0.00245115945071626
0.0903358284370932,1.0232988843187,2088.86943471736,0.00164588853192671
0.091489499369081,1.00867425853989,2087.96898449225,0.00145513241182942
0.0967840671182967,1.01158236655188,2084.81740870435,0.00193767055413576
0.0990617262785938,1.00288309926358,2083.46673336668,0.00169426863459579
0.0845268636206126,1.01158236655188,2092.77138569285,0.00149529935980279
0.0939336334779948,1.0232988843187,2086.61830915458,0.00132377854552232
0.0956597513117711,1.00577451078852,2085.41770885443,0.00235658758177507
0.0979940275161202,1.00288309926358,2084.06703351676,0.00133302222466204
0.0996247263495832,1.00288309926358,2083.16658329165,0.00281496302252266
0.0995255541272337,1.01158236655188,2083.31665832916,0.00262088894919991
0.0910124087149845,1.00867425853989,2088.26913456728,0.00255001280096243
0.0966371411727111,1.00288309926358,2084.81740870435,0.00134008976924965
0.0940646349387008,1.00288309926358,2086.31815907954,0.00108618400720496
0.0881650842293212,1.01449885892793,2090.22011005503,0.00114786973081681
0.0911681368123631,1.017423759841,2088.26913456728,0.00197485191815242
0.080012324385478,1.00577451078852,2096.22311155578,0.00107637849796807
0.0786438681021695,1.00867425853989,2097.42371185593,0.00149947997188047
0.0891630400224972,1.00867425853989,2089.46973486743,0.00235866767879645
0.0977839729706204,1.00867425853989,2084.21710855428,0.0032179364235392
0.0893408211365904,1.00577451078852,2089.31965982992,0.00245179144912147
0.0994313370355484,1.00577451078852,2083.31665832916,0.00195649916101052
0.0860297006544921,1.00288309926358,2091.5707853927,0.00202478936155874
0.0902460176148332,1.00577451078852,2088.71935967984,0.00146660070386782
0.0908823050325986,1.01449885892793,2088.4192096048,0.0024657723796552
0.0949750836136807,1.01158236655188,2085.86793396698,0.00103883342530166
0.0808430290322008,1.25899790157518,2098.32416208104,0.00195878907920499
0.0846656564842349,1.02035709353375,2092.77138569285,0.00100933042733198
0.0870839339218209,1.00288309926358,2090.8204102051,0.00185963169105471
0.0848311213187816,1.02035709353375,2092.62131065533,0.00219711828111774
0.0933025408671411,1.78880557933512,2092.92146073037,0.00292632651221157
0.0981406772698594,1.01158236655188,2084.06703351676,0.00314772699086036
0.0991756389739432,1.00867425853989,2083.46673336668,0.00140296686901483
0.0984053606034269,1.01158236655188,2083.91695847924,0.00227031348787328
0.0893955411761587,1.00867425853989,2089.31965982992,0.00234322320920784
0.0827488402783321,1.28833114804146,2096.97348674337,0.00209096846726501
0.0944957205772862,1.77342245446464,2092.02101050525,0.00303584231611569
0.0872344590274124,1.01158236655188,2090.8204102051,0.00188312716664892
0.0907995314543467,1.09966477838038,2089.31965982992,0.00264711753741767
0.0978803278086071,1.01158236655188,2084.21710855428,0.00127848098372936
0.0853409993742086,1.01158236655188,2092.17108554277,0.00108448835432477
0.092015605857045,1.01158236655188,2087.66883441721,0.00262828919854104
0.0973419123785124,1.01158236655188,2084.51725862931,0.00183774226167459
0.0946855602116535,1.00867425853989,2086.0180090045,0.00208509157984449
0.0982773006027796,1.00577451078852,2083.91695847924,0.00307295076538576
0.0978460470489295,1.01158236655188,2084.21710855428,0.0017059172241861
0.0797696007939109,1.00288309926358,2096.3731865933,0.00123664832283959
0.0886721376926392,1.00577451078852,2089.76988494247,0.00243266151647447
0.0970028923693951,1.00867425853989,2084.66733366683,0.0013946862161281
0.0951573168516498,1.00867425853989,2085.71785892946,0.00214265400633432
0.0798465310532791,1.00577451078852,2096.3731865933,0.00126127160197304
0.0949417435696288,1.0232988843187,2086.0180090045,0.00111713601073585
0.0837119770956587,1.0232988843187,2093.52176088044,0.00106479762840991
0.080545383110792,1.00577451078852,2095.77288644322,0.00131493213868091
0.0931715351352655,2.85998721049474,2098.17408704352,0.00292309116952436
0.0941414593346331,1.035151107089,2086.61830915458,0.00189043588943992
0.0949169110784151,1.00867425853989,2085.86793396698,0.00115387947979159
0.0957643743801848,3.02078648791353,2096.82341170585,0.00318768721918829
0.0954965157386035,1.01158236655188,2085.56778389195,0.00224957868244439
0.0845579370177732,1.02624915657849,2092.92146073037,0.00112710662954625
0.092929775932238,2.66904925964653,2097.57378689345,0.00290608180435194
0.0981386405076341,1.01158236655188,2084.06703351676,0.00320864361041482
0.0870009139669776,1.0232988843187,2091.12056028014,0.0023393368992631
0.0909840636988917,1.02035709353375,2088.4192096048,0.00229580923083658
0.0874342888028187,1.0232988843187,2090.8204102051,0.00150691857700966
0.0947967119191193,1.00288309926358,2085.86793396698,0.00295150046490459
0.0787988377150009,1.00867425853989,2097.27363681841,0.00128903844712097
0.0938746318236418,1.00577451078852,2086.46823411706,0.00259834439294966
0.0956570780212416,1.00577451078852,2085.41770885443,0.00211426819065387
0.0853395122747839,1.01158236655188,2092.17108554277,0.00215386234545034
0.0950884339333342,1.00288309926358,2085.71785892946,0.00162930530931773
0.0964871845866135,1.72806227717372,2090.52026013007,0.00320322676127718
0.0941364683645042,1.035151107089,2086.61830915458,0.00281479454415723
0.0825873686338627,1.02624915657849,2094.42221110555,0.00173740965042786
0.0971940512096326,1.00577451078852,2084.51725862931,0.00156627104351255
0.0868849214143513,1.00288309926358,2090.97048524262,0.00109437116502435
0.0948418805230613,1.017423759841,2086.0180090045,0.00289555755137584
0.0875398527521668,1.017423759841,2090.67033516758,0.00144016734768044
0.096436936313759,1.00577451078852,2084.96748374187,0.00228918419803574
0.0928568153292114,1.03217524340486,2087.36868434217,0.00253595979018794
