0.0685500241910424,2.36429929483371,2058.70435217609,0.0330621746173265
0.0862561663929737,2.46071840828763,2053.45172586293,0.0464852788301742
0.0681309867887099,3.95271571283336,2068.00900450225,0.0440881632588818
0.0937568277125859,3.07453145119498,2054.50225112556,0.063152472955169
0.0337516687026895,1.1,2054.35217608804,0.00508973653727246
0.0944494762515268,7.70986273161707,2065.30765382691,0.10860314196389
0.0977641181647859,3.22744084539362,2054.05202601301,0.0698033035657974
0.0967577447356549,4.95282021809367,2059.45472736368,0.0926712632952701
0.0320961695509202,2.06739873972354,2086.0180090045,0.0105810496846943
0.0842531516298756,2.30432003757216,2053.00150075038,0.0424398581019969
0.08229562902162,4.57228857827938,2063.50675337669,0.0661187024908545
0.0894698738131341,2.37783861946827,2052.10105052526,0.0470333735464501
0.0930629483391997,5.52040719177953,2061.85592796398,0.0915827517641769
0.0672977970519612,3.73332968686678,2067.55877938969,0.0420311450290913
0.0852024883703324,2.30432003757216,2052.70135067534,0.042971567468261
0.0902292658428279,4.40569196686568,2060.05502751376,0.0766536172222191
0.0833386498063334,2.87912034358476,2056.60330165083,0.0507407073047609
0.095566150811012,7.6878815611784,2064.85742871436,0.111438853784221
0.0798987891599653,6.22371231188418,2068.75937968984,0.071125824859895
0.0358910178505675,1.1,2052.85142571286,0.00368811726519866
0.0915555899335096,2.73489404418948,2053.45172586293,0.0552557410748947
0.0727894827766485,1.90311641163684,2053.15157578789,0.0295479851546298
0.0642435873046872,1.59436488847441,2052.25112556278,0.0213524407797259
0.0994689519970923,3.33993359973916,2054.05202601301,0.0737229563679692
0.0198095352032467,1.1,2071.46073036518,0.00112181886953082
0.0378786521452596,1.65465412107951,2069.2096048024,0.0116030455207495
0.0131561552456571,1.1,2092.32116058029,0.00121312697057939
0.0765736242116428,3.20906391729309,2060.65532766383,0.0480258521158308
0.0404641501674696,1.1,2050.30015007504,0.00443874385455924
0.0834893677076604,7.09721158965675,2068.75937968984,0.0815849753183169
0.0627528886224775,4.84097532841822,2074.91245622811,0.0412303970160198
0.0378904167401309,1.1,2051.65082541271,0.00247924014746681
0.074066513785322,2.23945932144497,2055.70285142571,0.0351168287239295
0.0736772320316042,2.02649023080632,2054.05202601301,0.0318804562316885
0.0193108176938164,1.1,2072.51125562781,0.00321192672729953
0.060152739021152,4.38060612071494,2075.06253126563,0.036852068047146
0.0792880744227158,2.82214994983042,2057.65382691346,0.0464180942715585
0.0595084146364827,6.81911928654524,2083.76688344172,0.0406994822113414
0.0896179236777907,6.51461715374576,2065.15757878939,0.0912157296264823
0.0919292678684774,6.31319666590519,2063.80690345173,0.0953666722767944
0.0666832762797241,4.41828870957735,2070.71035517759,0.044474538999698
0.0961780134028802,3.57681860996835,2055.70285142571,0.0741593457926979
0.0897332388676478,5.38036150303456,2062.75637818909,0.0842154773886274
0.0751913785129269,3.51606702777443,2062.60630315158,0.0493011868846115
0.0660774696010911,4.33086212872399,2070.86043021511,0.0432656280881136
0.0906073788827875,4.19695949988935,2059.30465232616,0.0750833660419063
0.0912790769234071,4.48181473572415,2059.90495247624,0.0790554290485882
0.0739458573179978,1.82854599488715,2052.10105052526,0.0289027855038791
0.0457315161549392,5.09626710418737,2092.92146073037,0.0238946264490467
0.0634646267336074,7.53575813894876,2082.11605802901,0.0471001535660513
0.0769347976839737,3.57681860996835,2062.15607803902,0.0517071319596989
0.0994842843189454,2.56839221845836,2050.90045022511,0.0573027593942835
0.045250045333671,2.12727612240018,2070.56028014007,0.0171651140534699
0.0993992058186306,3.41709873272244,2054.35217608804,0.0749924779881447
0.0976418889371445,7.57891218295399,2063.95697848924,0.116023220742127
0.0805980736266675,3.56662093690583,2060.65532766383,0.0557737357567037
0.0414648005928031,1.14485939027731,2051.50075037519,0.00919030471239256
0.0626939460199789,2.04392238427935,2058.40420210105,0.026103160793333
0.0493419411746919,1.96944971323423,2065.00750375188,0.0184388108211677
0.0615783412554497,4.54625413722128,2074.61230615308,0.0389797960244078
0.0532750906151737,1.30181848059981,2050.90045022511,0.0138976487292063
0.0910627355043265,6.0140906175269,2063.65682841421,0.0910175073496421
0.0826656669318725,3.39764189966745,2059.15457728864,0.0564608407027413
0.0911310529400726,2.60532048683325,2053.00150075038,0.0525583796358981
0.097705855893383,3.27384489569646,2054.20210105053,0.0706405766786821
0.0858137672229008,6.42227783049206,2066.50825412706,0.0831130786285473
0.0996700652422102,3.70148895917212,2055.25262631316,0.080202223680819
0.0974912849564086,2.87091184011475,2052.70135067534,0.0626109510484646
0.0963884803673188,3.29259279658316,2054.65232616308,0.0695143439955148
0.077371198868785,1.86014012020565,2051.35067533767,0.0308988320112522
0.0745289971426619,2.84642647991256,2059.6048024012,0.0424968142140591
0.0990802817261596,6.36750366996198,2061.55577788894,0.110931846692892
0.0907458790476278,3.03095250452391,2055.10255127564,0.0597230374826467
0.0305598708311933,1.1,2056.75337668834,0.00599151380475218
0.0826675025204479,7.36558518686128,2069.65982991496,0.080746701250069
0.0352064108845441,1.2086802484851,2058.10405202601,0.00821209129629579
0.0949063006863551,7.21983918174495,2064.4072036018,0.106955057050639
0.0837713525719114,4.96698130844082,2063.95697848924,0.0713481228708622
0.0979474208037914,7.75401379770222,2064.10705352676,0.117886269021552
0.0974585665117735,4.38060612071494,2057.80390195098,0.0873148465216649
0.0732893490496582,4.81341099500101,2068.45922961481,0.0544607014507113
0.0630044628848604,3.75470885942281,2070.11005502751,0.0377948348879914
0.0837987248029736,4.0556011405327,2061.25562781391,0.064192486197719
0.0864066690509114,2.31751588681121,2052.55127563782,0.0439214039446315
0.0690342158154964,4.78600361187276,2070.71035517759,0.0487210827618884
0.0669791030164842,2.52476856627454,2060.65532766383,0.0334902332867842
0.0849653740479594,5.79496028477088,2065.60780390195,0.0780259659958411
0.064844762655602,3.0051021935558,2065.00750375188,0.0354395671144067
0.092380486759465,3.14556478799882,2055.10255127564,0.0632117828134939
0.0683089041635941,4.8826180778385,2071.46073036518,0.0481402390117632
0.0738438956778084,4.9105787304373,2068.45922961481,0.0557534233495217
0.0714528796223979,3.47614031324007,2064.10705352676,0.0450369392849955
0.0765878045826642,5.47332488271493,2068.60930465233,0.0624252690930898
0.0688370608812726,1.84954855156553,2053.90195097549,0.026889998825782
0.0943063873930103,5.48897419860979,2061.40570285143,0.0935138283268125
0.0656949823534687,4.82717348686961,2072.96148074037,0.0445187497596249
0.0732097963366655,6.27724955896459,2072.51125562781,0.0596663258956715
0.0923567378314781,2.76630685378413,2053.45172586293,0.0565454538617809
0.0733347515480102,4.7587522853644,2068.15907953977,0.0546008738214135
0.0661734894405646,2.36429929483371,2059.75487743872,0.0314356405764768
0.0940883917571405,3.18169453421804,2054.8024012006,0.0653143693449972
0.0894987967627137,6.15303891946655,2064.4072036018,0.0893298921534036
0.0942045503307786,2.36429929483371,2050.90045022511,0.0495217920726829
0.0822486954244312,2.11516349130204,2052.25112556278,0.037906095893299
0.038934808544247,1.1,2051.05052526263,0.00674785261925567
0.0353907346656429,1.1,2053.15157578789,0.00617970668545677
0.0710457104952734,2.75841998672107,2060.50525262631,0.0387186341925957
0.0513593940254135,2.76630685378413,2072.21110555278,0.0236499863779506
0.0818920035450583,5.86152081000249,2067.10855427714,0.0728260885335105
0.0525251184880555,2.85456497490604,2072.06103051526,0.0248059640273442
0.079037229374033,2.61276961221489,2056.60330165083,0.0435185572448356
0.097635960761595,5.55202018817461,2060.50525262631,0.100371152369162
0.0838071500389471,3.48607928434492,2059.15457728864,0.0586022286536544
0.0828599646300659,2.17021918370868,2052.4012006003,0.0392586403038382
0.0966723575908462,2.45370278782627,2050.90045022511,0.0529344923319443
0.0884797048488447,3.30200696911832,2056.90345172586,0.0614440308589362
0.0953837230619676,5.94579758517769,2062.0060030015,0.0993402113473238
0.0803066972397054,3.93020909662063,2062.15607803902,0.0585356246508121
0.0986518436589528,3.0051021935558,2053.00150075038,0.0662560935113441
0.0450112415508465,3.58704544019047,2085.11755877939,0.0212119262709138
0.0710571155772084,6.40396762335729,2074.012006003,0.0567732066101333
0.0373109746241781,1.1,2051.95097548774,0.00748727160569787
0.0880385785601543,2.90388694099229,2055.25262631316,0.0551649113012024
0.0791960991186344,2.53922682937203,2056.00300150075,0.0426572057815174
0.066319580111836,6.04853072645486,2076.26313156578,0.0487352216799966
0.0390934100210513,2.12727612240018,2076.86343171586,0.0140221631689334
0.036684626094823,1.44686836056378,2065.00750375188,0.0101231769845899
0.0994114170063537,4.9246190440357,2058.55427713857,0.0973592146860792
0.087654743794068,4.95282021809367,2062.45622811406,0.07741998779425
0.0826153985862619,2.65791377090027,2055.70285142571,0.0469408954078701
0.0317623141398811,1.1,2055.85292646323,0.00414535299805103
0.0959791012967528,3.37829585309602,2055.10255127564,0.0705622621263764
0.0634736164811678,4.77235849719631,2074.16208104052,0.0418315575025891
0.0625615634838534,4.06719690448821,2071.91095547774,0.038470285342361
0.095872879684578,7.91054312005742,2065.00750375188,0.113754039491857
0.0862013495421413,3.37829585309602,2057.95397698849,0.0599956382803577
0.0229174833264448,1.1,2065.75787893947,0.00315108756923918
0.0823102325886178,2.02649023080632,2051.50075037519,0.0362194536354325
0.0967636048755019,7.77618405325504,2064.55727863932,0.115009584203573
0.0991683689790651,2.68844239023807,2051.50075037519,0.0599204176867067
0.0998114204773524,4.52036793530198,2057.50375187594,0.0928160533598263
0.0753631204169801,5.28897708863523,2068.75937968984,0.0596561420384394
0.0846054031257168,3.97535121475189,2060.65532766383,0.0645953321462555
0.0975306482138484,2.78214830271322,2052.25112556278,0.0608371502957545
0.0685166881499271,1.54948759419741,2050.30015007504,0.0221513947116885
0.0892034802033749,2.85456497490604,2054.8024012006,0.0553716240225358
0.0863252739455043,4.66458880516092,2062.15607803902,0.0730949926835133
0.0856232553485173,4.28168300485197,2061.25562781391,0.0687763111093161
0.067332020137155,7.51427334864795,2079.11455727864,0.0528491018771803
0.0881796771206256,3.19991472963955,2056.60330165083,0.059663844211405
0.0630385831605095,7.79841769794335,2083.01650825413,0.0468809334784032
0.0507622267358354,1.79748848976398,2061.55577788894,0.0179316141395869
0.0561035185800774,2.11516349130204,2062.60630315158,0.0230541500963464
0.0734741030687441,7.36558518686128,2074.61230615308,0.0631738706449382
0.0770229036105964,1.83901729092319,2051.20060030015,0.0304162140184779
0.0725796142038973,2.00347841211432,2054.20210105053,0.0309520217848164
0.0484175441734268,2.38463732930195,2070.86043021511,0.0201622416734804
0.0290900775486925,1.59436488847441,2079.26463231616,0.0081511769702713
0.0505136687114319,3.20906391729309,2076.4132066033,0.0245884790791836
0.0684527396290051,1.86545862787213,2054.20210105053,0.0269763490619522
0.0542876216808409,4.89657844641362,2082.26613306653,0.0317287127545117
0.0872467251647633,6.68418643746238,2066.35817908954,0.0874539181503374
0.0931450006723858,2.49609854576165,2051.95097548774,0.0517259463032709
0.0377469088245479,3.91900389115593,2098.32416208104,0.0165352157583307
0.0702526347649256,2.69612917754405,2060.35517758879,0.0376276477425498
0.0900350093069014,7.53575813894876,2066.65832916458,0.0977429331991883
0.0435998055586897,2.46775408779227,2076.4132066033,0.0176046705483473
0.0867846788509214,3.89668922880161,2059.6048024012,0.0667019976114484
0.0834643155286582,3.78700739217119,2060.50525262631,0.0611877575306803
0.0683996686307795,4.40569196686568,2069.65982991496,0.0465044673382288
0.0707452362805213,3.19079162673747,2063.05652826413,0.042243187133124
0.0933000098676708,3.16357808391141,2054.95247623812,0.064277392030991
0.08140116077912,3.7120722465239,2060.95547773887,0.0580263489613291
0.0601931009481321,2.02649023080632,2059.45472736368,0.0246042486521162
0.0986885574339623,7.15826280015886,2062.90645322661,0.116312639954599
0.0792312911802888,2.42583975507183,2055.25262631316,0.0410924390655123
0.0448970420050291,1.55391788499073,2061.10555277639,0.0136886028187463
0.0265408033606243,1.47186775375971,2079.41470735368,0.00694120410623315
0.0775386610372846,2.54648697994468,2056.60330165083,0.0415256685122885
0.095332297816896,7.03668107117278,2063.95697848924,0.106904048700061
0.0937553958303586,7.6878815611784,2065.45772886443,0.10714000536264
0.076709796320417,1.88150556488879,2051.80090045023,0.0310168766925735
0.07402902256674,6.04853072645486,2071.46073036518,0.060401053319907
0.0688245042484402,4.22099368087112,2068.75937968984,0.0461594148929693
0.0933622102313501,2.68077751831343,2052.85142571286,0.0556490490683884
0.0777027156735378,4.38060612071494,2064.85742871436,0.058431564068346
0.062533800222339,2.56839221845836,2063.20660330165,0.030566587976837
0.0858221900036853,5.71282150388027,2065.00750375188,0.0792886613346925
0.091361411948064,2.85456497490604,2054.20210105053,0.0572238146195804
0.0206617305052144,1.1,2069.65982991496,0.00173821384661989
0.0680737403481019,3.32091614208055,2065.00750375188,0.0405744547491091
0.093007931907401,4.54625413722128,2059.6048024012,0.0823178736747514
0.0919165578511375,6.27724955896459,2063.80690345173,0.0947541412680928
0.0923695834857831,6.57065680511724,2064.10705352676,0.0979290967275016
0.0669483817771087,1.93047936387307,2055.40270135068,0.0270943954551135
0.0603339463637653,3.56662093690583,2071.01050525263,0.0342178886742593
0.0804353309945251,2.15786203641709,2053.00150075038,0.0376130220554822
0.0335334309939448,1.1,2054.50225112556,0.00182396163210933
0.0932823092766424,2.93724079166727,2054.05202601301,0.0602669038286702
0.0987183867644564,4.7587522853644,2058.40420210105,0.0940993579157517
0.09538153410688,4.9246190440357,2059.75487743872,0.0902961109043711
0.0820925788157252,4.62480557828032,2063.80690345173,0.0660386678763196
0.0320650865078737,1.1,2055.55277638819,0.00521081209758338
0.0982373657719866,5.31926478442073,2059.75487743872,0.099633459428456
0.0136954018660911,1.1,2089.91995997999,0.00145113922389267
0.0792646726857752,4.07882582302107,2063.20660330165,0.0582547488861635
0.0916469809674284,3.04830946521005,2054.95247623812,0.0606794664652057
0.0900983333685572,2.11516349130204,2050.30015007504,0.0418898433366323
0.0601074669309615,1.94153438844839,2058.40420210105,0.0237551307780508
0.098298705020994,5.55202018817461,2060.20510255128,0.102162039105937
0.035162822437804,1.1,2053.30165082541,0.0040742503832431
0.0958428694208254,2.3241421220487,2050.30015007504,0.0495183688310754
0.0577076070543251,2.63524502323706,2066.50825412706,0.0275938228779201
0.0801630174412048,5.25886184986271,2066.35817908954,0.0670387633309577
0.0413370246584913,2.98799125346698,2084.66733366683,0.0175478950077961
0.0948816255945419,2.41892357524226,2051.05052526263,0.0510644456407053
0.0942827144166866,4.7587522853644,2059.75487743872,0.0863969632851653
0.0718369302086995,1.64523258207355,2050.60030015007,0.024936495287423
0.0875422717086741,4.33086212872399,2060.80540270135,0.0719475718870624
0.0399867863420751,1.1,2050.45022511256,0.00203724964376277
0.0947882642939621,3.19079162673747,2054.65232616308,0.0662789655307521
0.0963025047261614,4.9246190440357,2059.45472736368,0.0920462680660953
0.0905294275503756,3.80869395384642,2058.10405202601,0.0704468791715144
0.0548326824828522,3.25520374465991,2073.11155577789,0.0281673470894939
0.0359872169502008,1.1,2052.85142571286,0.00695949740921844
0.0908948961978639,4.73165612689532,2060.80540270135,0.0805633207790438
0.039684055214094,1.16464058864455,2053.30165082541,0.00896223079516202
0.0515830423760927,2.63524502323706,2070.86043021511,0.0232742581347229
0.0783765806017068,3.20906391729309,2059.90495247624,0.0499572321631802
0.0920951235925002,5.94579758517769,2063.05652826413,0.0931175446944387
0.0674900212982402,4.89657844641362,2072.06103051526,0.0469840328048557
0.0865368497587067,6.70329784548246,2066.8084042021,0.0855753974845797
0.0633740295097302,6.87777830801342,2080.61530765383,0.0460752279934954
0.0909802086818181,3.09213796975541,2055.25262631316,0.0609736694541358
0.0800104738704364,2.22670792338511,2053.60180090045,0.0385385323784116
0.0963317672619759,3.08332214331348,2053.90195097549,0.0656274771164898
0.0782974803959745,6.51461715374576,2070.26013006503,0.0690585273287518
0.0917274145245892,5.48897419860979,2062.30615307654,0.0885664105863191
0.0772926898631128,4.24516549526477,2064.55727863932,0.0569834112796214
0.0461911589493106,4.18499377685345,2087.51875937969,0.0231474299403872
0.0667377717395387,3.66991979386952,2067.55877938969,0.0411096315183533
0.0735505527915851,4.55925277491523,2067.40870435218,0.0538854068874239
0.0746921477586639,1.94708561838936,2053.00150075038,0.0311889118780869
0.0891827642045811,5.76196399650408,2063.80690345173,0.0858439255293511
0.0678243448558166,2.11516349130204,2056.90345172586,0.0298076154974045
0.0795365724559365,6.27724955896459,2069.05952976488,0.0706502928535201
0.0984381728837907,2.74271364594045,2051.95097548774,0.0605651194026091
0.0781617580385572,4.77235849719631,2065.90795397699,0.0612952239679586
0.0884485994143511,3.36866417747168,2057.2036018009,0.0622740377993712
0.0863545526026188,4.55925277491523,2061.85592796398,0.0722631686201907
0.0999363683687583,2.44670716921897,2050.15007503752,0.0546273228625068
0.0901440617217953,3.76544431297133,2058.10405202601,0.0694237118547492
0.0958233958023666,4.10218350327178,2057.50375187594,0.0812359388242715
0.078838810448127,3.21823926427955,2059.75487743872,0.050501974505056
0.0965899879976603,4.35566311243889,2057.95397698849,0.0856502902514185
0.0307475943209522,2.10913306367623,2089.31965982992,0.0100791948820498
0.0908112177371154,2.2716582022244,2051.20060030015,0.0456256980023218
0.098681959940932,3.23666873564385,2053.90195097549,0.0709029116079408
0.0928803134226023,4.41828870957735,2059.30465232616,0.0806666887375623
0.0972799151928519,2.46775408779227,2050.75037518759,0.0537117737819727
0.0608423438869312,4.67792578502157,2075.66283141571,0.0385451445720939
0.0772064141968904,2.77421627095644,2058.10405202601,0.0440564837643489
0.0178655813206886,1.1,2075.96298149075,0.00232335772399085
0.0771571036631648,1.80778193283313,2050.90045022511,0.0298225959123444
0.0828929236265025,3.95271571283336,2061.25562781391,0.0620398994727332
0.0965275113689238,3.64902340709828,2055.85292646323,0.0755388929115661
0.0581007005784356,2.55376788872047,2065.60780390195,0.0273125211209143
0.0971836195110965,4.58536165357771,2058.40420210105,0.0895256593690721
0.0652164428996116,5.14010590930432,2074.31215607804,0.0449081844387046
0.0987032867108105,3.49604667292942,2054.8024012006,0.0755777128968874
0.080009083239466,5.02403172267303,2065.75787893947,0.0656781614660644
0.0879221954105132,3.53620203057629,2057.95397698849,0.0639334822695957
0.0902962541532067,2.75055560547588,2053.90195097549,0.0545470396293539
0.0976152897221742,3.1545585784443,2053.90195097549,0.0682565391028682
0.0510708435894353,2.20142253180807,2066.8084042021,0.0207638380590952
0.0931115400156836,2.38463732930195,2051.35067533767,0.049293584958626
0.0826999475264519,2.46071840828763,2054.50225112556,0.044007227792882
0.0880623799699629,4.30620236088767,2060.50525262631,0.0723857140291337
0.066953022431597,3.20906391729309,2065.00750375188,0.038758562348982
0.0862207840228433,6.20596822410324,2065.90795397699,0.0827420460723371
0.0851883863537191,2.18888771381329,2051.95097548774,0.0408716031375966
0.094405950079898,2.3241421220487,2050.60030015007,0.0487574316176288
0.089828520214252,2.68844239023807,2053.75187593797,0.0530209028382353
0.0733080295123721,2.33745148383553,2056.75337668834,0.0358728880136599
0.0898133803920824,3.44649309576242,2057.05352676338,0.0648456526375559
0.0657372612725606,3.55645233787452,2067.55877938969,0.039504541777137
0.0171287578668555,1.1,2077.91395697849,0.00144888173831703
0.0943371703724417,3.02231112063516,2054.05202601301,0.062880511924464
0.0922770370584776,2.80608073301086,2053.75187593797,0.0571142423834844
0.0756483006447709,7.15826280015886,2072.96148074037,0.0664669396430952
0.0832620632796741,7.51427334864795,2069.65982991496,0.0823947137861397
0.0665650558562622,3.40735642831775,2066.35817908954,0.0394999042260167
0.0945266811785274,2.5610696150512,2051.95097548774,0.0540365404475231
0.0876699605179789,7.30276577043746,2067.25862931466,0.0912968169669666
0.0552577159280696,5.82814552858132,2084.81740870435,0.0342253250214364
0.0998408054712467,6.78029147502497,2062.0060030015,0.115891254021587
0.0517454894978364,2.02071261469223,2064.10705352676,0.0199900190571482
0.0181547382545976,1.1,2075.21260630315,0.00310619925903898
0.0841118170660014,2.1640317897917,2052.10105052526,0.0397780603843593
0.0664524888059324,2.60532048683325,2061.55577788894,0.0337343493121756
0.0971634319738343,2.47480988369298,2050.90045022511,0.0537795324329403
0.0210877641238168,1.39017525657422,2087.96898449225,0.00510608520906382
0.0379569123145248,1.1,2051.65082541271,0.00361615885387627
0.0727392052842409,5.61579031974782,2071.01050525263,0.0570830774911956
0.0548221253322042,1.30554063652464,2050.45022511256,0.0143714092819435
0.098932587080068,4.07882582302107,2056.60330165083,0.0851039865155873
0.078034223631234,4.26947573123761,2064.4072036018,0.058008611013031
0.0951765984447499,3.05702518349621,2054.05202601301,0.0641327701350924
0.0881239020981982,7.97859072257112,2068.15907953977,0.0949998336633513
0.0919675807460435,7.28194525201041,2065.60780390195,0.100416429682222
0.0892797446266508,4.99542507295732,2062.0060030015,0.0802868382548778
0.0821180701199459,7.95584339636854,2071.01050525263,0.0811785363794598
0.0529811326592715,7.53575813894876,2092.32116058029,0.0334720057665273
0.0877429989460583,3.65945668508362,2058.55427713857,0.0650491394303477
0.0863554994834038,2.68077751831343,2054.65232616308,0.0503080726200935
0.0420042269024704,2.11516349130204,2073.41170585293,0.0154348217249218
0.0898428879703994,5.2738979736265,2062.45622811406,0.0836861701512514
0.0376262992607774,1.81813432202117,2073.11155577789,0.0122332092854981
0.0656640395538069,3.83050470512799,2068.90945472736,0.0408075159785038
0.0983876898507353,4.36811681278352,2057.50375187594,0.0885096225896317
0.023534958316844,1.11581576790353,2065.90795397699,0.00488042495088445
0.0697178437694356,2.25228374127422,2057.35367683842,0.0326021211205165
0.0976114287821514,2.49609854576165,2050.90045022511,0.0544919436802457
0.0495672837091893,3.47614031324007,2079.26463231616,0.024559154356834
0.0588115476634592,3.1545585784443,2069.50975487744,0.0311491596145593
0.0875330963453445,2.09712373847947,2050.75037518759,0.040155481179312
0.0948263715275939,2.90388694099229,2053.45172586293,0.0611602984195428
0.0901185545607814,2.33078730300029,2051.65082541271,0.0464522373512257
0.0971554871587491,3.73332968686678,2056.00300150075,0.0776134424110748
0.0667790020858195,1.5672849047986,2051.05052526263,0.0218024873087074
0.0948868419921467,2.37105929306653,2050.75037518759,0.0500755915686346
0.0903936806816841,3.36866417747168,2056.60330165083,0.0644065959290899
0.0749439160846314,3.20906391729309,2061.25562781391,0.0464882523099899
0.0936569160441062,3.89668922880161,2057.50375187594,0.0754578404144591
0.0948937826989112,4.61162004655289,2059.15457728864,0.085901842980244
0.0473798191709542,2.68077751831343,2074.91245622811,0.020639535218707
0.0625495545797962,5.30409931780933,2076.71335667834,0.0420584369647014
0.0563038189067306,2.78214830271322,2068.60930465233,0.0273383211339508
0.0627861427125061,1.97508075859731,2057.65382691346,0.0254686158774218
0.077096701755061,1.78215811545008,2050.60030015007,0.0293375870843647
0.0187723781772445,1.1,2073.71185592796,0.00184263846765866
0.0731048174331052,2.0149514708253,2054.05202601301,0.0314233118565053
0.084436848323613,2.2651816010371,2052.70135067534,0.0418777461483507
0.0765711628104451,2.46071840828763,2056.45322661331,0.0397089616286903
0.0991506854899731,4.10218350327178,2056.60330165083,0.0857417871285677
0.0713066512604522,2.15170987329088,2056.00300150075,0.0322864469651786
0.0386632266529607,1.1,2051.20060030015,0.00741176680941117
0.092556836908285,3.19991472963955,2055.25262631316,0.0642261898165536
0.0472343873323399,2.39145547798865,2072.06103051526,0.019427818540691
0.082336970625009,6.477523166041,2068.15907953977,0.0766491727134682
0.0405250352016049,1.1,2050.30015007504,0.00387917017762441
0.0236722085224358,1.45515395303507,2084.66733366683,0.00601169227037088
0.0521494899053494,1.80262786405593,2060.80540270135,0.0185998054276869
0.042166271037863,1.71722312765254,2066.50825412706,0.0136669168163722
0.0725679495061067,2.25228374127422,2056.30315157579,0.0344072734536964
0.0671354355041175,1.56281650402188,2050.90045022511,0.0219008281683317
0.0939874013654498,7.19925509080609,2064.70735367684,0.104659472610712
0.0893759227502088,4.79968774062468,2061.40570285143,0.0790947397504444
0.0813096089069934,2.61276961221489,2055.85292646323,0.0452953873176252
0.0601532771783018,2.75055560547588,2065.90795397699,0.0300926395645864
0.0922084447120022,6.79967766631192,2064.70735367684,0.0982374564799576
0.056551704370569,1.44686836056378,2052.70135067534,0.0167064962340391
0.0926569827721289,6.89744323339303,2064.70735367684,0.0998989599005951
0.0513197958948591,1.74191331167575,2060.35517758879,0.0177357185982015
0.0408079579061559,3.24592301025325,2087.81890945473,0.0176848592745183
0.0886343276031213,2.97097774243445,2055.40270135068,0.056869047708836
0.0477011221288475,5.96279779376228,2093.971985993,0.0264979416048078
0.0538948548583028,1.64054194891227,2057.35367683842,0.0179329920065031
0.053670481320711,2.27815332129253,2065.90795397699,0.0226999041945636
0.0749482055410444,4.31851464318349,2065.90795397699,0.0543197931561713
0.0840338577107142,2.98799125346698,2056.90345172586,0.0527589654405692
0.0926706996358519,2.56839221845836,2052.4012006003,0.0528960475620623
0.0762811782847529,3.24592301025325,2060.95547773887,0.0480508331061002
0.0893236810770199,3.93020909662063,2059.00450225113,0.0701080549176207
0.0656390187481303,3.95271571283336,2069.50975487744,0.0413229193334718
0.0941712819758409,2.39829312110786,2051.05052526263,0.0502772388464779
0.0702182372945567,3.85244035719635,2066.50825412706,0.0459173538283313
0.0476100505988945,2.2716582022244,2070.26013006503,0.0191446162321088
0.0720649951320759,6.76096055465395,2074.31215607804,0.0590158820276621
0.0849844756803884,3.65945668508362,2059.45472736368,0.0617906164409748
0.0660722440921488,1.90855779700105,2055.55277638819,0.0264056139107211
0.064052448508526,2.97097774243445,2065.15757878939,0.0346342510192313
0.0780078202130166,5.69653398910422,2068.45922961481,0.0657153729102575
0.0937959088738823,4.09048799092675,2058.10405202601,0.0781112357035224
0.0654176266328018,7.88798980067452,2081.2156078039,0.050768595818497
0.0835460996498721,5.55202018817461,2065.60780390195,0.0742729709908643
0.0826048224004487,3.34948312897234,2059.00450225113,0.0557366598871449
0.0647203856715382,1.77201057344381,2054.50225112556,0.0240095687227819
0.0582286064378882,2.31090854327273,2063.35667833917,0.0258023008721808
0.0932686343577299,6.36750366996198,2063.50675337669,0.0980865607716837
0.0806948113423373,4.99542507295732,2065.45772886443,0.0662910642681436
0.0945862544584451,6.31319666590519,2062.90645322661,0.100804744695813
0.0796505826040435,1.87079234220152,2050.90045022511,0.0321165610662891
0.0807721202800456,2.35755856966429,2054.35217608804,0.0410611530469576
0.0861384388145782,6.08316805906607,2065.60780390195,0.0823251963921018
0.0750215717078715,1.88150556488879,2052.25112556278,0.0301909027410368
0.0829210301106485,3.37829585309602,2059.00450225113,0.0564494159134896
0.0854452361143046,3.54631272998303,2058.85442721361,0.0611197996024699
0.0912758214167398,3.10097900238478,2055.25262631316,0.0613478652338205
0.0680716813275478,2.35755856966429,2058.85442721361,0.0326312597181197
0.0808680379031436,2.71932165925039,2056.60330165083,0.0464355285446726
0.0774894915789935,3.23666873564385,2060.35517758879,0.0493400125568376
0.0972304418363547,3.51606702777443,2055.25262631316,0.074248833083932
0.0308299067565303,1.87079234220152,2083.91695847924,0.00956813044367357
0.0919870067048638,2.83021903343389,2053.90195097549,0.0572089352991956
0.0774692082250509,6.85816944823335,2071.31065532766,0.0690373147327692
0.0967277130934725,3.66991979386952,2055.85292646323,0.0762433519652942
0.0423067854434937,5.31926478442073,2099.22461230615,0.0211068198033593
0.0929371633097695,4.7587522853644,2060.20510255128,0.0840878068939474
0.0604749182656416,1.9920706805728,2058.85442721361,0.0244052479758132
0.0918894945352677,3.18169453421804,2055.40270135068,0.0631495526824609
0.09451759265858,6.74168474761895,2063.65682841421,0.103582046463215
0.0503273993985357,1.39813619203565,2054.50225112556,0.0141850975738693
0.0676498257345046,3.02231112063516,2063.65682841421,0.0380300171065199
0.0664627026818588,4.13747106169001,2069.80990495248,0.0430307746761269
0.07714711951132,2.37783861946827,2055.70285142571,0.03901192849586
0.0742354367938429,2.17021918370868,2055.10255127564,0.0342460460131533
0.0502528765653685,1.35490828359203,2053.45172586293,0.0136721576978408
0.0394045125955412,1.16132014518531,2053.30165082541,0.0088761112214837
0.0796276491295584,3.01369437372618,2058.55427713857,0.0489122726346501
0.0766013172292716,2.53922682937203,2056.90345172586,0.0408167034258006
0.0821604996859894,3.04830946521005,2057.80390195098,0.0517498535415966
0.0874646545606299,3.62824600357589,2058.55427713857,0.0642502476145417
0.0674577226262906,5.74553637423926,2074.61230615308,0.0496930537135879
0.0892191715748346,7.88798980067452,2067.55877938969,0.0972633719014244
0.0943639362591579,2.5610696150512,2051.95097548774,0.0538129774588273
0.0842896436599865,5.30409931780933,2064.70735367684,0.0740870493280513
0.094136338257499,3.76544431297133,2056.90345172586,0.0743305263378636
0.0208991569334482,1.43862994594777,2091.12056028014,0.00516020257973972
0.0843933831985848,1.96383472223842,2050.45022511256,0.036026545829125
0.087688301087881,2.5610696150512,2053.60180090045,0.049306442359163
0.0381537948933588,1.1,2051.50075037519,0.00231106479976527
0.0809633517238609,6.38570961945854,2068.60930465233,0.0736593550136366
0.0435380562887268,2.11516349130204,2071.91095547774,0.0162354127473998
0.0915772601386987,5.06724914889675,2061.40570285143,0.0848061733475114
0.0356821714759051,2.49609854576165,2087.21860930465,0.0132287602586002
0.0795579411920836,6.74168474761895,2070.11005502751,0.0721043154200761
0.0583603136363424,4.54625413722128,2077.1635817909,0.0353277680650343
0.0666626802020698,2.23307452073596,2058.40420210105,0.0304206286216492
0.0299334143792676,1.2833662777058,2066.50825412706,0.00722039821294434
0.0989458154925982,2.53922682937203,2050.90045022511,0.056284948667863
0.0722585346499136,6.83861649420725,2074.31215607804,0.0596703415087336
0.0745683583552644,3.91900389115593,2064.55727863932,0.0515292363513738
0.0929947352441483,2.40515031439804,2051.50075037519,0.0497009055809118
0.06441526545549,1.7319949220849,2054.05202601301,0.0233636211348821
0.0979005424141712,2.43973149543952,2050.60030015007,0.053412258834191
0.028973629095569,1.1,2058.25412706353,0.00574830715929659
0.0875388751935927,2.77421627095644,2054.8024012006,0.0526718170540143
0.0898849505053442,5.38036150303456,2062.75637818909,0.0842328431975978
0.0725787597531934,1.67844468975189,2050.75037518759,0.0257485619414787
0.0769971334159944,7.93316092383089,2073.71185592796,0.0706378701444976
0.0487676964180269,2.41892357524226,2071.01050525263,0.0204891465664419
0.0667843627362427,3.48607928434492,2066.65832916458,0.0401443531195003
0.0814912734645188,2.48188585350649,2054.95247623812,0.0434610105116452
0.0651298490647564,2.48898205491401,2061.25562781391,0.0318856568521325
0.0497119240669922,2.95406110570076,2075.21260630315,0.0231493350312461
0.0593931949863596,1.71232724616098,2055.85292646323,0.0209301911722858
0.086924150460339,4.29392518147046,2060.95547773887,0.0704994086167283
0.0938059853193611,2.83831118813966,2053.45172586293,0.0589849999057718
0.0628482110041505,1.84954855156553,2056.15307653827,0.024114349896734
0.0857763679894169,5.02403172267303,2063.35667833917,0.0749039774692016
0.0975137277810005,4.18499377685345,2057.2036018009,0.0847898273723823
0.0923282109223877,6.0140906175269,2063.20660330165,0.0935351547168339
0.0897477683703805,3.46622967859534,2057.2036018009,0.0649415506580718
0.0961903934329224,5.08173741413741,2059.90495247624,0.0931548233504473
0.0999052123397899,3.66991979386952,2055.10255127564,0.0800394699809203
0.0630976808163363,1.47607611411244,2050.90045022511,0.0191842114294311
0.0162185421682787,1.1,2080.61530765383,0.00120624055694399
0.0850657536102372,4.67792578502157,2062.75637818909,0.0709235181829168
0.0548175165972135,1.54948759419741,2055.40270135068,0.0173393136595434
0.0714386543439356,5.77843858858263,2072.21110555278,0.0556026108696376
0.0781565460829254,2.45370278782627,2055.85292646323,0.0407308157374764
0.0706171290299957,2.79808046880329,2060.95547773887,0.0387556164773208
0.0582249467409053,2.46775408779227,2064.85742871436,0.0268338988861032
0.0651147163025845,2.04976636170469,2057.35367683842,0.0275403947861893
0.0994627433757701,2.52476856627454,2050.60030015007,0.0562448639835236
0.087992032065827,3.26451101451762,2056.90345172586,0.060339079913339
0.0792654379764939,3.42686889229787,2060.65532766383,0.0528313178827675
0.0547492222291208,5.30409931780933,2083.31665832916,0.0330148369714544
0.0965800519322636,4.74518486546326,2059.00450225113,0.0902362171745138
0.0921722546511333,5.69653398910422,2062.60630315158,0.0910308540529418
0.0490063912087638,1.58076690958751,2059.00450225113,0.0154617618294836
0.0529618721918692,2.23307452073596,2065.75787893947,0.0220824166377893
0.084745470558488,7.53575813894876,2069.05952976488,0.0853229774829501
0.0674501847442427,1.78725365717671,2053.60180090045,0.0253757869463095
0.0981280497156221,7.3866448483668,2063.50675337669,0.116082590593003
0.0316703029036817,1.1,2055.85292646323,0.00131299900496387
0.0956233521073642,2.43973149543952,2051.05052526263,0.0519617531122437
0.0870672536513527,5.86152081000249,2064.85742871436,0.0823660504033957
0.0316304348705842,1.62191276762578,2076.11305652826,0.00914131161533956
0.0958848822007634,4.38060612071494,2058.25412706353,0.0848315856390342
0.0342395596751255,1.1,2053.90195097549,0.00697699593817527
0.0503981562753361,1.54066486948291,2057.35367683842,0.0156172092385209
0.061156399863536,7.55730435850465,2084.06703351676,0.0439454285945747
0.0797339852287295,2.71156874912082,2056.90345172586,0.0453949885121967
0.0471327546997652,3.13659663926028,2079.26463231616,0.0218093167684449
0.0783582976895226,7.73190675055959,2072.51125562781,0.0731558630383647
0.0883293334300852,2.85456497490604,2054.95247623812,0.0546451042983759
0.0874152300570175,2.81410387155249,2055.10255127564,0.0531835996059334
0.0581777983708211,4.00954774401774,2074.7623811906,0.0337658212868781
0.0755292055846663,2.21402913131141,2054.95247623812,0.0356422268481463
0.0631413294813372,5.55202018817461,2077.01350675338,0.0434784255069718
0.0630067837111496,2.48898205491401,2062.30615307654,0.0303470744205379
0.0883861485570156,6.93694192261966,2066.35817908954,0.091079398480818
0.0855200379787698,3.32091614208055,2057.95397698849,0.0585519705569637
0.0979894562502627,4.70471425294448,2058.40420210105,0.0923401872970689
0.0596252675983459,2.97947235406527,2067.85892946473,0.0309611564311343
0.0874647647830526,4.02101183222486,2059.90495247624,0.0686389040730354
0.0663434914859671,2.98799125346698,2064.10705352676,0.0366485622512182
0.0858676947202615,6.60828412909486,2066.8084042021,0.0842472496744684
0.0597657247607293,1.87079234220152,2057.80390195098,0.0228666376024127
0.099246126040054,6.57065680511724,2061.85592796398,0.112891971725216
0.0753902663527239,2.74271364594045,2058.55427713857,0.0423389579011231
0.0577941125065942,5.59977944530514,2081.66583291646,0.0367605168454735
0.074351564057061,4.86869751091118,2068.00900450225,0.0564639389021893
0.0894157271912966,5.55202018817461,2063.20660330165,0.085087962800017
0.0894216888364758,3.40735642831775,2057.05352676338,0.0639092311398504
0.0712127281834317,5.89508721729799,2072.66133066533,0.0556020786247548
0.0927627002448557,6.20596822410324,2063.35667833917,0.0961142574089836
0.0942915380665378,3.7440040131422,2056.75337668834,0.074382670721619
0.0665436258074459,5.38036150303456,2074.16208104052,0.0473936243479599
0.062157805748882,1.77201057344381,2055.55277638819,0.022838223734189
0.0894058720641656,2.61276961221489,2053.45172586293,0.0514272671698552
0.034066961827916,3.28320546428345,2099.67483741871,0.0135455659046635
0.0983763845586985,4.50748016006003,2057.80390195098,0.0904349146274792
0.0611956446038442,6.60828412909486,2081.66583291646,0.0427494652084232
0.0739462451367515,3.04830946521005,2060.95547773887,0.0439346337288624
0.0646061959437347,3.13659663926028,2065.90795397699,0.0360928394712261
0.0869449702957746,2.18888771381329,2051.50075037519,0.0418138180123632
0.0877790438050425,3.62824600357589,2058.40420210105,0.0647496964337596
0.0830489423019915,6.89744323339303,2068.60930465233,0.0798866859453582
0.0516438752335849,1.78215811545008,2060.80540270135,0.018212201408386
0.0588419022180725,2.02071261469223,2060.05502751376,0.023790601635933
0.0489960529544212,2.17021918370868,2068.00900450225,0.0194311567999714
0.0872634874251579,5.89508721729799,2064.85742871436,0.0830116923984606
0.0994855703661376,6.477523166041,2061.55577788894,0.112990474209276
0.0999398805549521,4.19695949988935,2056.60330165083,0.0883625251751836
0.0345495498825754,1.1,2053.75187593797,0.00533844506178751
0.0977475841444707,5.58381421859605,2060.50525262631,0.101062013492988
0.0756655042400391,1.96944971323423,2052.85142571286,0.0319962540402445
0.0870592024519655,2.39145547798865,2052.85142571286,0.0457096973395049
0.0520331502551435,1.69288290661716,2059.15457728864,0.0176369035717589
0.0900850283944044,5.30409931780933,2062.45622811406,0.0842675993446082
0.0937338692127304,6.6651295169386,2063.80690345173,0.1013471763632
0.0993166811979672,4.19695949988935,2056.75337668834,0.0874533664736099
0.0969961743616532,5.58381421859605,2060.65532766383,0.0999572530254195
0.0742241341002679,4.63802881004487,2067.40870435218,0.0549684575017574
0.0683288566220706,3.49604667292942,2065.90795397699,0.04173175389196
0.0868816404209977,3.81958376143281,2059.30465232616,0.065970152370599
0.0906320437851338,3.91900389115593,2058.55427713857,0.0716080080410427
0.0361264888735385,1.1,2052.70135067534,0.00300591568519285
0.0941868490502998,4.0556011405327,2057.80390195098,0.0783887277876097
0.0994896792424628,2.51039262798921,2050.60030015007,0.056027719215792
0.0514884129978315,5.82814552858132,2088.71935967984,0.0302520541503844
0.0807726709928366,2.91218972678271,2057.65382691346,0.0487996997074438
0.0174912389706288,1.19154820318739,2085.11755877939,0.00372412600975117
0.081185613683633,7.86550078183426,2071.31065532766,0.0789913920509697
0.0946490372756536,6.51461715374576,2063.20660330165,0.102553548342444
0.0910709703958975,6.58944360951555,2064.70735367684,0.0948306619891676
0.0934463177599676,3.7120722465239,2056.90345172586,0.0728560617161855
0.0872736056337522,4.14930090790556,2060.35517758879,0.069760135902012
0.0803115494973129,2.53198737781993,2055.55277638819,0.0434147377932563
0.0357444000041765,1.5058734809878,2067.70885442721,0.0101091081509528
0.0700924428491263,5.42664412805562,2072.06103051526,0.0524656919644294
0.0848954769563314,6.27724955896459,2066.65832916458,0.080402529566032
0.0865333736881063,4.10218350327178,2060.50525262631,0.0681663447020377
0.0673452179089488,3.69093584525548,2067.25862931466,0.041948878898361
0.0376441175012107,1.22956416135763,2057.05352676338,0.00899786068493737
0.0957672799892052,4.84097532841822,2059.45472736368,0.090022450182045
0.0288817481417465,1.1,2058.40420210105,0.0040030267468858
0.0447027237601688,1.19154820318739,2051.65082541271,0.0104398362770881
0.0237491346660069,1.1,2064.55727863932,0.00301852373297533
0.0721453317599652,5.53619112528679,2071.16058029014,0.0558387302537954
0.0596399915628406,4.24516549526477,2074.7623811906,0.0359962856775673
0.0889675088799464,5.63184697243997,2063.65682841421,0.0844074263873557
0.0958905313399675,5.08173741413741,2060.05502751376,0.0924263882541037
0.0987594521588231,3.19079162673747,2053.75187593797,0.070007092157878
0.0750762884300174,7.77618405325504,2074.46223111556,0.0669233376230927
0.0614321906775005,4.70471425294448,2075.36268134067,0.0392181957351333
0.0782662278928198,2.59789259924796,2056.75337668834,0.0427370292659133
0.0677398329063883,5.68029291077598,2074.31215607804,0.04974428940056
0.0820878576214788,3.45634729962219,2059.6048024012,0.0563714867409601
0.0794527654254128,3.10984531327104,2059.00450225113,0.050030294992682
0.0860693397859825,5.1695410839094,2063.65682841421,0.0761974671295347
0.0802662141108584,2.62024003611594,2056.15307653827,0.0446417439761792
0.0708902825946585,7.07697711557827,2075.66283141571,0.058030064104979
0.071363798732052,3.86345524438244,2065.90795397699,0.0473504003463493
0.0997093282895229,2.5610696150512,2050.75037518759,0.0573150259550072
0.0658377249959454,7.30276577043746,2079.71485742871,0.0503304997491394
0.030001108800687,1.1,2057.35367683842,0.00194491250700937
0.0878596172651854,5.36502184689064,2063.35667833917,0.0809729281741733
0.0846937169864914,6.20596822410324,2066.50825412706,0.079979098806495
0.0982204288802141,5.50466825898689,2060.20510255128,0.101237496593466
0.0490427331334802,4.16116457798582,2084.06703351676,0.0254979359929833
0.0851347385532088,5.86152081000249,2065.60780390195,0.0789529623626849
0.0942052282274603,7.13785426629355,2064.4072036018,0.105440261466868
0.0570164254157981,5.64794953427064,2082.41620810405,0.0361598278099598
0.0974692083109801,2.75841998672107,2052.25112556278,0.0602143432799066
0.0168108285858669,1.1,2078.8144072036,0.00209572911162609
0.0381556972495265,2.48898205491401,2083.31665832916,0.0145660961234409
0.0709373915470103,2.55376788872047,2059.15457728864,0.0367582539152679
0.030910087595609,1.1,2056.45322661331,0.00533881328625339
0.0730446047161182,2.1394581173242,2055.25262631316,0.0331560854782826
0.0916058755207398,2.65791377090027,2053.15157578789,0.0538279739309886
0.0848463160072198,4.43092146886216,2062.0060030015,0.0689695586781668
0.0824714165118953,5.30409931780933,2065.45772886443,0.0710297850554165
0.0612334845607469,5.84480934671973,2079.41470735368,0.0416205371598879
0.0757213913560742,2.71932165925039,2058.40420210105,0.0421320685340561
0.0990766608035691,3.10097900238478,2053.30165082541,0.068485459824407
0.0921185853729102,7.62231335159879,2066.05802901451,0.102588299879423
0.0965750044183054,5.56789450947679,2060.80540270135,0.0987706595674039
0.0397343343363897,1.15800916846189,2053.00150075038,0.00892478577184021
0.0957368836689886,3.58704544019047,2055.85292646323,0.0737999506993563
0.0456648818674736,3.19079162673747,2081.2156078039,0.0209180145042101
0.0940572706375653,6.03128608936729,2062.60630315158,0.0972981455188053
0.0445993321250403,1.40614271634866,2057.80390195098,0.0124254717365563
0.0973528936461594,4.41828870957735,2057.95397698849,0.0874558811834992
0.0384627971356496,1.1,2051.35067533767,0.0032510156855066
0.0614602930826477,4.5332925592365,2074.7623811906,0.0386517955242774
0.0529016832285304,3.63861987486454,2077.1635817909,0.0277332271908867
0.0935538107940252,4.84097532841822,2060.20510255128,0.0859487831501469
0.0665188102749349,3.33041129664955,2065.90795397699,0.039112217764155
0.0968229933184962,7.82071491300921,2064.55727863932,0.115539202029661
0.0828052432708729,3.55645233787452,2059.75487743872,0.0582364095885485
0.0881466587299052,2.25872346493531,2051.65082541271,0.0438104042347678
0.0975119399875813,2.77421627095644,2052.25112556278,0.0606323322178057
0.097946774882181,2.35755856966429,2050.15007503752,0.0514190034287261
0.0548204605891486,4.49462912845335,2079.86493246623,0.0316629381165268
0.0854980851910594,6.17063167192095,2066.05802901451,0.0815370764199422
0.0708744867671722,2.56839221845836,2059.30465232616,0.0368098600065937
0.0930671429729955,7.24048212666168,2065.00750375188,0.103278434037575
0.0982678808385177,2.95406110570076,2052.85142571286,0.0649872723618569
0.0846427462105831,6.72246389678934,2067.55877938969,0.0823192875135158
0.0552245400806595,1.30181848059981,2050.15007503752,0.0144112886218856
0.0759705754020278,3.13659663926028,2060.50525262631,0.0468175693689339
0.0935930409848255,3.48607928434492,2056.15307653827,0.0695768904571729
0.0854691166935024,2.3508370626099,2053.00150075038,0.0440653573208234
0.0973328250655878,6.13549632475213,2061.70585292646,0.105069672034225
0.0688390064406798,2.55376788872047,2060.05502751376,0.0351675147179552
0.0771340658677578,2.4327757096243,2056.00300150075,0.0397125215369402
0.0762054506885441,7.75401379770222,2073.71185592796,0.0691580729352701
0.0567971499880959,3.58704544019047,2073.71185592796,0.0309633708728838
0.0998983462316717,5.92884584496348,2060.50525262631,0.108764099619349
0.0288738059196567,2.44670716921897,2099.82491245623,0.00980199773352293
0.0527817513400093,1.65938510372578,2058.25412706353,0.0176452400477805
0.0949416061091571,6.57065680511724,2063.20660330165,0.10351417640559
0.0123149798354047,1.1,2096.52326163082,0.0010444106527612
0.0250940928611914,1.1,2062.60630315158,0.00400036373589817
0.0877628492493123,2.54648697994468,2053.60180090045,0.0490365834614281
0.033093383375017,1.1,2054.8024012006,0.00318042259430388
0.0449089930499487,2.22035947749381,2072.06103051526,0.0173804580746113
0.0878991179417476,2.39145547798865,2052.55127563782,0.0462641901274377
0.0518738422248274,2.50323538406092,2069.35967983992,0.0228737273176528
0.0597100372934875,2.71932165925039,2065.90795397699,0.0295537483145986
0.0925717756478613,2.88735231678598,2054.05202601301,0.0588547312214598
0.0964298424062337,3.81958376143281,2056.45322661331,0.0779982190864329
0.0888399204931789,5.58381421859605,2063.50675337669,0.08422264097889
0.0332663529848774,1.52316984280935,2071.01050525263,0.00933662916613049
0.0813625421645278,2.43973149543952,2054.65232616308,0.0427871596122362
0.0924700961871306,4.13747106169001,2058.55427713857,0.0770179881835408
0.0806052140429342,5.25886184986271,2066.20810405203,0.067560660455498
0.0742594864703012,3.99811634044919,2065.00750375188,0.0516426838731356
0.0721247345001956,1.75188849961561,2051.80090045023,0.0268102523488777
0.0935073814334648,4.23306233473648,2058.55427713857,0.0795849765721164
0.0790626925281257,3.48607928434492,2060.95547773887,0.0531949827039647
0.0982673431423964,3.10097900238478,2053.45172586293,0.0678403690450702
0.0504451696608107,3.76544431297133,2080.31515757879,0.0259042950894773
0.0334925999248851,1.91401474035978,2080.46523261631,0.0107980168775394
0.0830809853553959,1.99776640374531,2051.05052526263,0.0361278078760871
0.0883355489300011,2.64277970877332,2053.90195097549,0.0511265105126814
0.0833450292280847,4.78600361187276,2063.65682841421,0.0693575108023665
0.0426551261752043,2.47480988369298,2077.61380690345,0.0170118572248965
0.0943106686827112,2.47480988369298,2051.50075037519,0.051991172158088
0.0980198885247338,4.77235849719631,2058.55427713857,0.0932193277786349
0.0677638024092708,3.25520374465991,2064.85742871436,0.0398088730796324
0.0972204222467937,5.50466825898689,2060.50525262631,0.0992995231146086
0.0827759725687092,2.12121116111042,2052.10105052526,0.0383282543441037
0.0974532418944735,2.94563894269851,2053.00150075038,0.0640338872877721
0.0682835721845509,2.07923784264396,2056.45322661331,0.0296411697903532
0.0707031962953868,3.30200696911832,2063.65682841421,0.0429823994870702
0.0918079582872929,5.31926478442073,2061.85592796398,0.0875759955333553
0.0552603555172903,2.37783861946827,2065.75787893947,0.0243962311931336
0.0648217394210128,2.64277970877332,2062.60630315158,0.0328300374543775
0.0766316073009339,1.91948728619639,2052.10105052526,0.0316146929581688
0.0607140791224169,2.68077751831343,2065.00750375188,0.030089448743569
0.0399337502519429,1.1,2050.60030015007,0.00696860123874311
0.0663310645131964,5.38036150303456,2074.31215607804,0.0471046283184857
0.0170467914130595,1.14813276919005,2082.71635817909,0.00351192637063861
0.0959745308820227,4.67792578502157,2059.00450225113,0.0885735671526393
0.0781819267778135,2.53198737781993,2056.30315157579,0.0418360781231898
0.0631148903875436,2.65033593746234,2063.50675337669,0.0316300121698438
0.0961673266959985,5.56789450947679,2060.95547773887,0.0979597127575537
0.0871868778459926,7.47148735576046,2067.85892946473,0.090495105754899
0.098251869025643,7.77618405325504,2063.95697848924,0.119205430454865
0.0778343093911007,5.44215997446137,2067.85892946473,0.0644121449663274
0.0580633355199466,3.93020909662063,2074.46223111556,0.0333976838864549
0.0818995894331514,3.5261201572349,2060.05502751376,0.056785380607549
0.0529780002216744,4.49462912845335,2081.66583291646,0.0297665402169802
0.0937622237158235,2.31090854327273,2050.75037518759,0.0480520355922857
0.0520790924991036,4.79968774062468,2083.91695847924,0.0294765964911756
0.0787085418017907,4.26947573123761,2064.10705352676,0.0588802433089333
0.0694998903947201,3.81958376143281,2066.65832916458,0.0450322434981361
0.0937848642182793,3.0051021935558,2054.20210105053,0.0618893122045846
0.0725534203596809,2.86272673946268,2060.50525262631,0.0409789650539851
0.0526104226665051,3.08332214331348,2073.71185592796,0.0257620294093094
0.0981033541337353,6.79967766631192,2062.60630315158,0.111980592481825
0.0636385653825987,7.60058178843731,2082.11605802901,0.0474586892248589
0.0960315486224766,2.4327757096243,2050.90045022511,0.0520626065685831
0.084238947632379,3.54631272998303,2059.30465232616,0.0595996586153634
0.0301555232531074,1.1,2057.2036018009,0.00374178351766502
0.090593396084901,3.127654059123,2055.55277638819,0.0611125380519224
0.0643551493526557,5.00970797899177,2074.46223111556,0.0434539882427274
0.0878266522231172,5.38036150303456,2063.50675337669,0.0806368881612596
0.0858772452809658,3.34948312897234,2057.95397698849,0.0591708208476425
0.0740007465152305,3.66991979386952,2063.80690345173,0.0491659081515699
0.0479629881945107,3.10984531327104,2078.21410705353,0.0223237699707234
0.0800322339883338,5.11083833748834,2066.05802901451,0.0658985797947605
0.0932566198104667,3.72268579358263,2057.05352676338,0.0727241342822281
0.0804759899096125,7.45018580439511,2070.86043021511,0.0766520812370684
0.0166643786860028,1.1,2079.26463231616,0.0022899392955046
0.0798350689498815,1.89228013759219,2051.05052526263,0.0326170127002977
0.0768431704790024,5.69653398910422,2069.05952976488,0.0637756224726438
0.0418966840685286,3.64902340709828,2089.61980990495,0.0190635281749741
0.0940713099109627,2.59789259924796,2052.25112556278,0.054426246428578
0.090776690513676,2.33078730300029,2051.50075037519,0.0467710210670191
0.0705236557445363,2.3508370626099,2057.80390195098,0.0342010295836223
0.0903320203035347,5.36502184689064,2062.45622811406,0.0854307724517401
0.0695486606734578,3.49604667292942,2065.15757878939,0.0431398013979973
0.0554000481389117,2.81410387155249,2069.50975487744,0.0268202078705112
0.0309778365770595,1.1,2056.45322661331,0.00203200319001971
0.0708165826814296,1.65465412107951,2051.05052526263,0.0247210590765931
0.0934335875009514,3.51606702777443,2056.30315157579,0.0699344454067113
0.0615399406467672,4.09048799092675,2072.81140570285,0.0373669172539353
0.0606959174747702,1.39813619203565,2050.30015007504,0.0173271515861481
0.0765619158934845,1.98072790423026,2052.70135067534,0.0325897806337165
0.0213462798107835,1.1,2068.45922961481,0.00229289919179376
0.086333227505505,2.0149514708253,2050.45022511256,0.0378973221577417
0.0893748377104235,2.18888771381329,2050.90045022511,0.0430853121433075
0.0793823129337979,5.56789450947679,2067.55877938969,0.0671318991945111
0.0835543578277019,2.77421627095644,2056.00300150075,0.0494401926287444
0.0905694367566779,4.65128984963839,2060.65532766383,0.0794786051243417
0.0776525015661122,3.24592301025325,2060.35517758879,0.0495982574610651
0.0402361056605354,1.1,2050.45022511256,0.00306897195981033
0.0820943875407689,3.26451101451762,2058.85442721361,0.0541779656269357
0.0796805251578785,3.24592301025325,2059.6048024012,0.0515782523191921
0.0948425362371251,5.59977944530514,2061.40570285143,0.0958757438885516
0.0667359489193246,5.84480934671973,2075.36268134067,0.0489323947820448
0.0641248976920759,4.35566311243889,2072.06103051526,0.0413236711166586
0.0931959911147524,4.40569196686568,2059.15457728864,0.0810465021472241
0.0258445811373061,1.1,2061.70585292646,0.00102652665709315
0.0645282337299588,3.11873697468972,2065.90795397699,0.0358339720598112
0.0626463975616536,6.18827472552621,2079.41470735368,0.0438697161636873
0.0874043140895191,2.23945932144497,2051.80090045023,0.0430315062554301
0.0928410022465898,2.69612917754405,2053.00150075038,0.0555000156197858
0.0799679746255854,2.06150449158392,2052.4012006003,0.0357822509874329
0.0967083017446314,3.27384489569646,2054.50225112556,0.0696637613120776
0.0366966247023861,1.18138575704549,2055.85292646323,0.00838387429835904
0.0520928777337647,4.46903687741333,2082.41620810405,0.0288779093060168
0.0951543144036975,2.85456497490604,2053.15157578789,0.0603296565296914
0.0935821122800571,5.11083833748834,2060.80540270135,0.0887293750458838
0.080006819767489,3.44649309576242,2060.35517758879,0.0539363760453078
0.0200060735697371,1.1,2071.01050525263,0.00389503023127882
0.0268545062401626,1.43043844055808,2077.1635817909,0.00691640062052984
0.0612560673700497,2.33078730300029,2061.85592796398,0.0279430010598341
0.0897082195301039,3.14556478799882,2055.85292646323,0.0605475728777623
0.0472043288385889,1.29071556410828,2053.30165082541,0.0121142435069967
0.0266862314105399,1.1,2060.65532766383,0.00366784778525615
0.0667370877245149,5.06724914889675,2072.96148074037,0.0469093978924965
0.0996466137759453,6.87777830801342,2062.15607803902,0.116619357314224
0.0907189072827631,6.38570961945854,2064.4072036018,0.0931485608583068
0.0383655780618485,2.57573575863364,2084.21710855428,0.0148402493665245
0.0722208756301371,4.67792578502157,2068.45922961481,0.0527151272978614
0.0946959844746298,2.90388694099229,2053.45172586293,0.0609224961537239
0.0755632598283847,4.89657844641362,2067.55877938969,0.058091071287732
0.0972526914931762,4.2089594352886,2057.35367683842,0.0847760376112478
0.0886644588983861,3.59730151093826,2057.95397698849,0.0655762507797369
0.0941378204206317,2.76630685378413,2053.00150075038,0.0578326607756587
0.091441633842358,3.89668922880161,2058.10405202601,0.0726958390332217
0.0788297688869859,2.82214994983042,2057.80390195098,0.0460096196628139
0.0999056826420582,5.48897419860979,2059.6048024012,0.104777920836256
0.0918063546199501,7.34458556741164,2065.75787893947,0.100331204883643
0.0975757735032031,7.91054312005742,2064.4072036018,0.11819852585555
0.0879295873417359,3.40735642831775,2057.50375187594,0.0622489605715859
0.0935599228445611,6.70329784548246,2063.95697848924,0.101123501482837
0.0190766412351519,1.22256306876735,2083.01650825413,0.00417143579551749
0.0961745305389506,2.52476856627454,2051.35067533767,0.0542938167461463
0.0717030551168173,5.22891808613936,2070.56028014007,0.0540447466297197
0.0992303951233716,3.44649309576242,2054.50225112556,0.0752357992814482
0.0965873375324296,3.99811634044919,2056.90345172586,0.0809409568389688
0.0992833061017355,5.69653398910422,2060.20510255128,0.105485941078029
0.0760824139460579,6.08316805906607,2070.41020510255,0.0638689751241278
0.0843343774117894,7.62231335159879,2069.35967983992,0.0849176492748593
0.0910152364836213,2.64277970877332,2053.15157578789,0.0531843431227764
0.0804323620401254,6.33124734096071,2068.75937968984,0.0724620303253463
0.0691963134386754,6.55192356275547,2075.51275637819,0.0543190522355267
0.0420042535810839,1.32053598872863,2057.2036018009,0.0108977308086687
0.0742581557476901,4.5332925592365,2066.95847923962,0.0547442305830842
0.0972163445763664,5.34972592480631,2060.20510255128,0.0976983144186059
0.087844181081896,4.67792578502157,2061.70585292646,0.0753188435620941
0.0999235525802337,2.75841998672107,2051.65082541271,0.0621254609736933
0.0595347450484493,2.1394581173242,2060.95547773887,0.0252333227418171
0.0664831811374426,6.45905545193381,2077.1635817909,0.0499775192608139
0.0879950667132142,4.95282021809367,2062.30615307654,0.0780683635529361
0.0907088363853498,5.30409931780933,2062.15607803902,0.0857056648007782
0.0907692141470136,2.35755856966429,2051.65082541271,0.0473399121311946
0.0815384434672492,3.31144805863047,2059.30465232616,0.0540683064389684
0.0710272955680323,3.42686889229787,2064.10705352676,0.0442079961593405
0.081532116920311,2.65791377090027,2056.00300150075,0.0460990969182331
0.0982990847417688,5.71282150388027,2060.50525262631,0.103783215688137
0.0899641668376692,4.06719690448821,2059.15457728864,0.0726257557262055
0.0714919150478488,1.89228013759219,2053.45172586293,0.0287879350309927
0.0396766735435212,1.1,2050.60030015007,0.00453522742612394
0.0724392682119404,4.45629544935958,2067.70885442721,0.051675382476106
0.050715440234541,2.22670792338511,2067.40870435218,0.0206915862291255
0.0887408574251144,3.77621046129998,2058.55427713857,0.0677727804821782
0.0334613313326204,2.68844239023807,2093.67183591796,0.0124159340697275
0.0977436421775711,3.10984531327104,2053.60180090045,0.0676616438268872
0.0524637097943804,1.55836084285967,2056.60330165083,0.0165700174528526
0.0900737948512795,2.18888771381329,2050.75037518759,0.0434464642101209
0.0863299606760784,3.77621046129998,2059.45472736368,0.0645548839911246
0.0887199626551989,6.70329784548246,2065.75787893947,0.0908826918120807
0.0806974491391513,4.95282021809367,2065.30765382691,0.0660993803759667
0.0871734091496684,6.33124734096071,2065.75787893947,0.0853719371143669
0.0932227602070629,6.29519745414789,2063.35667833917,0.0976359172991314
0.0829273436668797,4.1256749429058,2061.85592796398,0.0635873014567729
0.0904398492155892,4.54625413722128,2060.35517758879,0.0784285898459984
0.0779431463067352,2.57573575863364,2056.60330165083,0.0422767122818801
0.076537225175041,1.7319949220849,2050.30015007504,0.0281755695383959
0.0523739144847658,3.19991472963955,2074.7623811906,0.0259644899022751
0.0831752647429206,2.02649023080632,2051.20060030015,0.0367212245246889
0.0806082475947299,5.05280219036138,2065.60780390195,0.0666078941918053
0.094782102412798,3.0051021935558,2053.90195097549,0.0628727002668517
0.0749418194385755,5.55202018817461,2069.65982991496,0.0601793050800629
0.0854390124038382,5.31926478442073,2064.25712856428,0.0761584612218335
0.0934880899452852,7.28194525201041,2065.00750375188,0.104078882164926
0.0993896031434246,7.32364581883523,2062.90645322661,0.119227085268836
0.0587355140951611,5.92884584496348,2081.81590795398,0.0385793004003149
0.0590715718036667,2.74271364594045,2066.50825412706,0.0291705176163842
0.096837401300449,4.70471425294448,2058.85442721361,0.0900643868542747
0.0403069631668304,1.2366053461924,2055.55277638819,0.00973041191564463
0.0302990684813096,1.1,2057.05352676338,0.00117198082534276
0.0653381170336784,2.76630685378413,2063.20660330165,0.0342081547885202
0.0609092586960394,2.23307452073596,2061.10555277639,0.0268720033728793
0.0919672738559838,6.74168474761895,2064.70735367684,0.0973943463933416
0.0480917840032613,2.00920675224241,2066.50825412706,0.0180485972583104
0.0695741048258258,3.72268579358263,2066.20810405203,0.0445504412370175
0.0530134752736047,2.75841998672107,2070.86043021511,0.0247759057387393
0.0951161244077319,3.01369437372618,2053.90195097549,0.0633718421287676
0.0934252055447729,3.26451101451762,2055.40270135068,0.0658800642183544
0.094976302216431,3.31144805863047,2055.10255127564,0.0684502767156876
0.0864599702212584,5.79496028477088,2064.85742871436,0.081267825922016
0.0706389259552367,3.35905996219402,2063.95697848924,0.0433704101173891
0.0887890615316593,5.00970797899177,2062.15607803902,0.0798624403907594
0.0973660136826799,4.52036793530198,2058.25412706353,0.0886799133223539
0.0705465880047089,2.03228436626499,2055.10255127564,0.0303003900845863
0.0845692137823671,4.28168300485197,2061.70585292646,0.0671909506768936
0.090807679558719,2.63524502323706,2053.15157578789,0.0529031499386183
0.0658087944836032,2.91218972678271,2063.95697848924,0.0356301911975442
0.0844309175937705,4.49462912845335,2062.45622811406,0.0686186378560245
0.0843784262314514,2.27815332129253,2052.85142571286,0.0419881816354272
0.0825051972820686,1.99776640374531,2051.20060030015,0.0358118956572838
0.0822814198493556,2.75055560547588,2056.30315157579,0.0480135606300095
0.0828114570496325,6.76096055465395,2068.45922961481,0.0788521702567407
0.0834005728519206,5.53619112528679,2065.60780390195,0.0740245660168715
0.0929899826408377,4.45629544935958,2059.30465232616,0.081358144324177
0.0760589791959544,2.15786203641709,2054.35217608804,0.0351448356919402
0.0912715271291699,2.95406110570076,2054.65232616308,0.0588553224381417
0.076742895209087,3.73332968686678,2062.90645322661,0.0526550581122665
0.0953600489947582,4.03250869852238,2057.35367683842,0.0797776880125091
0.0857477186166241,4.28168300485197,2061.25562781391,0.068898936850583
0.0683815503796987,3.65945668508362,2066.65832916458,0.0427630541135709
0.0590968064426718,6.04853072645486,2081.9659829915,0.0390556048200461
0.0985895195954386,5.82814552858132,2060.65532766383,0.105504374890698
0.0549938195013317,3.97535121475189,2077.1635817909,0.0306181288337596
0.0797787310993661,3.3879550675816,2060.20510255128,0.0531145305136901
0.0928829550699731,3.51606702777443,2056.45322661331,0.0693234368856159
0.0774875455787565,2.90388694099229,2058.70435217609,0.0458348126587069
0.0732287132303115,1.80262786405593,2051.95097548774,0.0281189823246463
0.0912660082246827,2.2651816010371,2051.05052526263,0.0457167138211896
0.0398040164053733,1.1,2050.60030015007,0.00385653451967683
0.072451547686552,3.81958376143281,2065.15757878939,0.0483710527477089
0.0873668637451041,4.66458880516092,2061.85592796398,0.0743854312913029
0.0603020101994485,2.07330984068171,2059.90495247624,0.0251046150363885
0.0933578467317031,2.66551327085933,2052.70135067534,0.0553933574455036
0.0443053702318947,1.15470763148418,2050.45022511256,0.00993541507828006
0.0823886912556507,2.99653451008313,2057.50375187594,0.0512992155080243
0.0709999266725888,2.10913306367623,2055.70285142571,0.0315549848900943
0.0597263028767323,1.43862994594777,2051.35067533767,0.0176255781820559
0.0899095313754624,5.69653398910422,2063.35667833917,0.0869124252192351
0.0773590083148765,2.29775031600197,2054.95247623812,0.0379957318593524
0.095764750147804,3.62824600357589,2056.00300150075,0.0744208835693215
0.0546475159448719,1.34335257613312,2051.35067533767,0.0148257319750266
0.0389140854990858,1.15470763148418,2053.30165082541,0.00868265904354715
0.0748107497216416,2.48188585350649,2057.2036018009,0.0387654603043695
0.0906605103188338,3.42686889229787,2056.75337668834,0.0654863218068319
0.0624921027497402,1.61267765666827,2053.15157578789,0.0209452628261873
0.0927656183448549,3.86345524438244,2057.65382691346,0.0739204767055669
0.0817341556680693,4.13747106169001,2062.30615307654,0.0621586955258848
0.0720713270346349,5.39574501828239,2070.86043021511,0.0550759888813219
0.0565226079095009,1.98072790423026,2060.80540270135,0.0222181851416079
0.0669939800972666,2.68844239023807,2061.85592796398,0.0348941403928004
0.0342160508067413,3.10984531327104,2097.57378689345,0.0133905507333941
0.084976544140031,2.12121116111042,2051.50075037519,0.0393917130574132
0.0659358636758328,2.48188585350649,2060.80540270135,0.0323840438246112
0.0961051166485006,6.06582466936276,2062.0060030015,0.101806870610334
0.0476948389693735,2.42583975507183,2072.06103051526,0.0198388421515272
0.0978368652368584,5.2738979736265,2059.75487743872,0.0985936687071717
0.0338759874985711,2.53198737781993,2090.8204102051,0.0123708402840439
0.079591665473982,3.21823926427955,2059.6048024012,0.0510398214278256
0.0911918483993069,5.64794953427064,2062.75637818909,0.0891115567463009
0.0676809315712522,7.26118409383141,2078.21410705353,0.0532870890785089
0.0736685300262426,5.30409931780933,2069.65982991496,0.0573085838559937
0.0368079952042885,1.40213373930392,2063.65682841421,0.0099055614461742
0.0778911942275268,1.87079234220152,2051.35067533767,0.0313219263948195
0.0861195151850691,2.69612917754405,2054.8024012006,0.0502487252462703
0.0976115513468484,7.07697711557827,2063.20660330165,0.112805369353929
0.0867575690304135,5.99694417076133,2065.30765382691,0.0824012748722734
0.0647381534627182,4.62480557828032,2072.81140570285,0.0427697348322029
0.0625610566813498,5.33447361209377,2076.86343171586,0.0420336539081208
0.0560488620025278,3.90783063224328,2075.96298149075,0.0313935186921131
0.0620683651801893,1.87079234220152,2056.75337668834,0.0239953680849654
0.0811647348372074,3.19991472963955,2058.85442721361,0.0526612878618421
0.0603034541500606,6.76096055465395,2082.86643321661,0.0417344426122689
0.0217722391322332,1.11263452623604,2068.60930465233,0.00447057869228469
0.0870529008165273,4.77235849719631,2062.15607803902,0.0752414711248585
0.0619939950802476,2.81410387155249,2065.30765382691,0.0318554544380791
0.0664938523827902,3.42686889229787,2066.50825412706,0.0395150534989144
0.0321368872929115,1.1,2055.55277638819,0.00389730847949244
0.0992520655009965,3.94144633997889,2056.00300150075,0.0837261960710223
0.014954345535164,1.1983716869891,2095.17258629315,0.00314337639519319
0.0496149674311448,2.57573575863364,2071.91095547774,0.0217083989111008
0.088209998914287,5.00970797899177,2062.45622811406,0.0785914752255652
0.0475780712729727,1.39017525657422,2055.70285142571,0.0132321639554742
0.0851565868046571,3.39764189966745,2058.40420210105,0.0589234444237632
0.0833733635909575,5.25886184986271,2065.00750375188,0.0721330666172926
0.0979608259489118,4.9246190440357,2059.00450225113,0.0946354147245512
0.0341434353644639,1.69288290661716,2074.46223111556,0.0103252188494888
0.0792498049407554,2.06739873972354,2052.70135067534,0.0354419502089474
0.0983345592384064,2.73489404418948,2051.95097548774,0.0603504315996702
0.0781107667677414,3.28320546428345,2060.35517758879,0.0503908349598262
0.0794814917231189,2.42583975507183,2055.25262631316,0.0412572110329062
0.0643231345710165,1.51449697039213,2051.05052526263,0.0202041880551993
0.031172880939815,1.1,2056.30315157579,0.00318106161588363
0.0847191176298326,5.24386859477385,2064.4072036018,0.0743080412323404
0.0898556206067126,2.81410387155249,2054.35217608804,0.0552959431423815
0.0993018050553533,5.34972592480631,2059.45472736368,0.102185745335499
0.0849491120448639,4.29392518147046,2061.55577788894,0.0679209777042862
0.0925054716543521,2.44670716921897,2051.80090045023,0.0503307410470024
0.0998020400322131,4.06719690448821,2056.30315157579,0.0861735254356298
0.0549550798088534,3.56662093690583,2074.91245622811,0.0293994032796504
0.095679561196205,7.30276577043746,2064.25712856428,0.109346374459427
0.0873569087159264,2.09712373847947,2050.75037518759,0.0401080774619267
0.0890596475812214,3.99811634044919,2059.30465232616,0.0705278071790325
0.0741747458381735,3.45634729962219,2062.75637818909,0.0477694375175023
0.0898016104416142,3.7120722465239,2058.10405202601,0.068170681745696
0.0736637505634311,2.02071261469223,2053.90195097549,0.0317694958474959
0.0288486645911913,1.13509514250066,2060.50525262631,0.00619158956224981
0.0690715066891409,2.79808046880329,2061.55577788894,0.0375514325153726
0.0535898836445094,2.63524502323706,2069.35967983992,0.0245967190205451
0.0950772879098277,3.14556478799882,2054.50225112556,0.0656943713433368
0.0712505125956761,5.30409931780933,2071.01050525263,0.053728258044631
0.0512033383565758,2.27815332129253,2067.55877938969,0.0212769949701971
0.0706545404574062,3.90783063224328,2066.50825412706,0.0467536068669373
0.0922234651149793,2.93724079166727,2054.35217608804,0.059442215758315
0.0808921149349509,3.64902340709828,2060.95547773887,0.0566758675989402
0.0686118077119272,6.42227783049206,2075.66283141571,0.052973936087115
0.0757880482077742,2.62024003611594,2057.65382691346,0.0412601746412831
0.0543421188354007,1.39415004195706,2052.55127563782,0.0153676529850243
0.0352673825403062,1.71722312765254,2073.71185592796,0.0108587719619261
0.0831566558645121,5.44215997446137,2065.45772886443,0.0731858168986405
0.0645843890676732,2.41892357524226,2060.95547773887,0.0308573054705421
0.0608454263995702,2.64277970877332,2064.70735367684,0.0298873585365223
0.0918864584704045,4.06719690448821,2058.55427713857,0.0753404066039714
0.0611509399909841,1.48877352807868,2051.80090045023,0.0187825382127848
0.0996884571048661,2.67313449928839,2051.35067533767,0.0598796327761339
0.0519974523884421,1.61267765666827,2057.80390195098,0.0169024542503218
0.085376161307289,4.69130089793945,2062.60630315158,0.071790078039064
0.0814740560198034,7.15826280015886,2069.95997999,0.0772290504496768
0.091929527660894,2.77421627095644,2053.60180090045,0.0561938408748604
0.0984103544281162,6.34934962645816,2061.70585292646,0.109447314839735
0.0375694936348058,1.1,2051.80090045023,0.00516925668490197
0.0880626687447267,3.06576582174083,2056.00300150075,0.0576112276598968
0.0792479894540612,2.97097774243445,2058.40420210105,0.0482431561568706
0.0914189009982697,3.55645233787452,2057.05352676338,0.0680519942473687
0.0886004366086532,5.00970797899177,2062.30615307654,0.0792047667016891
0.0840055078109149,2.74271364594045,2055.70285142571,0.0493433527133444
0.0982213327955462,6.70329784548246,2062.30615307654,0.112113818533752
0.0878539093300176,5.61579031974782,2063.95697848924,0.0826225920742098
0.0577224307668813,1.6736593673562,2056.00300150075,0.0198095609167851
0.0736558543914102,3.06576582174083,2061.10555277639,0.0439108229851112
0.0862455815822137,4.79968774062468,2062.60630315158,0.0737792930917143
0.0736363190706927,3.64902340709828,2063.95697848924,0.0484589029369506
0.071041209794419,3.48607928434492,2064.4072036018,0.0445947965751957
0.0794391711702223,5.56789450947679,2067.40870435218,0.0676491728530888
0.0401074159434372,1.1,2050.45022511256,0.0019558962285073
0.0968718524492098,2.62773181943307,2051.65082541271,0.0569748751494948
0.0819567079998397,2.93724079166727,2057.35367683842,0.0501652034158424
0.0591691652193625,2.96250734932898,2068.00900450225,0.0305201722701376
0.0967476193131991,6.22371231188418,2062.0060030015,0.104817713340798
0.0823781253165613,4.61162004655289,2063.65682841421,0.0663480156381017
