0.0949240850530424,19.6116512059019,2059.30465232616,0.364147068102368
0.0607556578618232,12.3845521943562,2066.95847923962,0.133098950514546
0.0885475630282514,23.6783611765105,2063.80690345173,0.351516864646024
0.0675357599840773,8.96942540237507,2057.2036018009,0.125706262332314
0.0884082815374014,24.2946863802066,2064.10705352676,0.355539081667035
0.0574044801165721,5.86152081000249,2051.35067533767,0.0685631778040225
0.0883803990608049,22.6857015086642,2063.20660330165,0.345549771993204
0.0829382232735018,40.8492745502271,2073.11155577789,0.368712709139618
0.0970768681756012,32.2305352027769,2064.25712856428,0.484400924041147
0.0793699808421692,8.28029274537113,2051.80090045023,0.141951653294763
0.0813624149121854,10.3753480645871,2054.95247623812,0.181617380052066
0.0603568611366549,23.4764137693127,2079.41470735368,0.167444051490062
0.0543150408074229,11.630573971469,2069.95997999,0.108217900009828
0.0677877549156695,7.88798980067452,2054.50225112556,0.112563980578567
0.0489559304647212,10.8913578086212,2072.66133066533,0.0895425744065424
0.0953277685590796,26.4673311839266,2062.60630315158,0.429922648465473
0.0537727994854006,11.0479534333989,2069.05952976488,0.104183642834435
0.0553789292440466,8.76687728828928,2062.60630315158,0.0943246175425471
0.0671820926348401,12.59853592522,2063.65682841421,0.157919226361686
0.0973718245091278,22.4280939258186,2060.05502751376,0.41283822471568
0.0818026148291986,17.4451908953138,2062.30615307654,0.26195400601991
0.0901620425214959,20.704914205238,2061.55577788894,0.340761602211576
0.0785923859014191,38.2529758583301,2074.61230615308,0.322666122660146
0.0774988345479398,9.3886686365594,2054.50225112556,0.156160064225494
0.0737357168737474,16.3831182565332,2064.85742871436,0.21179710440138
0.0766840314581234,7.55730435850465,2050.90045022511,0.123805931622275
0.0783759896895104,25.9436107071029,2069.35967983992,0.287372995772824
0.0799750422396003,13.415264467696,2059.30465232616,0.215339270890865
0.0715140065249966,6.91716438467479,2050.60030015007,0.104302244380466
0.0455300370614721,13.764451032765,2082.11605802901,0.088170823537941
0.0518244792761189,12.9264638237135,2074.31215607804,0.105619772374192
0.0736755241606789,19.0596333781215,2067.25862931466,0.226540111615963
0.0845389615318145,25.3577505002821,2066.20810405203,0.33135765627054
0.0746522204505932,35.8216927504737,2075.96298149075,0.28530744524772
0.0987489927533934,23.9503292451569,2060.35517758879,0.439723024495815
0.0979939234164477,11.7306218016376,2052.25112556278,0.257313460628346
0.079418562366575,17.6455651880953,2063.50675337669,0.249835413442171
0.0902465984947573,15.3418398258396,2057.65382691346,0.286294291939679
0.0797011386026897,8.47159891112452,2052.10105052526,0.146261944930879
0.0615008480542993,34.4180799495182,2085.11755877939,0.190096086062642
0.0984690442016637,15.2109927308327,2055.25262631316,0.325180689382178
0.0717320086275982,15.429695940481,2064.85742871436,0.196180129627451
0.075155936858317,11.6971772636284,2058.85442721361,0.178929357808625
0.0915884348353799,40.7328114045861,2069.05952976488,0.459371601034608
0.0799812848045962,8.47159891112452,2051.95097548774,0.146629835572714
0.079508847012717,19.3336722306986,2064.70735367684,0.262402397025565
0.0481594232298465,6.55192356275547,2059.00450225113,0.0628209555381611
0.0511009948842055,7.77618405325504,2062.15607803902,0.0776627688693432
0.0610230282218202,36.1298359806739,2086.46823411706,0.188273464991245
0.0979906569657011,10.4945186167053,2050.75037518759,0.230166546207622
0.0747858129697033,16.9058163200043,2064.85742871436,0.22033275789519
0.0954407300699627,18.1566278288002,2058.25412706353,0.350259168673016
0.0924138553518054,40.7328114045861,2068.60930465233,0.472277576023014
0.0959286140976515,32.1386444762772,2064.55727863932,0.473409103064806
0.0660492283431553,6.25935283404939,2050.15007503752,0.0853629109278817
0.0815820518321009,15.2544839606464,2060.50525262631,0.241899988314464
0.0732584480340337,8.76687728828928,2054.65232616308,0.136895739836083
0.0633855872124904,8.94385316128989,2058.85442721361,0.115068426188569
0.0958739640230843,10.4050132320787,2051.20060030015,0.222808155150604
0.0646192203735265,39.6994719371337,2084.81740870435,0.215255773321147
0.0513737430065866,5.34972592480631,2050.90045022511,0.0547337465983463
0.0739746085673351,40.7328114045861,2078.21410705353,0.287810109887811
0.083204900555593,13.8038063144168,2058.55427713857,0.233494290045738
0.0482807523007355,9.57819653499228,2069.80990495248,0.0822481126749983
0.0651513587347454,11.6971772636284,2063.35667833917,0.143779220715789
0.0799939150430387,28.344528388905,2069.80990495248,0.30796565129595
0.0926113844607904,19.6116512059019,2060.05502751376,0.348155842556321
0.0940714636058145,9.55088865963059,2050.45022511256,0.199245275186138
0.0963279771480449,27.2338957015877,2062.60630315158,0.444611781644094
0.0687594346263136,7.26118409383141,2052.55127563782,0.105293950019135
0.0896035930444704,16.0131536761013,2058.40420210105,0.291203869363952
0.0871471851592301,24.1563533398129,2064.55727863932,0.344557334746904
0.0925327966761315,40.2702697862705,2068.45922961481,0.470990649883384
0.0518332440664409,7.01661917236442,2058.85442721361,0.0729527388956848
0.074103154315153,50.1720214418779,2081.2156078039,0.29792804396842
0.0901691957912873,10.1991247557003,2052.25112556278,0.203211756205966
0.05535378158463,11.2709771098404,2068.45922961481,0.109783710833029
0.0873237748462882,25.7958887529382,2065.30765382691,0.355706716591086
0.0998201795538373,27.7836630028175,2061.70585292646,0.4825259741162
0.0641353304888721,32.4151056081438,2081.9659829915,0.202933688608836
0.0729500327398045,13.8432741205849,2062.60630315158,0.189561970754242
0.0814767059065024,10.5245245163215,2055.10255127564,0.184318586181561
0.0732022884393232,17.4451908953138,2066.20810405203,0.214830149916297
0.0407096987836679,10.9537279279222,2081.36568284142,0.0685288948441216
0.0436027159792106,13.0376590803266,2082.86643321661,0.0810860075883075
0.0813178623819037,39.6994719371337,2073.56178089045,0.35122959557833
0.0687635147962339,8.04722368011515,2054.65232616308,0.116615813160579
0.0467773043313955,7.45018580439511,2063.80690345173,0.0670935432442993
0.0775929362190268,7.3866448483668,2050.30015007504,0.122374488844565
0.0694796165203256,30.2683228212936,2076.86343171586,0.235223163636341
0.0743400756981538,21.7968004380749,2068.90945472736,0.243515246734092
0.0798122986068529,19.667724786681,2064.85742871436,0.265776557472542
0.0970514389515848,23.9503292451569,2060.95547773887,0.423542705359086
0.0800926915043178,8.16292642738106,2051.35067533767,0.141473077002977
0.0938502369110102,14.7406956275529,2056.15307653827,0.295122542045711
0.0538852728350377,11.4004347971132,2069.80990495248,0.105864883860409
0.0507551421063072,16.8576170662859,2081.36568284142,0.112516736896174
0.0996881763153006,10.6454084991609,2050.60030015007,0.238333755095216
0.0682578815466058,13.415264467696,2064.25712856428,0.167476522030376
0.0926943864218494,11.4657201812567,2053.15157578789,0.235765613076837
0.0757878621388749,24.8559857741412,2070.11005502751,0.264594411837375
0.063146661396914,6.27724955896459,2051.05052526263,0.0819829096822444
0.0580354577154487,8.66732497484296,2060.80540270135,0.0998897781253065
0.0659973894796809,38.0351648369497,2083.01650825413,0.222734455099795
0.0991983412357076,25.0698004534085,2060.80540270135,0.451876604464995
0.0621684122117293,18.5761147913694,2073.71185592796,0.164849286856842
0.024256576287567,4.82717348686961,2066.95847923962,0.021740701889637
0.0915208094064974,11.9333067416398,2054.05202601301,0.240136231224686
0.088267947570182,11.2709771098404,2054.05202601301,0.217796115776996
0.0956629278388883,45.4007404100416,2068.45922961481,0.528479619906341
0.0656983700459649,7.66596306005962,2054.65232616308,0.10546788681282
0.0996253151995562,41.2006657449125,2065.90795397699,0.564307030572892
0.0390315739513245,9.36190111388404,2078.51425712856,0.0601371717891639
0.0707344252392504,14.203601369527,2063.95697848924,0.183520412789691
0.0624560130997023,8.86757305293207,2059.15457728864,0.111964646202479
0.0706499279311092,23.209827249928,2071.91095547774,0.225998224266655
0.0682088958458782,15.9674994443117,2067.25862931466,0.182589595287763
0.0575878036676198,25.7223434970713,2083.46673336668,0.157382204506335
0.0983777286073165,30.8793457293841,2063.35667833917,0.48978150315792
0.0919419461440292,32.3226886629966,2066.20810405203,0.431372056472967
0.0528327728530759,9.63304674477083,2066.50825412706,0.0939568087837684
0.0800353071142927,8.0702322805811,2051.20060030015,0.139509546145046
0.0424713558992383,7.30276577043746,2066.65832916458,0.0584525298516919
0.068522021321221,21.9216213343848,2072.3611805903,0.20861396425524
0.0803862910874998,13.2251141621628,2058.85442721361,0.215414712901602
0.0472678917363878,8.9950707595437,2068.90945472736,0.0770453735587395
0.09997742955913,17.3954538600703,2056.45322661331,0.368025809035408
0.0911239022134685,38.8029760290526,2068.60930465233,0.450309179229829
0.0842983692018115,12.0016436540992,2056.15307653827,0.215536662077087
0.0966968891240396,19.4443878517207,2058.70435217609,0.373686696887504
0.0436486372213282,11.0164552140568,2078.06403201601,0.0761431872198781
0.0925680785314745,22.4922202721046,2061.70585292646,0.374314603809138
0.0949728700423774,14.0824620538428,2055.25262631316,0.290225565871512
0.0344605724749248,8.61797354889383,2081.81590795398,0.0487876874446503
0.0850836178521288,25.3577505002821,2066.05802901451,0.33440871443797
0.0834593127916189,13.2629273732738,2057.80390195098,0.229194116036605
0.0705977624774039,18.7894788001833,2068.60930465233,0.208817408924296
0.0779273801599897,15.3857051733181,2062.15607803902,0.224588745949097
0.0654280818508179,7.21983918174495,2053.45172586293,0.0990629497761607
0.0731445756188923,47.2522399854351,2080.91545772886,0.288687235011558
0.0796817238604105,9.74369127370705,2054.35217608804,0.167358135993573
0.0966637424364192,19.499983193564,2058.70435217609,0.375241847173503
0.0826754852626288,28.6700917412485,2068.60930465233,0.331916883120887
0.0951482555931601,21.9216213343848,2060.50525262631,0.389603467981837
0.0583843606247977,14.3667429823903,2071.46073036518,0.133993380063181
0.0523529202522826,30.2683228212936,2092.17108554277,0.136333259281268
0.081809722542364,13.6860767606747,2058.85442721361,0.226741831570532
0.081014518239656,13.187408758242,2058.55427713857,0.218100751424629
0.0665426087719359,21.7346567654668,2073.41170585293,0.197436931534134
0.081090851761884,14.3667429823903,2059.90495247624,0.230258614995107
0.0835369777469605,26.3918716150519,2067.25862931466,0.326847885781937
0.0991431740369192,35.924114038768,2064.70735367684,0.528638511981182
0.0999048985854727,13.1123201433946,2053.15157578789,0.293419505596342
0.0602406526580094,6.81911928654524,2054.20210105053,0.0849283140619136
0.0543172643139624,27.311762783483,2087.81890945473,0.143458739576056
0.0261853699558156,7.62231335159879,2091.72086043021,0.0322092222260496
0.0966141932411961,22.8808470979844,2060.50525262631,0.411517073035962
0.0742671542845432,15.8313162393943,2064.10705352676,0.210482737402696
0.0617649252898039,12.8896098855347,2067.10855427714,0.13964739808078
0.069566902469211,19.0596333781215,2069.50975487744,0.203433171036345
0.0684054165901447,35.924114038768,2080.31515757879,0.236417751684705
0.0652590730323647,47.7949760452604,2087.36868434217,0.2250001390765
0.0729590518984972,13.074936320368,2061.70585292646,0.183106023833662
0.0698782827745718,31.2340238237202,2077.01350675338,0.240634896500002
0.0360013152098344,7.30276577043746,2073.26163081541,0.0472654773914805
0.0766264786172026,7.49284981246461,2050.75037518759,0.12275569776499
0.082168594688317,28.8342730190739,2068.90945472736,0.328546984524054
0.0556176894923299,6.70329784548246,2055.70285142571,0.076105222584784
0.078940135348903,8.00140308786807,2051.35067533767,0.136113911344177
0.0767054247443676,31.5927757268638,2072.96148074037,0.292867049357513
0.0798989900621471,20.3532451847145,2065.30765382691,0.270459542784294
0.0674265584678786,50.8933933022195,2086.46823411706,0.243777576817995
0.0741483056371917,15.2980995404683,2063.65682841421,0.206032182901976
0.0643782989629357,40.9660706869833,2085.56778389195,0.214453598825087
0.0953798857103208,10.7369817976251,2051.65082541271,0.228677522400391
0.0518642024704721,18.2085412106233,2081.9659829915,0.119402199377771
0.0709788506376419,42.0323785143101,2080.76538269135,0.264393934128164
0.0940178346270347,13.6081487487738,2055.10255127564,0.278063555105889
0.0874525399126476,27.4681654958958,2066.05802901451,0.365298360375688
0.0550951837100694,23.543537468897,2084.06703351676,0.142469744532419
0.0942877524500038,13.5306644560734,2054.95247623812,0.278173365799816
0.0349594954991132,7.3866448483668,2074.91245622811,0.0458402049050881
0.058628868613262,9.74369127370705,2063.20660330165,0.109520411132353
0.093891403503261,9.46943128228642,2050.30015007504,0.19662338146428
0.0439678577418711,16.8095552308392,2089.1695847924,0.0889538573239911
0.0810165509543584,15.3418398258396,2060.80540270135,0.239489996772409
0.0814204019929994,13.2251141621628,2058.55427713857,0.219486601313328
0.0973700684879308,46.1851870064512,2068.00900450225,0.552655590648019
0.0649450103475376,41.7930477148148,2085.41770885443,0.21892673582809
0.0465040652759788,7.79841769794335,2065.45772886443,0.0688188477871472
0.097951822894277,16.2433903324148,2056.15307653827,0.339271517694598
0.0769583691242901,26.4673311839266,2070.41020510255,0.27834616480174
0.0719371163343028,9.25559200477995,2056.15307653827,0.140060353805786
0.0941476447018302,11.6638280775231,2053.00150075038,0.244216694258316
0.0795589229154256,12.4199620729325,2058.25412706353,0.202622729956044
0.0856475527814134,17.4451908953138,2060.95547773887,0.28337485670058
0.0674377946830573,7.57891218295399,2053.90195097549,0.107668415762683
0.0897612294442569,17.2470919536917,2059.30465232616,0.305972373190032
0.0882807833037226,19.8936269546997,2061.70585292646,0.321356230267926
0.0979776147547136,19.836909316532,2058.55427713857,0.387695739963465
0.0461855741367282,5.82814552858132,2056.30315157579,0.0536031390114127
0.0502206184482239,12.2789271392136,2074.46223111556,0.0984675889593937
0.0875715398263951,13.2629273732738,2056.60330165083,0.245418668910943
0.0992065045177229,13.5693512957692,2053.75187593797,0.299053173694141
0.0604210843967334,6.36750366996198,2052.4012006003,0.0792990613811408
0.098144767962419,48.7598073452207,2068.30915457729,0.570541914262267
0.0729375552649853,31.0561784540931,2075.06253126563,0.26092758788271
0.078821939495325,36.4406299022018,2073.86193096548,0.320136612232032
0.0791798052079809,47.5228332298145,2077.1635817909,0.343371350771632
0.0921438405718788,20.0075491954614,2060.35517758879,0.35051085531201
0.0484062388546806,5.30409931780933,2051.95097548774,0.0509168685778406
0.0923764797483124,34.8134037078059,2066.8084042021,0.449518511293482
0.0686244912088997,11.2709771098404,2060.95547773887,0.152228875687956
0.0704379339288756,8.00140308786807,2053.90195097549,0.119652629905743
0.0382993050055555,6.93694192261966,2068.60930465233,0.0494067431310981
0.0731397621852624,48.3439459350739,2081.36568284142,0.287441566870465
0.0887628918376564,27.0788269126679,2065.30765382691,0.375278871224994
0.0894490836838129,13.3388784509161,2056.00300150075,0.255365473409869
0.0898850154838756,27.863101977913,2065.15757878939,0.390591428662777
0.0536173554126778,8.25668525293528,2062.15607803902,0.0865668555539139
0.0792372366670556,11.7977980246669,2057.50375187594,0.194601547145804
0.0797551206322689,10.1410513187878,2054.95247623812,0.173506326060979
0.0763737920511027,13.7252079548169,2060.95547773887,0.20357202184752
0.0759631396027545,13.764451032765,2061.25562781391,0.201732968625341
0.0919502179119497,19.836909316532,2060.35517758879,0.34685628181866
0.0734401125946895,48.0686773054992,2081.06553276638,0.289939987326261
0.0774270483411302,10.2868590587476,2056.00300150075,0.16875076773894
0.0899582437145174,46.449669697604,2071.31065532766,0.456010464921653
0.0940436563401977,10.2868590587476,2051.35067533767,0.21540781602404
0.0525879963828223,9.36190111388404,2066.05802901451,0.091593418173302
0.0789378768042948,31.7736939581587,2071.91095547774,0.310004585979093
0.042869178456456,19.6116512059019,2094.87243621811,0.0883306019491414
0.0809446131976298,37.4960477563908,2073.11155577789,0.340628663350705
0.096813118799369,25.0698004534085,2061.55577788894,0.431094587084065
0.0493355994921294,10.2282860659776,2070.71035517759,0.0877200343409784
0.0699230816993922,8.61797354889383,2055.55277638819,0.126779295692323
0.0689669564046649,7.07697711557827,2051.95097548774,0.102795876557537
0.059326316840122,9.49650625493224,2062.15607803902,0.10977652945619
0.0859493127399467,11.3032030575075,2054.8024012006,0.210349410297003
0.0736287845689541,50.1720214418779,2081.51575787894,0.294370865239138
0.0976220552294974,39.2486644096668,2066.20810405203,0.526866619494737
0.085703534939132,21.9842995755893,2063.95697848924,0.319261035700263
0.0928562971926973,16.6186742527891,2057.95397698849,0.315398921819457
0.0839287921621904,9.41551269286413,2052.70135067534,0.172669488524294
0.0854118771224003,19.499983193564,2062.45622811406,0.299958536195695
0.0770415928939193,13.5693512957692,2060.50525262631,0.204908937616726
0.0984070729891375,44.8851921034589,2067.25862931466,0.563728750276731
0.0657925939574168,8.23314506653754,2056.15307653827,0.112936637586571
0.0768117832700322,14.7828421851443,2062.0060030015,0.214071422612977
0.0877915471500651,8.568903128128,2050.15007503752,0.16449930767217
0.0273788665803545,5.03839642076399,2065.60780390195,0.0258462249353659
0.0817070412019069,12.9264638237135,2058.10405202601,0.217298070544836
0.0801586763218101,49.7441155759049,2077.1635817909,0.356658724369764
0.0940764183300832,20.2952171540013,2059.90495247624,0.366769470256201
0.0946641115198764,15.562424351202,2056.60330165083,0.311294063441033
0.0490201294492769,6.36750366996198,2057.65382691346,0.0624935952539716
0.083718187566428,27.7836630028175,2067.70885442721,0.337109989829196
0.0510993227933091,14.5317584288789,2077.61380690345,0.108237998532343
0.0768514816538752,23.4094814424587,2068.75937968984,0.265432900655856
0.0840192603105325,17.8992726094967,2061.85592796398,0.278345701610725
0.0794630984543511,25.7223434970713,2068.75937968984,0.293532360184451
0.0923286793713165,11.3032030575075,2053.15157578789,0.231161425382942
0.0474489182324915,18.5761147913694,2087.21860930465,0.103534443281677
0.0531845226578308,9.49650625493224,2065.90795397699,0.0939449980024837
0.0835882246660752,43.4974210223758,2073.56178089045,0.380811731977172
0.0748415851968247,7.3866448483668,2051.05052526263,0.11787551593882
0.0601752003087637,6.38570961945854,2052.55127563782,0.0793341093808757
0.089204103505418,19.1141286310009,2060.80540270135,0.321432834111986
0.0735891233499395,12.0703719026488,2060.05502751376,0.176703569216844
0.085747599936671,8.79194352043078,2051.05052526263,0.164786718457919
0.055034943689841,14.6567626550599,2074.46223111556,0.122397845724917
0.0815775261095097,8.04722368011515,2050.75037518759,0.141891797189484
0.0960772318276443,11.0164552140568,2051.80090045023,0.236598667230543
0.0973315282616871,40.2702697862705,2066.50825412706,0.530696875563719
0.0872040121361227,11.3679316373199,2054.50225112556,0.215621045494454
0.0949310714584401,25.2133644123388,2062.15607803902,0.417521927922003
0.0968972396690126,20.5283266572726,2059.15457728864,0.389802135507462
0.0757124568047864,16.7616304218783,2064.4072036018,0.223471350604124
0.0951368509600127,33.5449371641478,2065.30765382691,0.473641278404372
0.0861246448407965,9.82750787400195,2052.70135067534,0.185770876179066
0.0661139683091533,27.5467024013616,2077.76388194097,0.207640596265459
0.0946581586418068,16.4769373246547,2057.2036018009,0.324815469747353
0.0715027271789765,8.61797354889383,2054.95247623812,0.130393568459519
0.0536103731991674,16.9058163200043,2078.66433216608,0.123564495099834
0.0909982906281224,28.2637168451449,2065.00750375188,0.400999948791796
0.067142298453226,9.99731028324292,2059.45472736368,0.135579261036875
0.0992115142537573,31.50270328173,2063.20660330165,0.504477385827656
0.0664916009902967,16.8576170662859,2069.2096048024,0.178815332901868
0.0736124628183992,14.4490151370219,2062.90645322661,0.197725020744563
0.0770270664141982,20.8234823389629,2066.95847923962,0.254783775916862
0.0709833010196971,12.9264638237135,2062.30615307654,0.17442819216614
0.0715470851179567,10.1121387187552,2057.80390195098,0.14946860625598
0.0794890108764346,14.4078203355768,2060.50525262631,0.223751655580822
0.0736269628041539,15.1243819041304,2063.65682841421,0.202542813791743
0.050320590460391,28.7520651910268,2093.52176088044,0.126078861277505
0.0790806464502856,13.8432741205849,2060.05502751376,0.216323925431672
0.095426207475597,10.2575307541953,2051.05052526263,0.218246651802995
0.070553896012078,11.0795417123657,2059.90495247624,0.156307479471248
0.0540930276472736,17.4950701385557,2078.96448224112,0.126859215403908
0.0931600877498896,31.3233280612649,2065.30765382691,0.439424403306576
0.0702383403603361,31.2340238237202,2076.86343171586,0.242055875963288
0.0794131540208289,12.3492432709593,2058.25412706353,0.201127066182861
0.0980944719514373,13.6860767606747,2054.05202601301,0.29709928682379
0.0898139449461757,9.88378578253307,2051.80090045023,0.196485669495867
0.0895447673454961,24.8559857741412,2063.95697848924,0.368279577271291
0.0837226471466742,11.2709771098404,2055.40270135068,0.202839977698233
0.0920252532099335,11.8992843396184,2053.90195097549,0.241334994017415
0.0832681407111787,22.1734116070083,2065.00750375188,0.303935007387898
0.0998660583456654,15.429695940481,2055.10255127564,0.33618258389344
0.0908110667448916,17.6455651880953,2059.30465232616,0.316579578801583
0.0494929833923522,16.7138422487345,2082.41620810405,0.10780393895472
0.0703469823107534,13.2251141621628,2063.05652826413,0.174035553633689
0.0534850802664114,10.4050132320787,2067.85892946473,0.100122371271971
0.0792752844776201,12.6345576255084,2058.55427713857,0.204578422702724
0.0361436380803735,7.79841769794335,2075.51275637819,0.0494236347192608
0.0759563912127314,32.6939448974803,2074.012006003,0.287403439637431
0.0542226489240988,42.5151595953122,2096.67333666833,0.153407588940374
0.093227998022845,17.6455651880953,2058.55427713857,0.330551348178241
0.0619636253986158,17.2964047929685,2072.51125562781,0.159911212242173
0.0756105940439441,28.4255709888153,2072.21110555278,0.273914534598151
0.0435845083062051,7.57891218295399,2066.8084042021,0.0620554412379713
0.0928373761508884,18.1566278288002,2059.00450225113,0.334607781779309
0.084970314665489,15.3857051733181,2059.45472736368,0.259666229362718
0.0860294141561558,10.1991247557003,2053.30165082541,0.19198158927882
0.0452853999712085,7.62231335159879,2065.60780390195,0.0655228520740559
0.0750603979195303,13.4920879143229,2061.25562781391,0.195919556789943
0.0659693867338606,12.3492432709593,2063.95697848924,0.151306326336986
0.0762726867725196,19.667724786681,2066.50825412706,0.244027990539743
0.077994632395175,20.704914205238,2066.35817908954,0.261324067959183
0.082041853113556,13.0376590803266,2058.10405202601,0.219726893212494
0.0977710067046555,10.1121387187552,2050.30015007504,0.22041655347931
0.0633864753450787,6.13549632475213,2050.45022511256,0.0799730986220285
0.0833310166379681,20.5283266572726,2063.95697848924,0.293715415759289
0.0860003532689893,14.8251092480606,2058.55427713857,0.258485400081697
0.0775175238993078,36.7540973166764,2074.61230615308,0.310827728548926
0.0723820499055877,7.75401379770222,2052.70135067534,0.119710696363304
0.0794903329476611,11.1429894799024,2056.60330165083,0.186724434056229
0.05608159472875,13.415264467696,2071.76088044022,0.121699517934387
0.0998514402995027,17.2470919536917,2056.30315157579,0.365998015926629
0.096006896171599,13.0004881193975,2053.90195097549,0.276007884414749
0.0952310279951268,17.0512425254688,2057.50375187594,0.335572291667793
0.0757734075244471,16.9541533849002,2064.55727863932,0.224945469989005
0.0739633470296022,8.13965355167307,2053.00150075038,0.128924220221195
0.0504334606137026,26.4673311839266,2091.72086043021,0.124144062850363
0.0910532202496996,11.1429894799024,2053.15157578789,0.224064849879485
0.0748785086780863,10.4050132320787,2057.05352676338,0.162738953019206
0.0700902577769689,7.79841769794335,2053.45172586293,0.11588023735226
0.0686506659277491,15.8313162393943,2066.95847923962,0.183604849312848
0.0408085546821516,4.65128984963839,2050.30015007504,0.0364043863867156
0.0976147953016848,14.0022770388297,2054.50225112556,0.300140104276102
0.0631830316907152,11.3355211455182,2063.80690345173,0.134566240832974
0.0518382537241763,12.1394937283022,2072.81140570285,0.102842292162915
0.0232300184944205,4.39313113804226,2060.95547773887,0.0189109173047005
0.072168154920966,11.5643499159773,2059.90495247624,0.16677450863481
0.0826249114699601,7.95584339636854,2050.30015007504,0.142144483370827
0.0810246112121094,8.544472794322,2051.80090045023,0.150467547080878
0.0370761494985008,5.52040719177953,2060.50525262631,0.0396093522659029
0.0975038197356383,9.855606658283,2050.15007503752,0.213654306195433
0.089654423851245,26.9246410796631,2064.85742871436,0.382667726204097
0.0741430296620321,10.4050132320787,2057.35367683842,0.160640959130808
0.0659698892689787,26.6950068826325,2077.31365682841,0.205334864994342
0.0347448828155388,5.61579031974782,2063.35667833917,0.0373195829100849
0.0561327270736118,14.6149755559616,2073.41170585293,0.126785693190212
0.0966789298002474,14.2849392823464,2054.95247623812,0.301788640975708
0.0774328697584712,12.1394937283022,2058.70435217609,0.191302597931271
0.0531528428217281,6.34934962645816,2055.40270135068,0.0685217005430724
0.0997984729951479,11.5643499159773,2051.65082541271,0.259381484241432
0.0503464121172488,7.42894498472466,2061.40570285143,0.073631326822486
0.0875787808343914,27.7836630028175,2066.05802901451,0.369777974977372
0.0832248202497301,13.9623559080866,2058.70435217609,0.235956989463468
0.0663349034670873,33.5449371641478,2080.76538269135,0.219060208922838
0.0909047664931591,9.04658165894228,2050.30015007504,0.181152833679233
0.0865530007785614,36.336736003613,2069.80990495248,0.394824976298543
0.0736078682619212,38.8029760290526,2077.76388194097,0.281616029674449
0.0517112803796082,5.58381421859605,2052.25112556278,0.057965117479085
0.0887891249868837,10.0833085498645,2052.4012006003,0.197793676810845
0.0930638125340292,42.6367188261426,2068.90945472736,0.48433297034459
0.0731245213715513,20.9427294613663,2069.05952976488,0.231162649680233
0.0713835328671352,12.0703719026488,2060.95547773887,0.169022644579927
0.0930432439595787,46.5824784692165,2069.95997999,0.49465621170975
0.0918151241788611,24.7851202245534,2063.05652826413,0.387520629694296
0.0801650468431416,10.9224983497956,2056.00300150075,0.186007578100343
0.0993383880888675,10.6150579537939,2050.60030015007,0.236575446281296
0.0960568007490792,13.074936320368,2054.05202601301,0.277678997670826
0.090204699941432,15.6515436584962,2057.95397698849,0.289978028980128
0.0865879399323263,12.2439193576685,2055.70285142571,0.227470695098125
0.0960973601723289,11.8315302572874,2052.70135067534,0.253665714897384
0.0457208464980277,5.38036150303456,2053.75187593797,0.0487801332447448
0.0645017855748561,7.01661917236442,2053.15157578789,0.0946047910507923
0.0917912763813906,33.4492990176817,2066.65832916458,0.435290410104459
0.093461990332895,11.4657201812567,2053.00150075038,0.238195185808646
0.0861594704109557,21.5492867752298,2063.50675337669,0.319410630805507
0.0847160142033249,26.0921786013301,2066.50825412706,0.336457730271775
0.0989796445943311,14.6149755559616,2054.65232616308,0.317860166280412
0.0966837397056384,11.9674264204222,2052.70135067534,0.258522644654371
0.089505485469374,29.754221128626,2066.20810405203,0.395003711292158
0.0886464686169282,45.142230283228,2071.46073036518,0.441370766833883
0.081723300140798,14.7406956275529,2060.05502751376,0.23675833405393
0.0891027884420841,22.7505644058635,2063.05652826413,0.350300212883757
0.0903537742470716,23.4094814424587,2062.90645322661,0.365538526836895
0.0412459373634169,8.23314506653754,2071.76088044022,0.0607150907723008
0.0745443610314297,7.13785426629355,2050.45022511256,0.112718111405929
0.0826249706486491,39.6994719371337,2072.96148074037,0.361612837387172
0.0863426039983618,19.0596333781215,2061.85592796398,0.301526978057676
0.0974877893150011,12.8528610196152,2053.45172586293,0.278533952448319
0.0391930550941946,5.19914482109263,2056.30315157579,0.039781953755476
0.0561255666836746,11.2388430398205,2067.85892946473,0.111972504992408
0.0608868232779376,5.92884584496348,2050.45022511256,0.0736230963869746
0.0872050943711734,23.1436549734047,2063.95697848924,0.339159821777613
0.0743793010870592,11.0164552140568,2058.25412706353,0.168102752727699
0.0288277846321656,5.63184697243997,2070.26013006503,0.0301608906012585
0.0814435391644462,13.6081487487738,2059.00450225113,0.223471583553828
0.0817648540709144,17.0512425254688,2062.0060030015,0.258747393708834
0.0930995691950984,12.9264638237135,2054.65232616308,0.263119001959618
0.079247301995523,18.2085412106233,2063.95697848924,0.253401498296375
0.0857163965831519,15.5180551692839,2059.30465232616,0.26509629419522
0.0796738964357774,46.3172395698592,2076.56328164082,0.345852562340252
0.0515103929263915,34.7141491053454,2096.07303651826,0.135040169990645
0.0829466294586009,10.829342822459,2055.10255127564,0.193245336239214
0.0862801958481346,25.6490079220847,2065.60780390195,0.34722791253301
0.0790105107069955,9.855606658283,2054.8024012006,0.167318791543089
0.0762054250565756,8.94385316128989,2054.05202601301,0.146122327161902
0.0783965020996962,24.2946863802066,2068.45922961481,0.280492180524564
0.0941995483821417,24.5737335188131,2062.15607803902,0.405207436140428
0.0740667218603409,11.1748494856797,2058.55427713857,0.169334309684288
0.0404949357182276,6.34934962645816,2063.35667833917,0.0495893648960992
0.0999004407232302,27.0016239415688,2061.40570285143,0.475813792615957
0.0694699679090732,12.0016436540992,2061.70585292646,0.161501491208783
0.0849803247910989,12.5626169244427,2056.60330165083,0.225717529975698
0.0967135270754146,20.8830207840829,2059.45472736368,0.390704015313624
0.0985154537775202,11.5974146743887,2051.95097548774,0.256154425507372
0.0951257718495392,10.3162712187099,2051.20060030015,0.218837135917388
0.0893894880068586,13.8432741205849,2056.60330165083,0.261740395504568
0.0677094446224935,14.9526369191729,2066.50825412706,0.174552552755585
0.0793515697320822,9.88378578253307,2054.8024012006,0.168446340425282
0.091826834342189,17.5450919963968,2058.85442721361,0.321644570969712
0.060880639569965,19.8936269546997,2075.96298149075,0.162249002274695
0.056539254355203,7.93316092383089,2059.6048024012,0.089976967971485
0.0929585763612259,17.3458586273837,2058.40420210105,0.325968150204141
0.0910045947132604,18.1048624543974,2059.6048024012,0.321874531312129
0.0621631558801551,34.3199524331307,2084.51725862931,0.19385022148372
0.0963471004246875,16.1970796854127,2056.60330165083,0.329618928476941
0.0721689864823732,15.3418398258396,2064.55727863932,0.197386027018152
0.0725168268727024,16.1970796854127,2065.30765382691,0.204308168740126
0.0604701858462469,30.7035198836307,2084.06703351676,0.179594506976215
0.0352948774458017,12.2439193576685,2093.2216108054,0.0577997211238032
0.095098189637749,16.5712936542063,2057.2036018009,0.32815765051907
0.0855766965237848,10.3753480645871,2053.60180090045,0.193998399304869
0.0911583850874979,39.6994719371337,2068.90945472736,0.452129614765653
0.096306739986172,41.0832007669419,2067.10855427714,0.521671547989841
0.0902020215880829,17.5952568766003,2059.45472736368,0.312054059251829
0.0925931276492326,36.0268281697364,2067.10855427714,0.457052715609761
0.089269019829615,19.8936269546997,2061.25562781391,0.329603520555889
0.0650157455842298,14.3667429823903,2067.25862931466,0.160083046367669
0.0769088556341957,12.3140350149142,2059.00450225113,0.192048953207013
0.0954068194889186,19.667724786681,2059.15457728864,0.367927453805358
0.0371416480152796,8.18626584483316,2076.11305652826,0.0525337198783153
0.0435141189032489,9.99731028324292,2075.36268134067,0.0726037836814419
0.099427164031917,33.0694653561776,2063.65682841421,0.517177553628299
0.0476277845058505,5.48897419860979,2053.45172586293,0.0520826335227949
0.0894207145519609,19.3889510147338,2060.95547773887,0.324405048817584
0.0708109644916167,8.544472794322,2054.95247623812,0.128052871608088
0.0747090906330384,8.47159891112452,2053.60180090045,0.135440329837941
0.084850183671029,12.8896098855347,2057.05352676338,0.229310873769332
0.0714751805091731,7.84307588021287,2053.15157578789,0.11913355737642
0.0822633372969567,9.49650625493224,2053.30165082541,0.169765321853971
0.0839052002415861,14.4078203355768,2058.85442721361,0.24398121451013
0.0710337063979589,20.1796569425861,2069.50975487744,0.217251506786137
0.0948089821357282,18.6824922069355,2058.70435217609,0.352918728156615
0.0822806143254619,12.1742029363666,2057.05352676338,0.209969469114566
0.0436597999555426,12.8896098855347,2082.41620810405,0.0810013583775606
0.0782674349856901,9.88378578253307,2055.10255127564,0.165645323230341
0.0547264319157957,6.83861649420725,2056.75337668834,0.0761663636146829
0.0944316819607978,44.2489815380287,2068.75937968984,0.506446726928315
0.0842033311631325,8.8170814218763,2051.50075037519,0.162230958771921
0.0609037108515467,17.1979197075697,2073.11155577789,0.154866716936308
0.0925993581791279,9.30859479724011,2050.30015007504,0.19031830641146
0.0838445604883753,17.5450919963968,2061.55577788894,0.274897367800895
0.0804367257199511,14.7406956275529,2060.50525262631,0.230962047343896
0.0940544512844036,49.460874432487,2070.11005502751,0.518118780000407
0.0832361930077526,13.187408758242,2057.80390195098,0.227022503273012
0.0649893725551437,17.4950701385557,2070.71035517759,0.174737316702082
0.0950646951547219,32.3226886629966,2065.00750375188,0.463938968939421
0.0810267529676322,10.3457674738415,2054.95247623812,0.180432338104213
0.0721332190231014,37.2825466554623,2078.21410705353,0.266890930630266
0.0686151936159479,9.22920388965391,2057.35367683842,0.131166117704617
0.0747115320423248,34.6151774822854,2075.51275637819,0.282235061969442
0.0680797235937354,8.16292642738106,2055.10255127564,0.117026780677306
0.0999582030394295,26.1667812887399,2060.95547773887,0.470865339360492
0.0765154714872604,32.3226886629966,2073.41170585293,0.29275378704616
0.0838153348667951,19.9505067597871,2063.35667833917,0.293373352039881
0.0903073029394562,21.1228817604323,2061.70585292646,0.345895613933837
0.0885295556453729,23.0776713570612,2063.35667833917,0.349755154719894
0.0800348099604389,14.0423123119632,2059.90495247624,0.222418145241924
0.0421255933066327,5.71282150388027,2058.10405202601,0.0473466723939258
0.0956662180489518,9.77155040978826,2050.30015007504,0.207933060155646
0.0876752650874971,15.9674994443117,2059.00450225113,0.279838779382055
0.0811095613887952,10.8913578086212,2055.70285142571,0.188509226559349
0.0965849357043723,50.1720214418779,2069.2096048024,0.554487088887223
0.0973064415882939,16.1970796854127,2056.30315157579,0.33511854556104
0.0997569601306917,30.8793457293841,2062.90645322661,0.503885041711444
0.0872770863381818,26.1667812887399,2065.45772886443,0.357936304006241
0.0944515633432688,17.9504501619638,2058.40420210105,0.341587248191011
0.0428305441233055,4.9246190440357,2051.80090045023,0.0410474253636026
0.0702967560407855,15.8765810965279,2066.05802901451,0.19204864246015
0.0817289755831244,8.66732497484296,2051.95097548774,0.154047245321592
0.0700783851374061,9.63304674477083,2057.50375187594,0.139680861241301
0.0920678944235022,39.4734246208958,2068.45922961481,0.461471717861419
0.0824942184108429,24.998325308414,2066.95847923962,0.313138995871207
0.0754640204571195,11.9674264204222,2059.15457728864,0.182545734893394
0.0995593908155874,21.8591217917059,2059.15457728864,0.422550107509112
0.0915772510046415,39.9268137290769,2068.75937968984,0.458771909304042
0.0594373472812175,12.2439193576685,2067.55877938969,0.12775626435221
0.0857505603391148,10.1700465856493,2053.30165082541,0.191078449764421
0.0772081226442123,31.9556482303097,2072.96148074037,0.295883583735088
0.0647832932199379,14.7406956275529,2067.85892946473,0.161021652806109
0.0803224031718392,9.04658165894228,2053.00150075038,0.15760099441986
0.0856318440815569,13.3388784509161,2057.2036018009,0.238815895941836
0.0948784464162966,15.2109927308327,2056.15307653827,0.307958340495918
0.0677536471936239,17.4950701385557,2069.05952976488,0.187852157290458
0.0934374637302669,34.7141491053454,2066.35817908954,0.460348245215683
0.0948444329315879,50.7482939157167,2070.11005502751,0.53031453201942
0.0923050228879909,15.6962945103464,2057.35367683842,0.301476050366423
0.0603109790820269,7.40776472360028,2056.15307653827,0.0921531999416197
0.0614248516138932,5.9119424349341,2050.15007503752,0.0742198950359677
0.0461264169885186,9.855606658283,2072.51125562781,0.0780731193552604
0.0903457464221444,16.2433903324148,2058.40420210105,0.297325663397584
0.0507324295784849,12.6706823189462,2074.7623811906,0.10140153537972
0.0787868244221451,11.5313794267009,2057.35367683842,0.189483115209449
0.0814371833214788,8.64261403586111,2051.95097548774,0.152988239258017
0.0826832233139454,34.12453590081,2070.86043021511,0.350605153241993
0.094170018625874,20.3532451847145,2059.90495247624,0.367843912818876
0.0393572372556736,13.0004881193975,2088.4192096048,0.069437593979897
0.060002090900583,15.1676254964996,2071.46073036518,0.143280423699829
0.063593151327803,10.1700465856493,2061.40570285143,0.127008151262829
0.0981091055299933,14.4078203355768,2054.65232616308,0.310486523666056
0.0979156540183945,10.7676809473209,2051.20060030015,0.236102533541406
0.0863221587612341,10.1991247557003,2053.15157578789,0.193127579563676
0.0809866127056442,10.829342822459,2055.70285142571,0.187287926598517
0.0949202169715487,37.1762524137943,2066.65832916458,0.484679882272095
0.0879104232910664,9.36190111388404,2051.50075037519,0.18089024899815
0.0926200635444249,20.704914205238,2060.65532766383,0.359533357855118
0.099458441104068,28.4255709888153,2062.0060030015,0.485231581942621
0.0841792711908885,14.9526369191729,2059.30465232616,0.251441696460208
0.0379259919873653,5.03839642076399,2055.70285142571,0.0370214017416856
0.0698890520805926,11.2068005855004,2060.35517758879,0.155733224228564
0.0890242534483773,20.0647547267154,2061.55577788894,0.32779116905698
0.0945749176872675,12.4199620729325,2053.75187593797,0.259941516360818
0.0942687674162869,31.2340238237202,2064.85742871436,0.450471837746029
0.0863533491701647,15.2109927308327,2058.85442721361,0.264439674357091
0.0807669316018773,48.4821708162483,2076.4132066033,0.362466093635601
0.0979730266568747,38.9139213945391,2065.90795397699,0.532440576212052
0.0823798104677923,28.4255709888153,2068.75937968984,0.326255484290182
0.0409310518176398,7.49284981246461,2068.90945472736,0.0567379389967829
0.0961355225948139,16.1970796854127,2056.60330165083,0.329149704279453
0.0853944998761513,14.4078203355768,2058.40420210105,0.250746393076388
0.0896545935364915,44.6296174895226,2070.86043021511,0.451709011972971
0.0988617664527983,26.4673311839266,2061.40570285143,0.463567278020105
0.0816418373799197,10.8913578086212,2055.55277638819,0.190155064642806
0.0831417341776251,14.0022770388297,2058.70435217609,0.236267090923765
0.074147214285253,16.1970796854127,2064.55727863932,0.21229388810189
0.0439265342140792,5.58381421859605,2056.15307653827,0.0484692496459781
0.075014621183669,16.1048541162772,2064.10705352676,0.215579988696064
0.0734126928359835,8.4958208841182,2054.05202601301,0.132939978932749
0.0934824091599189,43.2497483253448,2068.90945472736,0.49126003053188
0.0779099889838833,8.28029274537113,2052.25112556278,0.139233218829465
0.0986046496432462,11.4004347971132,2051.65082541271,0.252738396959123
0.0968572342026115,13.074936320368,2053.90195097549,0.28033418993599
0.0700886495782619,35.0127650896174,2078.66433216608,0.248046110752944
0.0733467101875436,17.3954538600703,2066.05802901451,0.215390410981794
0.0868254818638225,10.9224983497956,2054.05202601301,0.207223601747499
0.0980498701854083,31.3233280612649,2063.50675337669,0.491873000369386
0.0633125748511163,8.84229119754254,2058.70435217609,0.113804854422482
0.0841937630084507,16.1970796854127,2060.35517758879,0.264444777816051
0.0881117937560356,11.0795417123657,2053.90195097549,0.213483739061995
0.0740665838007996,8.0702322805811,2052.85142571286,0.12786356142475
0.0268231320873158,4.81341099500101,2063.20660330165,0.0242088660327619
0.0876946414490582,15.562424351202,2058.70435217609,0.275719633539057
0.0760881373168891,21.9216213343848,2068.15907953977,0.254403389854421
0.0483523443763136,8.37539963258341,2066.05802901451,0.076029912979315
0.0742716315293916,27.0788269126679,2072.21110555278,0.261139352091391
0.0951767361528047,15.7411733137127,2056.60330165083,0.316614359771697
0.0979825738508312,16.4299608245213,2056.30315157579,0.341725162127148
0.0940232168455509,12.4554731953392,2053.90195097549,0.258223433453607
0.0886825369658595,30.7913073057259,2066.95847923962,0.392438569040088
0.0736915243535669,15.5180551692839,2064.10705352676,0.205223528205011
0.0692464790182982,17.3458586273837,2068.15907953977,0.19417383430724
0.0741107106892992,45.660730913107,2079.86493246623,0.293467347818613
0.0694432876300379,9.94038597042831,2058.40420210105,0.141413267583381
0.0404141910448887,13.2251141621628,2087.51875937969,0.0724468222724332
0.081489050046526,9.94038597042831,2054.20210105053,0.175475964936863
0.0893892268357078,42.3939469353955,2070.41020510255,0.441827855252198
0.0972312285893169,27.7836630028175,2062.45622811406,0.459019304142446
0.0181092944651869,4.69130089793945,2076.71335667834,0.0154222324171537
0.0895840623328721,8.8170814218763,2050.30015007504,0.172897212407229
0.0686544037948048,17.8992726094967,2068.90945472736,0.194356320404491
0.0623178947917208,9.33520990663721,2060.35517758879,0.116134823108514
0.0669813792804527,11.3355211455182,2061.85592796398,0.147336992930029
0.0597522994957714,16.1970796854127,2072.81140570285,0.146388937530995
0.0594372035610581,6.57065680511724,2053.60180090045,0.0806254969954494
0.0795203847979065,12.4910858510523,2058.40420210105,0.203243220064796
0.0415848421287418,5.50466825898689,2057.05352676338,0.0449461002267617
0.0981075790506239,45.7912839530528,2067.70885442721,0.557916034449625
0.0761033753985727,8.52011211251241,2053.30165082541,0.139341583394445
0.0739385769635232,13.0004881193975,2061.10555277639,0.186839191089715
0.098656708764695,25.6490079220847,2061.10555277639,0.455095755061645
0.0657696459812705,16.3831182565332,2069.05952976488,0.173693251548124
0.0743829827398352,17.6960173409803,2065.75787893947,0.222847541910129
0.0503407027421103,5.34972592480631,2051.35067533767,0.0536276142518193
0.0470683906374739,6.53324372972246,2059.6048024012,0.0609218380302819
0.0790947025647755,8.71695901517113,2052.70135067534,0.149353729165116
0.0569424689713877,9.04658165894228,2062.45622811406,0.100252359632776
0.0879068272839019,17.7466137465261,2060.35517758879,0.299855470117816
0.0874441702294175,11.2709771098404,2054.35217608804,0.215025934274876
0.0513369761548531,9.36190111388404,2066.8084042021,0.0885839940841535
0.0991675186386574,23.8820457636572,2060.20510255128,0.44187952967541
0.0904064210412053,43.0034858674363,2070.11005502751,0.45529806638294
0.0584378776841781,29.5004540809269,2085.26763381691,0.166388138039296
0.0701109249510629,11.3355211455182,2060.50525262631,0.157400187972636
0.0933223821861136,46.9831874889221,2069.80990495248,0.50347487627657
0.0543507256217952,15.7411733137127,2076.56328164082,0.123045108716403
0.0977778747286221,16.1509010721782,2056.15307653827,0.337224694000349
0.0824194205615005,27.7836630028175,2068.30915457729,0.326372478492196
0.084044158027438,14.6567626550599,2059.15457728864,0.246875719326023
0.0789570737052357,11.6638280775231,2057.50375187594,0.191363611732695
0.076453704265511,12.3845521943562,2059.30465232616,0.190826515587827
0.0557598616311923,5.9119424349341,2052.25112556278,0.0670826368705542
0.0958265212884439,14.4903277225333,2055.40270135068,0.3008393630544
0.0603907665904679,6.29519745414789,2052.10105052526,0.0783119301606572
0.093846027928101,16.9541533849002,2057.80390195098,0.326425654281864
0.0793961222929237,30.9676358722681,2071.31065532766,0.311549304611265
0.0732518848093129,12.6706823189462,2060.95547773887,0.181330928553157
0.0864575404340662,15.3857051733181,2058.85442721361,0.267848108041349
0.051163438328082,5.34972592480631,2051.05052526263,0.0545321331096814
0.0695771265196305,9.55088865963059,2057.50375187594,0.137505294966178
0.0553347568506617,32.3226886629966,2090.07003501751,0.153079519777955
0.0990208087315089,14.203601369527,2054.35217608804,0.310144949683979
0.096901416678095,13.8432741205849,2054.50225112556,0.294961388789057
0.0868689001350216,14.7406956275529,2058.25412706353,0.261318550261738
0.0913198938278667,9.442433501623,2050.90045022511,0.190735120643634
0.0805299914110679,9.30859479724011,2053.45172586293,0.162404289574553
0.0972130821978619,20.8830207840829,2059.30465232616,0.394531443755253
0.0838092488146049,26.5430065065991,2067.10855427714,0.331581524667595
0.0731187316260646,22.1734116070083,2069.80990495248,0.237642431372887
0.0656588634025686,9.63304674477083,2059.45472736368,0.127682196941556
0.024884031466194,7.30276577043746,2092.47123561781,0.0296253906283908
0.074661043306152,12.6706823189462,2060.35517758879,0.187021905300362
0.0964766710876426,15.1243819041304,2055.70285142571,0.314406439783845
0.0796127703119698,18.5761147913694,2064.10705352676,0.258279359940698
0.0684008044081998,44.5023764136696,2083.6168084042,0.246068217312359
0.0676972821003708,7.75401379770222,2054.20210105053,0.11049384757835
0.0515746708792407,11.630573971469,2072.06103051526,0.099923476993474
0.082764882000721,8.44744599608106,2051.20060030015,0.151901599032984
0.0942906546033918,18.6292275691961,2058.85442721361,0.349520999233666
0.0988344656243594,10.2282860659776,2050.30015007504,0.225755586501667
0.0558678690028884,13.7252079548169,2072.3611805903,0.122334703276288
0.0867243243258343,16.8095552308392,2060.05502751376,0.283549828651107
0.0863514776603264,32.6939448974803,2068.60930465233,0.379534776126019
0.0629114833397094,47.5228332298145,2089.31965982992,0.209400656363872
0.0978648767155388,24.0188079626047,2060.65532766383,0.432303977142095
0.065705091280798,16.8095552308392,2069.65982991496,0.174884026804942
0.0929553880880285,10.2575307541953,2051.65082541271,0.211634419791648
0.0761759331506547,28.4255709888153,2071.91095547774,0.277824138199879
0.0823207409288085,17.8482409665669,2062.45622811406,0.268102354803307
0.0915330904192451,36.7540973166764,2067.85892946473,0.445870522413753
0.0436519504444751,8.66732497484296,2071.01050525263,0.0675148932027856
0.0332037885957716,9.57819653499228,2087.81890945473,0.0486719590904011
0.0302296412471553,8.8170814218763,2089.91995997999,0.0413709850745878
0.0470582917692521,4.98118288813968,2050.30015007504,0.0459169950316161
0.0729829618853499,50.6036082141855,2082.11605802901,0.28848566019621
0.0387520977854204,16.5712936542063,2096.67333666833,0.0726099564236938
0.0514461250794485,37.8185940234217,2097.87393696848,0.136702022998159
0.0415619812627281,4.70471425294448,2050.45022511256,0.0375734804799786
0.0793261310028639,17.3458586273837,2063.20660330165,0.247693582540545
0.0622794335319607,28.5883520015159,2081.2156078039,0.187645748169337
0.0852884687506696,33.930232062954,2069.65982991496,0.371786052797542
0.0412635181724546,5.76196399650408,2059.00450225113,0.0466138725082423
0.075940261993,7.73190675055959,2051.50075037519,0.125818657365311
0.0992588276868092,12.59853592522,2052.85142571286,0.280206841030143
0.0422023465197617,19.667724786681,2095.92296148074,0.0863025613397433
0.0935408792213976,27.863101977913,2063.80690345173,0.423740879158743
0.0798211836960339,8.20967199428533,2051.50075037519,0.141584751327008
0.0485704327499421,7.26118409383141,2061.85592796398,0.0690883580892614
0.0949176577885077,12.0016436540992,2053.30165082541,0.253161585254085
0.0590254123035218,7.95584339636854,2058.40420210105,0.0954896257175757
0.0518162298906637,9.02078944184909,2065.60780390195,0.08780472529488
0.0813883585397095,14.4078203355768,2059.75487743872,0.232444444589383
0.0661034802795647,22.6857015086642,2074.46223111556,0.197368729810264
0.0740426498222307,9.855606658283,2056.45322661331,0.153353552515329
0.0544536593626073,48.620790909634,2099.07453726863,0.156488964232127
0.0913572182525826,10.8913578086212,2052.85142571286,0.22009150050512
0.054384224601829,23.610853088384,2084.81740870435,0.139339414021058
0.066461331787126,22.2368097662882,2073.86193096548,0.198351927947104
0.0765411728712106,7.95584339636854,2051.95097548774,0.130788205116278
0.0723662932612072,19.667724786681,2068.45922961481,0.221524498119028
0.0922201050592077,10.3162712187099,2051.80090045023,0.211374362471792
0.0579788677043293,10.5847939392166,2065.30765382691,0.113786112355282
0.0908504467259599,50.0289787194642,2071.76088044022,0.475049380673279
0.0918236632045486,10.4945186167053,2052.25112556278,0.213892647356236
0.0993034177788337,44.75722237272,2066.95847923962,0.573011052624749
0.019855069573353,4.54625413722128,2069.50975487744,0.0165531500452136
0.0997363598744097,17.7466137465261,2056.75337668834,0.372177912312193
0.0853038971062711,17.2470919536917,2060.80540270135,0.280657421309069
0.0767506537738682,10.0258945661192,2055.85292646323,0.16337146023385
0.099056785126396,37.3891448133423,2065.15757878939,0.53581395010627
0.0794841754072267,22.3641504066718,2066.8084042021,0.27858529641028
0.0765978150464809,45.0135277249103,2078.06403201601,0.31436656236964
0.0423629251393851,6.4406403901222,2062.30615307654,0.0530725244719344
0.0638032745311747,50.3154731516617,2089.46973486743,0.216824538553605
0.0655393485536404,10.4945186167053,2061.10555277639,0.135433401381152
0.0973773873658266,12.59853592522,2053.30165082541,0.27333688769747
0.0805027622520564,19.3336722306986,2064.25712856428,0.268882582677349
0.0518788867407488,7.45018580439511,2060.50525262631,0.0766395270684916
0.0835601550807247,10.0258945661192,2053.75187593797,0.182322149691994
0.0592333242799727,14.6149755559616,2071.16058029014,0.138424345253964
0.0597879588320542,34.8134037078059,2086.91845922961,0.180031870965506
0.0282628933780528,7.91054312005742,2089.01950975488,0.0361141986425301
0.0924458524064119,13.8432741205849,2055.70285142571,0.274906161032496
0.0779716557322733,11.0479534333989,2056.90345172586,0.180548429420425
0.0538922631568671,6.87777830801342,2057.2036018009,0.0752033459471345
0.0890682585645142,30.7913073057259,2066.8084042021,0.395320641494522
0.0857855027320074,13.074936320368,2056.90345172586,0.235958003680677
0.0846153664893404,13.5306644560734,2057.80390195098,0.236495346451342
0.0947257714481694,12.0016436540992,2053.30165082541,0.252512320726285
0.0704128495709759,19.8936269546997,2069.65982991496,0.212135953050375
0.0608913533816288,9.855606658283,2062.15607803902,0.116905805746101
0.0755904787110353,30.9676358722681,2073.41170585293,0.2809608252859
0.068869068491107,10.0833085498645,2058.85442721361,0.141387891128482
0.0999486666703877,13.8432741205849,2053.75187593797,0.308111177599151
0.0920393941568181,31.50270328173,2065.75787893947,0.430520120288685
0.0463892817162186,4.99542507295732,2050.60030015007,0.0452828541941957
0.0780712771920542,29.9246107489204,2071.46073036518,0.299064079727297
0.0554319219198871,6.08316805906607,2053.15157578789,0.0688394886851207
0.0746156001366944,25.4302533128258,2071.16058029014,0.257521951710017
0.0855551640156496,18.1048624543974,2061.40570285143,0.289082027049624
0.0891888252265679,16.7138422487345,2059.15457728864,0.296284745134002
0.0479736084712589,8.42336194210045,2066.50825412706,0.0754409263419598
0.0756246661659077,21.3045837548672,2068.00900450225,0.248215790226181
0.0564351565066482,14.203601369527,2072.66133066533,0.126062638735815
0.0998554688275514,18.1566278288002,2056.90345172586,0.379150415919426
0.0776776705878819,9.20289100824815,2054.05202601301,0.153618394229914
0.0942967139369736,11.6638280775231,2053.00150075038,0.244829688299199
0.0662831305737385,10.9850467975752,2061.55577788894,0.142139597635714
0.0791231273368551,28.102784292947,2070.11005502751,0.300556492676495
0.0744358857892233,32.8811690507501,2074.91245622811,0.276961564151345
0.0577566112878132,10.434763218138,2065.15757878939,0.112167894910971
0.0665712671211946,10.1121387187552,2059.90495247624,0.135204502010815
0.0970890126329583,16.3831182565332,2056.45322661331,0.337302347953587
0.095312181322471,10.5847939392166,2051.50075037519,0.22516886815388
0.0979836198288682,25.8696442892044,2061.55577788894,0.447653806554355
0.0672451569594694,12.0359587215993,2062.90645322661,0.153337551076084
0.0371670212100637,5.76196399650408,2062.30615307654,0.041283384818332
0.0979233830133768,11.1748494856797,2051.65082541271,0.245798762081443
0.071189410855935,9.22920388965391,2056.30315157579,0.137874298815936
0.0931709329370657,44.75722237272,2069.35967983992,0.493805763024408
0.0841638853611039,29.1654615453982,2068.15907953977,0.345813968803863
0.0697381582791498,43.6217887324565,2082.26613306653,0.255824787508758
0.0918040900002315,20.7641136406666,2060.95547773887,0.354185635730618
0.0865604724800684,10.3162712187099,2053.30165082541,0.195877820140436
0.0765239679990815,18.3651736384921,2065.30765382691,0.238936396838566
0.0735092962627588,17.8992726094967,2066.35817908954,0.219554560913659
0.0933764295123814,12.6345576255084,2054.35217608804,0.258903666761437
0.0912207090792811,29.4163469402755,2065.30765382691,0.410560286893379
0.0886683688861727,28.9167158955235,2066.20810405203,0.382997213856073
0.0973908326107616,39.4734246208958,2066.35817908954,0.52501956193525
0.0938546310281387,31.2340238237202,2065.00750375188,0.446670087001093
0.0688156413223891,45.0135277249103,2083.46673336668,0.249759215025014
0.0674885652809567,6.78029147502497,2051.50075037519,0.095996125617317
0.0851162133862272,44.5023764136696,2073.11155577789,0.397850856660105
0.0917375766080676,25.9436107071029,2063.65682841421,0.394018625659217
0.0478935429051602,7.57891218295399,2063.50675337669,0.0701299391338115
0.0734893197064552,11.2709771098404,2059.00450225113,0.167873095588758
0.0571568040392665,6.06582466936276,2052.4012006003,0.0709558026062073
0.0576207155922644,5.69653398910422,2050.45022511256,0.0665179772513206
0.0974582011222388,40.3854104341511,2066.50825412706,0.532383072049416
0.0783544606698337,21.5492867752298,2066.8084042021,0.267083921641912
0.099699311211394,25.0698004534085,2060.65532766383,0.456701228422791
0.0915632735931116,15.7861804344338,2057.65382691346,0.298297611911863
0.089432805259117,34.0272452918993,2067.85892946473,0.412138892705682
0.0978389752825986,16.1048541162772,2056.15307653827,0.335770415643286
0.088167362696028,39.9268137290769,2070.26013006503,0.421029721575694
0.0790836355739642,33.3539335399351,2072.51125562781,0.315027706867536
0.044970744685852,8.47159891112452,2069.2096048024,0.0693918362499041
0.0632793889200651,7.17872968604972,2054.20210105053,0.0948366456158738
0.0683563443804188,11.9333067416398,2062.15607803902,0.156699693232858
0.0550298690149977,6.4406403901222,2054.95247623812,0.0723307045333703
0.0957503952352848,10.8603060505506,2051.80090045023,0.232059381446041
0.0775130589312132,42.5151595953122,2076.71335667834,0.319056891527835
0.0671645908819454,15.7411733137127,2067.55877938969,0.176899167059847
0.0600009452808566,17.5952568766003,2074.31215607804,0.151644684606792
0.0560933075931635,26.9246410796631,2085.71785892946,0.151821112360932
0.0987093960621317,20.8830207840829,2058.85442721361,0.405998476280547
0.0472947530091044,5.64794953427064,2054.65232616308,0.0533345598638182
0.0664945437291145,7.32364581883523,2053.45172586293,0.102500186764504
0.0768241440598458,10.6758458227262,2056.75337668834,0.172335366633529
0.0878143267264359,33.7370345839219,2068.45922961481,0.395239723411976
0.0761421498050701,10.3162712187099,2056.45322661331,0.165535162279585
0.0859454190703622,17.0512425254688,2060.50525262631,0.281920444831546
0.0648190197257403,25.5029634252175,2077.31365682841,0.196791380526164
0.0585140240193433,22.1101941987733,2079.71485742871,0.156403898936477
0.0825543961237364,21.6109004384566,2065.00750375188,0.295012524951121
0.0890139654491101,11.0479534333989,2053.60180090045,0.216440093862339
0.0394112586636937,9.55088865963059,2078.66433216608,0.0615859879907654
0.066102988575966,16.5712936542063,2069.05952976488,0.176043693275868
0.094566955918894,11.0164552140568,2052.25112556278,0.232009321969948
0.075785848438124,15.0382642362532,2062.60630315158,0.212116653878919
0.076698387937158,8.94385316128989,2053.90195097549,0.147214937114596
0.0578757191684553,9.68821105809713,2063.50675337669,0.107222829185853
0.0906172524154792,40.0409723683155,2069.2096048024,0.44816151247314
0.0891515099668466,16.0589384423485,2058.55427713857,0.289515125875304
0.0884413997853009,20.7641136406666,2062.15607803902,0.330043018893264
0.0963289211060739,40.3854104341511,2066.95847923962,0.517535620802618
0.091521898580286,15.2109927308327,2057.2036018009,0.290535831179109
0.0758530704152763,7.19925509080609,2050.30015007504,0.115993004081984
0.0824455659599529,42.8808809670361,2074.012006003,0.367257583675037
0.0773237257420133,13.3388784509161,2060.20510255128,0.203450851700538
0.0753030222667909,15.5180551692839,2063.35667833917,0.213154652036976
0.0866775881575711,11.3679316373199,2054.65232616308,0.214316439241752
0.0786533174879621,17.4950701385557,2063.65682841421,0.244750850192949
0.0745279449349257,8.89292719413504,2054.50225112556,0.141440073925255
0.0676362442218476,13.1498108541483,2064.25712856428,0.163156595419102
0.0983702320708214,33.0694653561776,2064.10705352676,0.503262388338933
0.0995965597709318,43.8715919447992,2066.65832916458,0.572317306087626
0.0998894522809825,22.9462679549317,2059.6048024012,0.437098769813889
0.0585093749199113,36.4406299022018,2089.01950975488,0.173686500840556
0.0882966815412078,17.4451908953138,2059.90495247624,0.299793915067905
0.0867010972625661,9.25559200477995,2051.65082541271,0.176212885897421
0.073682703037199,12.6706823189462,2060.80540270135,0.182839002834181
0.0569638264292262,39.6994719371337,2092.17108554277,0.167399330963829
0.0764739111530517,13.415264467696,2060.65532766383,0.200534066737672
0.0908274850798222,12.3140350149142,2054.65232616308,0.244269414873721
0.0991857252366159,48.4821708162483,2067.85892946473,0.583945641717572
0.0883835375715783,21.0026088575404,2062.30615307654,0.331898072931149
0.0829990990405241,24.714456715881,2066.50825412706,0.31676566726484
0.0705059454503231,26.8478776994092,2074.31215607804,0.234838999736643
0.0882928642900006,14.0824620538428,2057.2036018009,0.259682478491562
0.0881448479032293,16.7138422487345,2059.45472736368,0.290664549722784
0.0992914353545943,42.0323785143101,2066.35817908954,0.559068277158197
0.0905186145839359,27.1562506222958,2064.70735367684,0.390175119526876
0.088739909271213,9.36190111388404,2051.35067533767,0.18305196749567
0.0168068176575006,5.59977944530514,2098.62431215608,0.0161254299153483
0.0614692163205088,7.13785426629355,2054.8024012006,0.0911461201617278
0.0799228864762389,35.112873494103,2072.66133066533,0.32830508840949
0.0834372260633379,19.7803533829387,2063.35667833917,0.290230946750541
0.0859724971973574,14.7828421851443,2058.55427713857,0.258222421661613
0.0649252599984684,6.83861649420725,2052.55127563782,0.0927182387994447
0.0315343983326837,4.85481663215535,2058.70435217609,0.0291876065079467
0.085594219609198,9.04658165894228,2051.65082541271,0.169337875319735
0.0959469167761081,17.0026286550031,2057.2036018009,0.33945363170895
0.0987381267825732,44.8851921034589,2067.25862931466,0.563492172639248
0.0303855921052814,5.64794953427064,2068.30915457729,0.0321543551616623
0.0969008072643472,43.7465120343619,2067.70885442721,0.534101756780092
0.0914245735535833,10.7063701726058,2052.55127563782,0.216783359276683
0.0725937725226036,15.8765810965279,2065.00750375188,0.202385215857997
0.0965403641282249,30.0101711160967,2063.65682841421,0.465138012130653
0.0830117328867718,8.0702322805811,2050.45022511256,0.145138595511834
0.0712393984202265,19.5557374934602,2068.90945472736,0.215724615650987
0.0861585235887647,31.50270328173,2068.30915457729,0.371750149512625
0.0718647288568566,8.8170814218763,2055.25262631316,0.133903535184834
0.0880286271985828,36.2331383112695,2069.2096048024,0.40625599111519
0.0980484421540828,16.2433903324148,2056.15307653827,0.339511512650116
0.0887094426633852,25.4302533128258,2064.55727863932,0.365146299364238
0.0682119619247731,17.1488876537651,2068.45922961481,0.188478205512107
0.0780269809407318,8.11644702799564,2051.80090045023,0.136369146052385
0.0742466362269502,18.1566278288002,2066.20810405203,0.225065781560217
0.0649567139059587,11.1112203084553,2062.45622811406,0.138892806134345
0.0838753823034944,8.11644702799564,2050.30015007504,0.147591322075973
0.0913623130200249,12.0016436540992,2054.20210105053,0.240605021988721
0.0918808801625687,21.9216213343848,2061.55577788894,0.365925063835386
0.0577253294683584,34.12453590081,2088.56928464232,0.167672265057159
0.0863844336428543,19.7803533829387,2062.30615307654,0.308171796373972
0.0779322099068301,28.4255709888153,2070.86043021511,0.292777179960073
0.0912446181331181,13.8038063144168,2056.00300150075,0.269576780459344
0.0698731078150303,7.3866448483668,2052.55127563782,0.109323776748557
0.0950023314477304,31.1449741966316,2064.55727863932,0.457468959954115
0.0740539192792995,22.5565299682687,2069.65982991496,0.243927532105439
0.091532873355296,9.94038597042831,2051.50075037519,0.201656303605325
0.0972262111755792,30.1820264518266,2063.50675337669,0.472661880610957
0.0849369775607145,12.1048834777738,2056.15307653827,0.218634441023747
0.0995121557623802,13.453621356053,2053.60180090045,0.298258794014957
0.0610952162867356,19.5557374934602,2075.36268134067,0.162840989221776
0.0723049579487554,7.66596306005962,2052.4012006003,0.11789669629879
0.042965141739954,12.5626169244427,2082.56628314157,0.0783159902136437
0.0821254373955806,9.88378578253307,2053.90195097549,0.176073400600382
0.0850556862078265,10.829342822459,2054.50225112556,0.199953492897837
0.0779652079683993,19.1141286310009,2065.30765382691,0.250926478444507
0.099815339557756,31.0561784540931,2062.90645322661,0.50693884190483
0.0870736280405841,16.8095552308392,2059.90495247624,0.285788130774124
0.0917586637876504,40.5008802918647,2068.90945472736,0.460895662433009
0.0573117427621751,31.3233280612649,2087.36868434217,0.163003298462951
0.0892804576580685,14.325782742612,2057.05352676338,0.267863415230241
0.0874067897947086,20.8830207840829,2062.60630315158,0.323658315776793
0.0823971380727414,33.3539335399351,2070.71035517759,0.345725013602398
0.0603806497325418,21.6109004384566,2077.76388194097,0.1645939078429
0.0964862409263643,13.453621356053,2054.35217608804,0.285846968609638
0.0926232931243292,32.0470157344315,2065.75787893947,0.438248486599721
0.077279023150278,35.5161776044522,2074.31215607804,0.305862147462745
0.0780091138618447,7.45018580439511,2050.30015007504,0.124065877566752
0.0709668698998462,7.66596306005962,2052.85142571286,0.115468718976899
0.039441800523389,14.2442122686495,2091.12056028014,0.0714929004994625
0.070009061440497,26.6188981999523,2074.46223111556,0.23139340577999
0.0903155839355733,35.5161776044522,2068.00900450225,0.426558076231678
0.0730849045958766,20.1796569425861,2068.45922961481,0.228321965656072
0.0874924133015763,30.7035198836307,2067.40870435218,0.380847192512117
0.0986104195568621,27.2338957015877,2061.85592796398,0.466285883705736
0.0997535240268349,31.3233280612649,2063.05652826413,0.507329249749475
0.075012423321821,8.52011211251241,2053.60180090045,0.13709744878138
0.0760284472105574,22.4280939258186,2068.45922961481,0.257009468458074
0.0879694184983575,14.163106253931,2057.35367683842,0.259795013033969
0.0895882996436794,18.2606030230492,2060.05502751376,0.315939416876512
0.0379843981216616,10.1410513187878,2082.56628314157,0.0599966685301262
0.0995133530283468,10.4050132320787,2050.45022511256,0.231945916476841
0.0978610993334791,24.2254211208022,2060.80540270135,0.433393263004731
0.0669404394676327,8.20967199428533,2055.70285142571,0.115042218168487
0.052276282428485,14.6149755559616,2076.71335667834,0.112539888308296
0.0955339357585327,34.8134037078059,2065.60780390195,0.483331518698264
0.0324645542502866,8.09330666717609,2082.26613306653,0.0437073157513537
0.0880861480424585,13.3388784509161,2056.45322661331,0.249249110278461
0.0623822785011773,6.31319666590519,2051.50075037519,0.0813318591222535
0.0995181874726764,19.0596333781215,2057.65382691346,0.388461814908297
0.0745542846211446,9.46943128228642,2055.55277638819,0.149729384130747
0.0846480995812457,8.13965355167307,2050.15007503752,0.14923537843586
0.0889306470945712,20.2373545638513,2061.70585292646,0.328175724259638
0.0975785867789339,14.8674971608504,2055.25262631316,0.315133915160384
0.070080956272259,46.5824784692165,2083.01650825413,0.261090966512513
0.098760024170488,22.8156127588853,2059.90495247624,0.42595531194942
0.0887703596086693,29.8392943182548,2066.50825412706,0.389122056954472
0.0994277052617762,18.1048624543974,2057.05352676338,0.374993846728329
0.0806238883981024,39.2486644096668,2073.86193096548,0.341976887752664
0.099857955223793,14.7406956275529,2054.50225112556,0.324514668696866
0.0921568265315751,30.5286951837017,2065.45772886443,0.424328324841117
0.0839344839782357,44.6296174895226,2073.71185592796,0.386716884192899
0.085861453070663,16.1048541162772,2059.75487743872,0.272039297310595
0.0900778023986939,16.2898333906952,2058.55427713857,0.296251821615423
0.0663687202017825,12.0703719026488,2063.35667833917,0.150536306367117
0.0660212604080674,15.429695940481,2067.85892946473,0.170312849785708
0.0783852444987801,15.429695940481,2062.0060030015,0.227053452512558
0.0942240325743842,48.0686773054992,2069.80990495248,0.513250678568037
0.07339421251939,8.47159891112452,2054.05202601301,0.132663693367599
0.0833707167657674,19.836909316532,2063.50675337669,0.288817232630189
0.0907515778992873,15.429695940481,2057.65382691346,0.289186824417027
0.0685516896816179,9.77155040978826,2058.40420210105,0.137370049233398
0.0712366226379961,8.9950707595437,2055.85292646323,0.134882872998024
0.0875873200695682,25.6490079220847,2065.15757878939,0.356180428214632
0.0584894463363124,12.3140350149142,2068.15907953977,0.125353865250777
0.0832424297443404,31.4128876372471,2069.50975487744,0.347276399150551
0.0547201998294232,8.96942540237507,2063.50675337669,0.094232428309116
0.0533831558827086,7.05680033090866,2058.25412706353,0.0759311477137963
0.0625996649446087,7.70986273161707,2056.00300150075,0.0999745814937059
0.0978365206528566,13.415264467696,2053.90195097549,0.290534507696171
0.0813794587849112,30.5286951837017,2070.11005502751,0.326859386403031
0.0947819791612647,11.4004347971132,2052.55127563782,0.240832449758196
0.0678167489637688,42.6367188261426,2083.31665832916,0.241217054034334
0.0851653857100139,47.3873434638723,2073.86193096548,0.403813583041442
0.0861898839630557,17.0512425254688,2060.35517758879,0.283571383343088
0.0635587500124194,23.9503292451569,2077.1635817909,0.186423825505924
0.0973576578465467,11.4657201812567,2052.10105052526,0.250019991863617
0.0687757350378694,12.2789271392136,2062.45622811406,0.161022639867008
0.0922802816648703,12.9264638237135,2054.8024012006,0.259994431657408
0.0641355490500621,8.20967199428533,2056.75337668834,0.108876418038232
0.099871708274325,28.344528388905,2061.85592796398,0.488185781273757
0.0906528368161759,13.5693512957692,2056.00300150075,0.262845175251058
0.0938206813136293,25.3577505002821,2062.60630315158,0.408836682374576
0.0620215511136852,20.4697994612923,2075.51275637819,0.170063787861455
0.0955157425292412,15.473812485928,2056.30315157579,0.314415966079368
0.0919694210181956,32.1386444762772,2066.05802901451,0.432273716971122
0.0709896488545048,17.4950701385557,2067.25862931466,0.204296444744366
0.0921375369147346,11.0795417123657,2052.85142571286,0.226633988118935
0.0985303458390669,17.5952568766003,2056.90345172586,0.36277572918851
0.0923978784151271,24.503672683284,2062.75637818909,0.389305798576606
0.0715983480315438,12.6345576255084,2061.70585292646,0.174387202435999
0.0544774449725029,5.66409813650311,2051.50075037519,0.0621937303146249
0.0827005873862088,10.434763218138,2054.50225112556,0.186762887365468
0.0901383042187592,10.4050132320787,2052.55127563782,0.207174140951447
0.0408885771731656,18.053244665439,2095.6228114057,0.0804980714320264
0.0873047773747628,8.568903128128,2050.30015007504,0.163228597560754
0.079279382174888,15.3418398258396,2061.55577788894,0.230755284093932
0.0498024958278134,6.13549632475213,2056.00300150075,0.0614129426618617
0.0674044992469745,17.1979197075697,2069.05952976488,0.184502468868855
0.09335683879785,9.30859479724011,2050.15007503752,0.192197544270491
0.0761451117154666,23.209827249928,2068.90945472736,0.260964990276
0.056300947621379,13.6470571313524,2071.91095547774,0.123537843422443
0.0929086557606023,32.1386444762772,2065.75787893947,0.440334055331316
0.088267507009184,37.9267248465054,2069.65982991496,0.414407193311508
0.0610600449463331,7.88798980067452,2057.2036018009,0.098869851646495
0.0879607087234314,40.5008802918647,2070.56028014007,0.419544399533443
0.0922267244473517,28.6700917412485,2064.70735367684,0.414571536102459
0.0544486706903072,9.57819653499228,2065.30765382691,0.097686667056847
0.0741862912851013,8.8170814218763,2054.50225112556,0.13945282843369
0.0959297198254521,33.8334954231509,2065.15757878939,0.482269050154846
0.0983799156660535,13.5306644560734,2053.90195097549,0.295389375503568
0.0737921376363764,18.053244665439,2066.35817908954,0.221718497788736
0.086033223598812,15.0812616012162,2058.85442721361,0.261464571721236
0.0875882853183805,40.6166803006873,2070.71035517759,0.417295496957265
0.0351259518952921,4.50748016006003,2051.95097548774,0.0300312557458769
0.0717372358751533,12.2789271392136,2061.10555277639,0.172015184702233
0.0261765466020499,7.11750391808951,2087.96898449225,0.031152191533445
0.0717641730596835,18.9511085347577,2068.15907953977,0.215567986188287
0.0667925506378525,6.89744323339303,2052.10105052526,0.096544120477814
0.0751563777022925,18.5231534404957,2066.05802901451,0.232607045402065
