0.0687845972296417,7.52435222533039,2090.97048524262,0.0271185601883136
0.0994803835128573,4.46850800867783,2066.65832916458,0.0582920379015715
0.0858934639242501,5.05738459676651,2074.012006003,0.0425345835375051
0.062619803117308,8.91738586389294,2099.82491245623,0.0223363341673938
0.0798486203035933,4.0401882420282,2074.46223111556,0.0341095856552714
0.0483855879417903,2.71555413295041,2094.42221110555,0.0117801618950447
0.0572946728722597,1.00288309926358,2064.25712856428,0.00465400866352227
0.0659370413459812,9.80613514975012,2097.72386193097,0.0252642654276606
0.0848711833270963,9.74983462452457,2082.56628314157,0.0456359242471626
0.0587898595405869,4.09876636139165,2090.52026013007,0.0181447801379699
0.0909060973256315,1.08394875824941,2052.70135067534,0.0217996019253088
0.0907129980099255,5.82359678794962,2073.26163081541,0.0499589248505056
0.0861832179772276,2.22631645743836,2063.65682841421,0.0328659863270087
0.0999711644531,16.9456122371505,2080.16508254127,0.0749747830891033
0.0960270785567222,1.8463608342542,2058.10405202601,0.0359472767127601
0.0839160264273048,10.9713498785374,2084.51725862931,0.0452005338487265
0.0963036258282479,1.79913505645155,2057.65382691346,0.0355897247722064
0.0560860043624834,1.8199732981517,2077.76388194097,0.0137849409708921
0.0955795367810803,12.5610156350281,2079.41470735368,0.0636626941546472
0.062501825398092,3.10901742259474,2082.26613306653,0.019425822518504
0.0649167004038345,3.27437776251048,2081.2156078039,0.0211275966912498
0.0791828926960524,1.34131840233837,2059.30465232616,0.0213312371108882
0.0943020824179339,2.22631645743836,2060.80540270135,0.0388501456770273
0.0696736783055756,3.33142973427318,2077.91395697849,0.0245621439822143
0.0971322304251511,3.15409462760941,2063.80690345173,0.0485998327580346
0.0980360313969021,2.94352153037066,2062.75637818909,0.0481113394020656
0.0780000464231868,1.72806227717372,2063.50675337669,0.0241832357197625
0.0865327197010844,3.42873391662958,2068.90945472736,0.0391405897690471
0.0784963692476147,14.505756572389,2092.02101050525,0.0388179497890354
0.0944243689247061,10.8769999686707,2078.36418209105,0.0611413077778759
0.0818740640486284,2.5933041997516,2067.55877938969,0.0315195166693084
0.0911869644563198,1.02920793476607,2051.80090045023,0.0208004035812204
0.0859211311629754,15.3213249660846,2087.21860930465,0.049282330380619
0.0906334614678337,1.09020803204812,2052.85142571286,0.021843615674914
0.0827695871182653,1.09020803204812,2054.95247623812,0.0194198161433436
0.0741310835430896,9.77794436555052,2090.22011005503,0.0329256818014851
0.0959663262806824,1.20926262481036,2052.85142571286,0.0258945579359306
0.0911146036733609,4.98510624458552,2071.31065532766,0.0487116706808163
0.0586557267163937,1.29204553462562,2068.75937968984,0.0129792885398992
0.092336780271522,1.15815301335288,2053.15157578789,0.0236736938431709
0.0604949158240226,1.00288309926358,2062.45622811406,0.00734160328826446
0.0907416541923179,4.0401882420282,2069.05952976488,0.0456211910338565
0.0693992577621289,5.85722521042959,2086.7683841921,0.0267403221544799
0.0987357461440168,2.39246014169509,2060.20510255128,0.0441608142433053
0.0973079378010937,5.79016143825715,2070.26013006503,0.0592878453083491
0.0666027072840257,2.07768351923393,2072.3611805903,0.0196817970757302
0.0935264027064742,1.86774606222357,2058.85442721361,0.034764341925489
0.073858629565371,1.45392041663176,2062.75637818909,0.0200368473101559
0.0769056518795239,2.90981894079874,2071.6108054027,0.0288694649004022
0.0495933779063354,1.0684573459204,2071.16058029014,0.00912807897177777
0.0973531621743885,4.52026390637434,2067.70885442721,0.0551570760757413
0.0592354549660428,1.60343464412786,2072.66133066533,0.0145196055031819
0.0917807538705066,1.29204553462562,2054.8024012006,0.025853451210425
0.0485656897532986,1.00288309926358,2070.41020510255,0.00472972193113362
0.0588232552361271,1.00288309926358,2063.35667833917,0.00122521277672856
0.0794006548761012,1.65026765861521,2062.30615307654,0.0243031891562873
0.046306103853463,1.37652687910296,2080.76538269135,0.00916685712404027
0.0960855604917632,25.0668507346102,2086.31815907954,0.0689008139371491
0.0496788342564582,1.00288309926358,2069.50975487744,0.00851531203742036
0.0926956506749556,3.80316384938978,2067.55877938969,0.0469684054992865
0.0785815563264063,3.30278056177977,2072.3611805903,0.0314752083953362
0.08377280933646,1.42081696649143,2058.55427713857,0.0241878440476763
0.0992690770129303,5.6910027726913,2069.35967983992,0.0616926881831444
0.0940292243460032,2.96905439714284,2064.25712856428,0.044215969269319
0.078158858179184,1.15482354244809,2057.35367683842,0.0188335226197528
0.0535174665155917,2.66137624774655,2087.81890945473,0.0140796745598147
0.0814195703592328,1.035151107089,2054.50225112556,0.0181852054639269
0.0475433478973121,1.35685404373703,2079.11455727864,0.00949513125095739
0.0738949246630584,1.5850757161707,2064.10705352676,0.0210117473889217
0.0990087297437176,2.89311263070037,2062.15607803902,0.0488742298594158
0.0905489110341796,1.0232988843187,2051.95097548774,0.0205012347287577
0.0953093759485991,3.04698957090351,2064.10705352676,0.0459088574448213
0.0489073700137314,1.00288309926358,2070.11005502751,0.00803032188973254
0.0900148928863022,1.77342245446464,2059.45472736368,0.0314274412293651
0.0544962555884173,2.11388457789867,2082.11605802901,0.0137555047124226
0.0901039610859048,1.86237664548846,2060.05502751376,0.0323902093565618
0.0754090954298951,12.4888983567305,2092.47123561781,0.0350404959968244
0.0913921673192714,2.41321295951054,2062.75637818909,0.0381088261725062
0.0928157579609736,4.63891702142887,2069.80990495248,0.0497887118549928
0.0952187268026626,2.10174801133249,2059.75487743872,0.0385121809846793
0.0959658317002296,1.41265954868704,2054.8024012006,0.0296728098641369
0.0944261159589444,7.74412301428478,2074.7623811906,0.0579116507412541
0.0554717817797286,3.22758151346831,2089.61980990495,0.0155572892281836
0.0653897700759137,1.26262771749805,2064.4072036018,0.0151943849600603
0.0954339704281225,1.09020803204812,2051.65082541271,0.0232592453545887
0.0631191976443156,1.23387969717049,2065.15757878939,0.0142268905042164
0.0985384839529666,16.2294041616006,2080.46523261631,0.0716155898828986
0.096094421428642,1.3804955427344,2054.50225112556,0.0291349447896649
0.081484302702671,1.36076598863131,2058.70435217609,0.0224991729365264
0.0818697775683482,4.20635552139048,2073.86193096548,0.0364731816149067
0.082828233477261,1.56242237457588,2060.20510255128,0.025268527039739
0.0776253138967712,7.2688443008963,2083.6168084042,0.0354756950512971
0.0937090275191157,2.92662172166501,2064.10705352676,0.0438777754989339
0.0983575681950231,2.85176528809274,2062.30615307654,0.047709666553268
0.0934702278751616,2.69996316651677,2063.35667833917,0.0419614585940123
0.0944489504747118,1.64552345116496,2057.05352676338,0.0324950184230049
0.0832357535133325,1.31834782642385,2057.65382691346,0.0227386144152419
0.0577574840814222,1.00288309926358,2063.95697848924,0.00815414168489811
0.0979680394929836,1.16484078042324,2051.95097548774,0.0255633155368447
0.0474596480247363,1.00288309926358,2071.31065532766,0.00497645546930439
0.0565345225768586,2.96905439714284,2086.91845922961,0.0158719064231456
0.0999975494614332,1.98987000774274,2057.80390195098,0.0405650950070124
0.0901320246338316,10.4473164853735,2080.31515757879,0.0534346636059029
0.0459532321437569,1.00288309926358,2072.66133066533,0.00342191642472564
0.0954686784068144,2.46233896144414,2061.55577788894,0.0420350414221747
0.0686297443409978,1.18513668643434,2061.55577788894,0.0158253474653845
0.0929030888118563,2.5933041997516,2063.05652826413,0.0407442230208629
0.0988841768513211,5.74036800209287,2069.50975487744,0.0616600582044298
0.0786685504880878,1.38846722913941,2060.05502751376,0.0215909054989592
0.0818931784521597,6.42246765119551,2079.26463231616,0.0395456693031376
0.0918057743691206,6.57210398204128,2074.16208104052,0.0524949836839539
0.0869813176892073,1.17494491051044,2054.8024012006,0.0221409283635297
0.0711692415353641,4.02857346483847,2079.71485742871,0.0267983849638184
0.0833778813861968,1.5850757161707,2060.20510255128,0.0257909029369126
0.099127311118867,1.54453302690677,2055.10255127564,0.0333457020728686
0.0822082530765761,3.27437776251048,2070.41020510255,0.0344897076242422
0.0821589327543136,1.63607591315362,2061.10555277639,0.0256202485967301
0.0510463082692428,1.40454896553258,2076.56328164082,0.010764744858975
0.0991159103964726,38.3836293157633,2089.01950975488,0.0761084924553093
0.0937430262456295,2.39935784176774,2061.85592796398,0.0399462181518802
0.0890001047733839,6.7058929175172,2075.81290645323,0.0487116194364108
0.0964883610599883,3.29328569222577,2064.55727863932,0.0486035328147103
0.0921555665603949,2.71555413295041,2063.80690345173,0.0410209583566331
0.0913253015339325,2.47655776434198,2063.05652826413,0.0385689031243304
0.0811883894607746,5.56142771178757,2077.76388194097,0.038057434410893
0.0773461964252338,3.39924796097488,2073.41170585293,0.0307174984837649
0.0767518348459995,1.04112859832463,2056.15307653827,0.0168761013175149
0.072824230179082,1.53566531100084,2064.10705352676,0.02015065085758
0.0650882568404832,1.94456383978917,2072.21110555278,0.0184080223888886
0.0888793465220303,1.44974067037263,2057.2036018009,0.0269174326693427
0.0807494059944463,2.36506706799381,2066.8084042021,0.0296469606914226
0.0858067890048833,4.37935702804035,2072.3611805903,0.0408785192664973
0.0921341004061117,1.1028352210931,2052.55127563782,0.0225164763524776
0.078641662173072,16.6554123326141,2093.67183591796,0.0393695928939895
0.0933947804928223,4.98510624458552,2070.26013006503,0.0518298337493008
0.0896172959642985,1.15815301335288,2053.90195097549,0.0227498478724805
0.0840487829642936,1.37256962462899,2057.95397698849,0.0237434628963485
0.0720274302330002,1.34518555643637,2062.30615307654,0.0183839544531895
0.0830720611738727,5.10125365829453,2075.66283141571,0.0393042142429209
0.0946543648431065,3.74881037659201,2066.65832916458,0.0488645988856901
0.0599295427772642,4.69264665877481,2091.72086043021,0.019242473975164
0.0685768844048017,2.94352153037066,2076.71335667834,0.0231281507106235
0.0972104676159919,2.81100886708374,2062.45622811406,0.0464188299106446
0.0777775493833906,6.84240540686637,2082.71635817909,0.0353447418801447
0.0933336374807982,3.29328569222577,2065.60780390195,0.0455109825452326
0.0908989840208191,1.01449885892793,2051.80090045023,0.0204040604469158
0.0982628314203016,37.6178394397509,2089.31965982992,0.0742209433076045
0.0622105128052426,2.53425879720196,2078.96448224112,0.0183265271623008
0.0717487054299049,12.5610156350281,2095.77288644322,0.0311016113064372
0.0904454556356029,1.30325307163827,2055.25262631316,0.0255405891060542
0.0502166021290148,2.08968112513086,2086.31815907954,0.0118958559643682
0.0675493980132722,1.2267955530143,2062.75637818909,0.0157355752292215
0.0562775970304416,1.79396288338358,2077.31365682841,0.0138030498080888
0.0618790062532962,2.69220128298041,2080.31515757879,0.0184134466384792
0.0441840555526193,1.91677282105974,2091.87093546773,0.00937122751118244
0.0978493403511329,3.88058521159597,2065.75787893947,0.0535592887573699
0.0730789782661213,4.09876636139165,2078.66433216608,0.0284379412814492
0.0910228381119825,3.00344307348301,2065.45772886443,0.0416151054570593
0.0747495173352484,5.49775074742009,2081.81590795398,0.0312748310442336
0.0950464903872883,1.65502554408647,2057.05352676338,0.032858039252831
0.0445084244723892,2.6460963359074,2099.52476238119,0.0101002723298156
0.0548419030909611,1.10601480450688,2068.00900450225,0.0108015175436812
0.0931945563639019,2.49085867387056,2062.45622811406,0.0403178265427615
0.078535596629269,4.49431145638251,2076.56328164082,0.0338241658533703
0.0898825831039149,3.0557743442915,2066.05802901451,0.0408783942550045
0.0831107635176599,5.49775074742009,2076.56328164082,0.0399679661176846
0.0882210362708707,1.85168407581574,2060.50525262631,0.0312044907998437
0.0750458142990625,1.09020803204812,2057.50375187594,0.0170164236272609
0.081195888487847,1.97275779657863,2064.10705352676,0.0276653846318365
0.0428387664716897,1.42081696649143,2085.71785892946,0.00821799926773314
0.0790960774479457,7.45964533309522,2082.86643321661,0.0374423917825395
0.0821077923481225,5.29579277470977,2076.71335667834,0.038424044832837
0.0824571599041882,2.00713065465068,2063.80690345173,0.0287007492704878
0.0648520707718317,3.26496454563336,2081.2156078039,0.0210910737831961
0.0594304398669684,1.00288309926358,2063.05652826413,0.0081172200239082
0.0765766648205396,1.70336542221432,2063.95697848924,0.0232151407178943
0.0942176362160164,1.35295334494457,2054.8024012006,0.0278292414624799
0.0848582675574802,2.63848930932274,2066.35817908954,0.0343095160530862
0.07289737354012,4.91386086905364,2081.51575787894,0.0290627642095143
0.0707074361391702,1.61734325078285,2065.90795397699,0.0197176837993592
0.075500650857364,4.74699861247518,2079.26463231616,0.0311849661698279
0.0770454755245478,1.21975208146059,2058.55427713857,0.0192160111902246
0.0722748570733341,1.12205075712963,2059.15457728864,0.0164193553645566
0.0887724484502812,1.11882507338448,2053.60180090045,0.0218056281699008
0.0819462556954358,1.05926897298544,2054.8024012006,0.0187183347669662
0.0602872972423861,2.33798763817471,2078.96448224112,0.0169926495669967
0.0766343032287911,1.4249133228412,2061.25562781391,0.0210369850485143
0.0866090067718663,14.0940971036004,2085.86793396698,0.0496582512285674
0.0724095957929398,1.44974067037263,2063.35667833917,0.0193719797296005
0.0912977027145096,61.7230832045355,2099.22461230615,0.06147663635507
0.0880272500309196,1.03813555048354,2052.70135067534,0.0201025923063677
0.0692938134746374,1.27725193454067,2062.60630315158,0.016811324895688
0.0754123696345844,2.18189932872234,2068.15907953977,0.0252638433503788
0.0869546687578115,3.6740180475533,2069.65982991496,0.0401713607033381
0.0697703931579601,2.74700667630971,2074.91245622811,0.0233941068299559
0.0522733872431089,2.10174801133249,2084.21710855428,0.012766773964348
0.0986426429207956,3.04698957090351,2062.90645322661,0.0494970997297589
0.0967921719057386,1.93339940407185,2058.40420210105,0.0375750709011711
0.0934685494672752,2.31788173275986,2061.55577788894,0.0390529205953407
0.0505124265464107,2.6460963359074,2091.27063531766,0.0126151409256236
0.0790351566937806,1.06232295058138,2055.70285142571,0.017895858823373
0.0599192207636484,2.75492656923522,2082.26613306653,0.017498631843978
0.0893207553601712,4.07523387938939,2069.80990495248,0.0440595417672549
0.0586156540943039,1.40454896553258,2070.56028014007,0.0134555922790128
0.0539989577380244,1.00288309926358,2066.35817908954,0.00385311038267681
0.0895708108115643,1.05622377499757,2052.55127563782,0.0208792235755799
0.0965053449649417,25.7990016756576,2086.46823411706,0.0692635005566527
0.0843373276824664,7.52435222533039,2079.71485742871,0.043608756590595
0.0374229018572719,1.27358007675926,2090.37018509255,0.00644601400901625
0.0996473093579431,1.28093437865255,2052.70135067534,0.0286177723527573
0.0571086220381347,2.7391095515787,2084.81740870435,0.0158999271376797
0.0758063438674629,1.15815301335288,2058.25412706353,0.0180605538337787
0.0578299261014662,1.16149208345279,2067.10855427714,0.0120038243977232
0.0920033416824298,4.50726900243269,2069.80990495248,0.0484500439857603
0.0905753996825841,2.14453349218355,2061.55577788894,0.0354784144245698
0.0856297182435967,5.65832869261085,2075.51275637819,0.0432075578644425
0.0968743858238838,2.44820179377353,2061.10555277639,0.0429637463978215
0.0757814728039008,1.84105289600553,2065.45772886443,0.0236744386077218
0.0772325510205755,1.02035709353375,2055.70285142571,0.0167584301187732
0.0779498264228595,16.1827476936424,2093.82191095548,0.0385735046249236
0.0944964406302693,1.32214875407135,2054.35217608804,0.027424043616895
0.0910487871931161,9.94831291991456,2079.26463231616,0.0545131304816075
0.0849857074773034,4.37935702804035,2072.66133066533,0.0402889521084246
0.0957885592436171,2.88479547897935,2063.20660330165,0.0456367637040563
0.0775343848974318,2.23273514877728,2067.40870435218,0.0269159348834437
0.0666853016477443,4.20635552139048,2083.76688344172,0.0235301552520362
0.0978057419910395,3.09116744284691,2063.35667833917,0.0488860984193999
0.076859877806424,8.32204495553973,2085.86793396698,0.0354200423498227
0.0862402142977243,1.45392041663176,2057.95397698849,0.0258078335507844
0.064982242450199,5.05738459676651,2088.26913456728,0.0227921648315441
0.0991206118527805,1.89482624889294,2057.50375187594,0.0386695011031989
0.0699881409984738,1.93897358646993,2069.2096048024,0.0209959441764142
0.0908184538027892,6.02830266228601,2073.71185592796,0.0500918926147285
0.0799619640571343,9.50045567592029,2085.41770885443,0.0394390048886177
0.093194593948286,20.3154738602905,2085.86793396698,0.0620887634127161
0.0712470759207982,1.82522046182733,2067.55877938969,0.0211279394026556
0.0714277039317007,1.09020803204812,2058.85442721361,0.0158634223491192
0.0788914725989381,1.017423759841,2055.10255127564,0.0171905960138145
0.0401192121152801,1.017423759841,2079.26463231616,0.00655574416733982
0.0564387240915373,3.03823005207779,2087.36868434217,0.0159459655074298
0.0700514706346392,1.2517695448338,2061.85592796398,0.0169148570228047
0.0741594986689768,9.89119610131619,2090.37018509255,0.0329518410973383
0.0924426249058416,1.50502732889567,2056.60330165083,0.029426433670882
0.0866791746328027,6.66739199053658,2077.01350675338,0.0455033706554753
0.0866591816758952,2.56361151152847,2065.30765382691,0.0352301851645703
0.0984391511777161,4.59902389909696,2067.40870435218,0.0571823009442093
0.0639939117446733,1.1481932879197,2063.35667833917,0.0139104923066786
0.0971879861593645,1.3490638599235,2053.90195097549,0.02901402725044
0.0841860747567296,4.61228334151361,2073.71185592796,0.0399028549605648
0.0580147763730167,1.00288309926358,2063.80690345173,0.00662819506321475
0.0965804761122476,2.77882351455518,2062.60630315158,0.0453961302559174
0.0575684343148285,1.00288309926358,2064.10705352676,0.00458204176058324
0.0600150342863345,1.40051115285914,2069.50975487744,0.0139823930031125
0.0992176781266699,4.58580257506987,2067.10855427714,0.0581037831149532
0.0818867790671929,1.13504676028852,2055.85292646323,0.0197980644292701
0.0740117338638061,1.46653209822205,2062.75637818909,0.0202449380976774
0.0921638850169908,1.11882507338448,2052.70135067534,0.0228488178977273
0.0687055948379533,13.0025492407616,2099.22461230615,0.0281522636201838
0.055604347275066,1.3686237465133,2072.21110555278,0.0122147179526813
0.0890292042639618,16.4173790695188,2086.0180090045,0.0543024129422287
0.029156017455844,1.04413027541975,2098.92446223112,0.0042516294505851
0.0839344950180497,1.04112859832463,2053.90195097549,0.019000467844026
0.0999206901860265,1.10601480450688,2050.90045022511,0.0248363960231665
0.0552966544008883,1.00288309926358,2065.45772886443,0.00263038308976363
0.0859553880520687,20.7290378618468,2090.8204102051,0.0500225391905609
0.0886102868987562,3.99392909131044,2069.80990495248,0.0432397619717387
0.0549200537459256,3.38947576589033,2091.12056028014,0.01543514193342
0.0969005709296623,1.92229906736858,2058.25412706353,0.0375817195778261
0.0686657573821525,2.39935784176774,2073.41170585293,0.0218540395644383
0.0890528340700537,7.2688443008963,2076.71335667834,0.0494635593587082
0.0959552670364125,2.49804006667886,2061.55577788894,0.04271249576763
0.0461617424024483,1.00288309926358,2072.51125562781,0.00366992754691664
0.083630591939768,5.89104782059798,2077.1635817909,0.0409917465720974
0.0796838497685895,1.035151107089,2055.10255127564,0.0176859199717323
0.090549250947178,1.68386231169735,2058.55427713857,0.0307747381085614
0.0852450454510029,3.56975293664868,2070.11005502751,0.0381559521421186
0.0676902098441971,2.9350594625955,2077.31365682841,0.0224652035721089
0.0916884135931675,1.81474121907939,2059.15457728864,0.0329349380706948
0.098739521256268,4.92802801770652,2068.00900450225,0.0588143105454229
0.0565361821008873,1.00288309926358,2064.70735367684,0.00460846021388147
0.091517791122725,2.39935784176774,2062.60630315158,0.0382107844276704
0.082490288948687,30.7519010092932,2098.17408704352,0.0457826534303665
0.0984884477545117,100.983649716517,2099.22461230615,0.0767174205174367
0.0636819364069076,2.90145376159538,2080.16508254127,0.019803164906952
0.0989023371503794,1.87313095952011,2057.35367683842,0.0382615221377978
0.0662335016748396,3.25557838997471,2080.01500750375,0.0220725965882201
0.0984482421078819,9.39167782086193,2074.91245622811,0.066686974292574
0.0526225732820678,1.00288309926358,2067.25862931466,0.00491245304151787
0.0974274468264302,1.1481932879197,2051.80090045023,0.0251050985523038
0.073936853295853,2.44820179377353,2070.71035517759,0.0252717569663476
0.0812697172769142,2.84356700216288,2069.05952976488,0.0320911394474355
0.0984428845713704,3.18145405986858,2063.35667833917,0.0504104491911996
0.0827421493469262,1.69358579278262,2061.40570285143,0.0264158401135656
0.068511982322258,12.9278969602916,2099.22461230615,0.0281602745655367
0.093180965968752,1.62668261683323,2057.35367683842,0.0314839228977428
0.0983969716784414,2.63848930932274,2061.40570285143,0.0461120571161092
0.0982162840058348,2.42714808378022,2060.50525262631,0.0441243928782162
0.0785416744189538,4.13432012050498,2075.51275637819,0.0330705883975435
0.0979242048964728,2.82724106811333,2062.30615307654,0.0471885705609546
0.0901737221355967,3.40904833026788,2067.25862931466,0.0427602577574347
0.0862927343358614,2.31788173275986,2064.10705352676,0.033577807260889
0.0665588129581859,1.34131840233837,2064.85742871436,0.0161954896421927
0.0970973374119539,2.85998721049474,2062.75637818909,0.0464991459535987
0.0931885594189075,1.28462743961633,2054.35217608804,0.0262872029694282
0.0969747992225398,5.773515819051,2070.41020510255,0.0585965902309829
0.0973270887870452,2.63848930932274,2061.70585292646,0.0451774514178465
0.098367518516114,1.53125056362849,2055.10255127564,0.032850360740064
0.0994588878190971,3.06458444505318,2062.75637818909,0.0503416931938739
0.0871882716000018,5.85722521042959,2075.06253126563,0.0455342062400657
0.0870827355611788,2.44820179377353,2064.55727863932,0.0349094340066753
0.0917512307740097,2.60078095318014,2063.50675337669,0.039790676977659
0.0908823354395634,1.64079288241399,2058.10405202601,0.0304242719173006
0.093573479377005,1.295770630155,2054.35217608804,0.0266403320091745
0.0996756079915359,1.33746236557711,2053.30165082541,0.0297591490435768
0.0881575211390406,3.9368492691367,2069.95997999,0.0422353289515884
0.098478536507635,1.47076025583445,2054.65232616308,0.0317729499513468
0.0984121659118012,46.1493981386924,2091.27063531766,0.0754136719966999
0.0734092095173765,1.60343464412786,2064.4072036018,0.0209701925352436
0.0985366954021936,1.67902152597229,2056.15307653827,0.0353122429104706
0.0995457968482669,1.61269369477906,2055.55277638819,0.034646037203625
0.0853485116752531,1.05622377499757,2053.75187593797,0.0196464686195068
0.0997700305433184,8.6145740489714,2073.41170585293,0.0682462018844495
0.0997753902699466,9.80613514975012,2074.7623811906,0.0695437926659565
0.075511551672157,2.13222095925085,2067.85892946473,0.0249844981450197
0.0450540485030022,1.91677282105974,2090.67033516758,0.0096846897136974
0.0744779831786414,1.0684573459204,2057.35367683842,0.0165421045041723
0.0526316665800883,1.00288309926358,2067.25862931466,0.0019915154428346
0.0992988924037846,4.62558101221893,2067.10855427714,0.0586208475651174
0.0873261298811105,7.31081832073186,2077.61380690345,0.0475037857826572
0.0903503549790653,2.45526020256225,2063.35667833917,0.0375359404109956
0.0795441322061461,4.55947384416678,2076.11305652826,0.0350339561311876
0.0748763090900166,4.59902389909696,2079.11455727864,0.0306684464741794
0.0442332593761772,1.00577451078852,2074.46223111556,0.00734702217274576
0.0846150026339061,1.08394875824941,2054.35217608804,0.0199301198911363
0.0465510207501791,2.72338334507132,2097.12356178089,0.0109777287701998
0.0645885197694196,1.72806227717372,2070.56028014007,0.0173025165614335
0.0944793871348361,1.09650345009091,2051.95097548774,0.0231225350060091
0.0921204506061869,3.95958264771409,2068.30915457729,0.0467244308624996
0.0970139562648321,3.98244730043134,2066.35817908954,0.0529716088417822
0.0943474918541404,3.46844676966084,2065.90795397699,0.0471755154091276
0.0848131608580877,1.14160110005127,2055.10255127564,0.0209067510863624
0.0914603356253726,3.71657187129828,2067.85892946473,0.0450836159923172
0.0871952350522099,1.4920846013006,2058.10405202601,0.0266329113980556
0.058846979313068,1.0808326105459,2064.85742871436,0.0118683732421762
0.0858444216620795,12.9651693704974,2085.26763381691,0.0486345110536678
0.0940359397821851,59.9714412603752,2096.97348674337,0.066328110840072
0.0987961745083488,4.3542135747773,2066.65832916458,0.0568366518890187
0.0926873220142111,11.9955386652786,2080.46523261631,0.0583016871025682
0.0963861617113411,3.01210229799636,2063.50675337669,0.0470141281003537
0.0956526246805241,2.99480874260266,2063.65682841421,0.0462347170592816
0.0835672132906267,4.0401882420282,2072.3611805903,0.0380385589914719
0.0906977715246398,38.8282025800898,2094.57228614307,0.0595282599892558
0.0897523136363069,1.30701047960937,2055.55277638819,0.0252348914274924
0.0967492044959757,2.13836836392825,2059.45472736368,0.0401089835420097
0.0713258761021402,1.70336542221432,2066.50825412706,0.0204787410752704
0.0913002671735631,1.2232687477884,2054.20210105053,0.0245179090786269
0.091261524562759,1.95579274466099,2060.20510255128,0.0341045108942947
0.050032232040165,3.82512526006857,2099.67483741871,0.0131914106234879
0.0927308526173631,10.5076446271293,2078.96448224112,0.0575934177132984
0.0654550273792877,7.16496054867685,2093.37168584292,0.024115420314319
0.0984711008940777,9.66598933399762,2075.21260630315,0.0669332327421071
0.0674691182707301,1.09650345009091,2060.65532766383,0.0146751476338751
0.0763949421783687,1.79913505645155,2064.85742871436,0.0237741875867473
0.063570417997593,3.65292419736599,2084.06703351676,0.0207941603980954
0.0585145196719892,3.04698957090351,2085.41770885443,0.01706618213776
0.0990123507311457,59.7990347074476,2093.52176088044,0.0773604305782297
0.0958823620007426,1.65026765861521,2056.75337668834,0.0332913738534495
0.0594217137948396,1.61269369477906,2072.66133066533,0.0146311793825467
0.0558218715540956,1.86774606222357,2078.51425712856,0.0137956698195868
0.0865724328458572,1.11560866287013,2054.20210105053,0.0210452706104504
0.0759691285851835,2.98619923379083,2072.3611805903,0.0285513858490648
0.0947266651816528,7.78884153617836,2074.61230615308,0.0587276003293706
0.0881501024576684,3.01210229799636,2066.65832916458,0.0389154949195937
0.0943752927851822,1.96708649096514,2059.30465232616,0.0363584105408047
0.0930326437588715,2.32456441587663,2061.70585292646,0.0387874898327649
0.0824499117560673,1.71320152422168,2061.55577788894,0.026543456428014
0.0885344921221859,4.37935702804035,2071.01050525263,0.0440528799441841
0.0776625945162426,6.8227347852315,2082.71635817909,0.0352923467571368
0.0858844734718265,1.7683242002651,2060.80540270135,0.0289470836643771
0.0969077798685438,2.0657547958787,2059.15457728864,0.0392035056959342
0.0797878539491293,2.97761447568876,2070.41020510255,0.0313834912569447
0.0720637036792506,3.01210229799636,2074.91245622811,0.025539323200312
0.0783165914047438,6.92165665438525,2082.41620810405,0.0361907602461812
0.0816861948020871,6.13333836012256,2078.8144072036,0.0389956527044192
0.0592555521854526,1.37256962462899,2069.65982991496,0.0135579743002492
0.0936559472580005,2.2071708865269,2060.80540270135,0.0384007690604694
0.0946779284057727,5.56142771178757,2071.01050525263,0.0546535200831426
0.0475227628943768,1.00288309926358,2071.31065532766,0.00750917216200738
0.0813083030167121,9.86276078296599,2084.96748374187,0.0412283605152621
0.0885328266809332,1.1481932879197,2054.05202601301,0.0222670295597341
0.099260977017875,1.23387969717049,2052.4012006003,0.0275148696946811
0.0817085894912985,1.04714060664789,2054.65232616308,0.018453168760484
0.0685607140766304,1.73304445225245,2068.15907953977,0.019296006617341
0.0922884934371747,5.75691805285236,2072.51125562781,0.0515565616879589
0.0757777324521711,1.90576794350953,2066.05802901451,0.0239632546783953
0.0799140610489184,3.29328569222577,2071.6108054027,0.032601224222048
0.0889168492587571,1.25899790157518,2055.25262631316,0.0241580777523294
0.0911662834110606,1.68386231169735,2058.40420210105,0.031084129500762
0.0873474007943224,1.64079288241399,2059.30465232616,0.0284524908252499
0.0927492083467236,4.32921447906216,2069.05952976488,0.0487246385115165
0.0557686969857123,1.00288309926358,2065.15757878939,0.002036859384271
0.0863913186352923,29.5370822190252,2094.57228614307,0.051828490823466
0.0827163848370701,1.3490638599235,2058.10405202601,0.0229672923449942
0.096855309072347,2.34472828861258,2060.50525262631,0.042194556429729
0.0828212390261115,1.19198027101602,2056.30315157579,0.0209146011356311
0.079783161419612,2.72338334507132,2069.2096048024,0.0304502193666872
0.0473760548393555,2.23917234584048,2091.42071035518,0.010896428989374
0.0731412280699393,1.9841495077581,2067.85892946473,0.0230120296450903
0.0875506966805342,12.2397329678754,2083.6168084042,0.0505048368955142
0.0456310221208175,1.16819913201946,2077.1635817909,0.0084005486607587
0.0593546637514739,1.00288309926358,2063.05652826413,0.0039730845308691
0.0790056228413677,3.75961856902805,2073.86193096548,0.0329650766174954
0.081586889738211,3.00344307348301,2069.50975487744,0.0331615488033089
0.0515709317649433,2.39935784176774,2087.81890945473,0.0128564756513249
0.0827198126800029,5.07196553857306,2075.81290645323,0.0388130196188572
0.0542495859145555,1.07772542117776,2067.85892946473,0.0104610000558604
0.0969619163584959,6.13333836012256,2071.01050525263,0.0595785343943573
0.091548449118928,1.09966477838038,2052.70135067534,0.0222920948936682
0.0994089246902034,5.95928009583079,2069.80990495248,0.0625257593553549
0.0834235188593058,1.62668261683323,2060.50525262631,0.0262637438604336
0.0715981448611693,1.26262771749805,2061.40570285143,0.0175222080889282
0.0964512125909132,2.45526020256225,2061.25562781391,0.042656971843612
0.0817378015160121,1.21274904899342,2056.90345172586,0.020812717462239
0.0934189598938964,1.75311720834914,2058.25412706353,0.0332124908787489
0.0947779628465034,1.20926262481036,2053.15157578789,0.025489260269978
0.0965394345395391,14.7585013912184,2080.61530765383,0.0665178984934099
0.0871124596621687,14.505756572389,2085.86793396698,0.050572698918436
0.0678977632824702,1.69358579278262,2068.15907953977,0.0187763174432403
0.0950962146826478,2.80292774815717,2063.20660330165,0.044173505784024
0.0986731549637016,2.63848930932274,2061.25562781391,0.0465120914902024
0.0975825735386441,3.15409462760941,2063.65682841421,0.0490810470260741
0.0985270504405885,1.80952418124502,2057.05352676338,0.0371557850068862
0.0566276747441923,5.23515726431772,2097.42371185593,0.0173421991245575
0.0940364934751038,2.78683513858361,2063.50675337669,0.0430783418175742
0.0475648320002579,1.43314150019665,2080.46523261631,0.00969100762716926
0.0906974482896956,5.41917883794353,2072.51125562781,0.0489541648547786
0.0990846453362115,2.61579919085284,2061.10555277639,0.0465233605385245
0.0974072810610838,6.57210398204128,2071.6108054027,0.0609283367793918
0.0547331447510544,1.79396288338358,2078.51425712856,0.0132179601699572
0.0811720947855441,1.09966477838038,2055.55277638819,0.0190963035285928
0.0887813496044714,2.04799000112185,2061.70585292646,0.0331886365908862
0.0737310539831365,1.45811221351425,2062.75637818909,0.02007318505753
0.0978850506915332,3.45847564108692,2064.55727863932,0.051190119839755
0.0884060296292181,42.3308183228056,2097.27363681841,0.0554303609106607
0.0866707492186752,1.96143148928283,2061.85592796398,0.0311303916519255
0.0821951833781476,2.38558227120577,2066.20810405203,0.0309243675222387
0.0977693207901998,1.33746236557711,2053.75187593797,0.0290337654818101
0.0914964581054932,12.1344753910871,2081.2156078039,0.0565715382033985
0.0439068832220308,1.20578622343754,2079.86493246623,0.00804390744819912
0.0927457859916934,8.27426512232383,2076.26313156578,0.0560375966674776
0.0885711737285888,1.62200621191813,2058.70435217609,0.0289122144675118
0.0900634299582909,10.1508316565282,2080.01500750375,0.0532068535107223
0.098818869370776,4.40464567244553,2066.8084042021,0.056914807409372
0.0961329860732549,6.53437118513655,2072.06103051526,0.059046285336297
0.0903035560919821,1.42081696649143,2056.45322661331,0.0271840407318065
0.093426896675175,2.23273514877728,2061.10555277639,0.0382651303766593
0.0901873505294805,2.94352153037066,2065.60780390195,0.040364781695813
0.0747840849743001,2.37188579111585,2069.80990495248,0.0255200990377986
0.071607427455294,4.20635552139048,2080.16508254127,0.0272047374203572
0.0919438430242825,1.40051115285914,2055.85292646323,0.0275774150415067
0.0961667229890547,1.23033252636976,2053.00150075038,0.0263901298949577
0.0905393934746327,1.53566531100084,2057.35367683842,0.0289448157630206
0.0530635008116081,1.00288309926358,2066.95847923962,0.00625122359979335
0.0984629213164519,3.84721348715026,2065.45772886443,0.0541158533750355
0.0707495800649559,1.88394737445416,2068.30915457729,0.0211467669916757
0.0662372433293586,1.79913505645155,2070.26013006503,0.0183745188334555
0.0897197372117981,1.72806227717372,2059.15457728864,0.0307968063390701
0.0706334116080731,1.00867425853989,2057.80390195098,0.0147180350632233
0.0850464762539408,1.32596064017055,2057.05352676338,0.0236520437986644
0.0921442238459906,12.7798757548119,2081.36568284142,0.0582188972483653
0.0927325223826303,4.41734470314007,2069.2096048024,0.0492643097883929
0.0928930151912594,6.64822449937834,2073.71185592796,0.0544360012169731
0.099381159359357,1.24458268867087,2052.4012006003,0.027775945210508
0.0975732349856613,7.67752616736229,2073.26163081541,0.0626721685796686
0.0992337130842779,7.41681684421187,2072.06103051526,0.0656876185839905
0.0823651552755473,5.60966897361054,2077.1635817909,0.0394695263338612
0.0482082575263999,1.07462716439149,2072.51125562781,0.0087693128716865
0.063414446347985,1.24458268867087,2065.15757878939,0.0143968446124039
0.0947300630437173,9.17784428848941,2076.4132066033,0.0601056376096628
0.0688460608110163,3.35066711121492,2078.66433216608,0.0239003651081161
0.0784881170729215,20.3740453880163,2096.3731865933,0.03965427511809
0.0712820027967544,1.23387969717049,2061.10555277639,0.0171815203525358
0.0860400278481382,3.26496454563336,2068.60930465233,0.0379376592900548
0.0572733725189881,1.00288309926358,2064.25712856428,0.00715649249801725
0.0912103639082941,1.55345194953386,2057.35367683842,0.0294463408129694
0.0740280440211952,2.51246502599404,2071.01050525263,0.0255927154831016
0.0797829170376338,15.3654978668113,2091.72086043021,0.0406648862313081
0.0867444442834698,1.21975208146059,2055.40270135068,0.02276520443769
0.0947045416766055,1.29204553462562,2054.05202601301,0.0269358708189346
0.0804481797246573,1.31077872056062,2058.55427713857,0.0214836027225652
0.0677430126139546,2.85998721049474,2076.86343171586,0.0223498451813826
0.0874307996388364,2.13222095925085,2062.60630315158,0.0330982095184718
0.0925682090591328,1.05015961695978,2051.80090045023,0.0215704108376295
0.0837702089735219,1.59422875299434,2060.05502751376,0.0261566458729269
0.0972970806756408,2.97761447568876,2063.05652826413,0.0477269570168088
0.0904562988881327,1.39247031798524,2056.15307653827,0.026874382943905
0.0879151298879393,1.55793070570556,2058.40420210105,0.0278254314379595
0.0960901513389417,2.66904925964653,2062.30615307654,0.0441810370479255
0.0734090413545962,1.04112859832463,2057.35367683842,0.015914284215373
0.0952704449695265,4.00544398533237,2067.10855427714,0.0508282576776577
0.0550703571145005,1.9841495077581,2080.31515757879,0.0137659069936721
0.0984780658215893,1.05318733137807,2050.60030015007,0.0232192879732192
0.0987108539432534,3.62151028088471,2064.70735367684,0.053326943693899
0.096275024375055,2.35826794741131,2060.80540270135,0.041764985550794
0.0979032946853861,5.04284557241036,2068.60930465233,0.0578448126769562
0.0486055512154506,1.0232988843187,2070.86043021511,0.00867002584370313
0.0950760522501887,10.0057595601981,2077.1635817909,0.0614615357054006
0.0962460436610567,1.13504676028852,2051.95097548774,0.0244418037946594
0.0893751388708136,1.02035709353375,2052.25112556278,0.0201291079517083
0.0800859857196591,1.19541686845759,2057.2036018009,0.0200233307801662
0.0902686786074618,3.10901742259474,2066.20810405203,0.0413166956634904
0.0970471811161777,1.75817161928149,2057.2036018009,0.0354758266487954
0.0995302968700313,2.00136053357019,2057.95397698849,0.0404335758034017
0.0837924336522035,1.74305193613896,2061.40570285143,0.0274754519268822
0.0817797480076308,3.44853317762211,2071.31065532766,0.0346058221016412
0.0830132569274642,1.62200621191813,2060.65532766383,0.0259567120488058
0.0718084077102716,2.10780755947618,2069.50975487744,0.022755461159714
0.0535565777017673,1.00288309926358,2066.65832916458,0.0058739118709104
0.0844930348625736,1.15482354244809,2055.25262631316,0.0209926625691915
0.0783645462208681,2.74700667630971,2069.95997999,0.0295512517668273
0.0697427054249179,2.65372529430481,2074.31215607804,0.023241512891438
0.0794486865121368,3.06458444505318,2070.86043021511,0.0315602863399412
0.0830973294933361,1.12853005133194,2055.40270135068,0.0200945564743424
0.0842428234497314,1.50070065992818,2059.15457728864,0.0253203839640499
0.0847371129402823,3.34103457688672,2069.50975487744,0.0369302035905187
0.0960811662720945,4.45566189315493,2068.00900450225,0.0534112100138853
0.0866826299869242,17.2408685151293,2088.11905952976,0.0507377239083187
0.0986528272518222,1.6741946565908,2056.15307653827,0.0351956563095757
0.0704800701439579,6.68661474347447,2087.81890945473,0.0281861490393712
0.0467742883595992,1.27358007675926,2078.21410705353,0.00906016108997167
0.0559464689359465,1.05318733137807,2066.20810405203,0.0108110957587604
0.0919520235842437,1.71814085427452,2058.40420210105,0.0319683331806043
0.0751591939071884,1.38846722913941,2061.40570285143,0.0200843748285152
0.0747208245266889,4.37935702804035,2078.66433216608,0.0300368268736078
0.047854935498176,1.00288309926358,2071.01050525263,0.0079996284471509
0.0932833056439307,12.2750213329814,2080.31515757879,0.0598137015749021
0.0881183673885518,19.2340622708831,2088.4192096048,0.0533849083441889
0.0976423766780258,21.151020824465,2083.76688344172,0.0706636303008421
0.0812552016472655,2.75492656923522,2068.60930465233,0.0317913373863598
0.0984530465460711,1.04714060664789,2050.45022511256,0.023036023440232
0.0982313724259843,1.37256962462899,2053.90195097549,0.0299228968105962
0.0861309143189463,2.09570588324384,2062.90645322661,0.0318445128699215
0.0962233297775373,3.97099851752979,2066.65832916458,0.0518334172704665
0.0815377159524541,1.1817296425721,2056.60330165083,0.020312103019084
0.0550119884394245,2.07171057200942,2081.2156078039,0.0139101433698919
0.0665242605296777,2.04210241714683,2072.21110555278,0.0194233463258486
0.0607992134301281,1.38846722913941,2068.75937968984,0.014265016072076
0.094467294190377,24.99478827893,2087.36868434217,0.0650082289790179
0.0387862070690332,1.65502554408647,2096.22311155578,0.00733133828028019
0.0858166928391532,2.91820823764409,2067.25862931466,0.0363749358751988
0.0879787402048444,7.58962040187813,2077.76388194097,0.0484231451697685
0.0946988622674845,8.58980877761041,2075.66283141571,0.0597186155596144
0.0510535331116085,1.00288309926358,2068.45922961481,0.00382067839011836
0.0867672289982333,2.60827926283097,2065.45772886443,0.0356423925028002
0.088556006388623,7.69966123740149,2077.61380690345,0.0493488888864969
0.0805121201951597,1.68386231169735,2062.15607803902,0.0251576185314536
0.09555735109709,1.28833114804146,2053.75187593797,0.0272304368518906
0.0628584471026537,5.40359972355987,2091.27063531766,0.0215187742611528
0.071052204373696,13.3438551917019,2097.27363681841,0.030534887712694
0.0566429179440071,3.10901742259474,2087.66883441721,0.0160841947860127
0.0940762929908586,8.84069935203988,2076.4132066033,0.0583241896524382
0.0960852740061614,18.5809222819382,2083.16658329165,0.0675988694666891
0.0847728392463957,31.5591124739724,2096.67333666833,0.0490937882217004
0.0932084228253229,2.51970871206025,2062.60630315158,0.0404666386737454
0.0782389862771266,7.56780167843215,2083.6168084042,0.0365755014369232
0.0504147292275156,2.99480874260266,2093.971985993,0.012884634362016
0.0984219549748017,3.40904833026788,2064.25712856428,0.0514520591875827
0.087758874733056,6.7058929175172,2076.4132066033,0.0472404236142078
0.0941492961690079,42.3308183228056,2093.2216108054,0.0656680146792485
0.086925859130343,1.52245910708953,2058.40420210105,0.0269533163724946
0.0951495753847812,64.4469398661078,2096.97348674337,0.0685292973157862
0.0891051335826665,2.71555413295041,2065.00750375188,0.0382238181974384
0.0992609010000187,1.70336542221432,2056.15307653827,0.0360360024719956
0.0854307576836764,1.61734325078285,2059.75487743872,0.027216586333894
0.0970100291900724,4.77441020717598,2068.30915457729,0.0560338567377223
0.079405919363439,3.1450272019994,2071.31065532766,0.0316462642589355
0.0915639433610361,1.47076025583445,2056.45322661331,0.0285648635954273
0.0802632439247671,3.74881037659201,2073.26163081541,0.0338888012967403
0.0528430192290048,1.21624552488348,2071.6108054027,0.0107176740165733
0.0632980277626115,1.53125056362849,2069.05952976488,0.0159370543267106
0.0725142855118368,4.25507507288674,2079.71485742871,0.0280056400592937
0.0968670771123439,1.04112859832463,2050.75037518759,0.0225430606842835
0.0997394335882263,15.0156499750721,2079.11455727864,0.0732441831890497
0.0535785129215669,2.1944987299355,2083.91695847924,0.0134427524163974
0.0954215656404997,2.98619923379083,2063.80690345173,0.0457252313046702
0.0651967883249415,4.80198009042612,2087.21860930465,0.0228100222670315
0.0992238648991948,3.26496454563336,2063.50675337669,0.05150804501874
0.091620974876615,3.33142973427318,2066.50825412706,0.0437113458808691
0.094822430846231,10.2980071327174,2077.61380690345,0.0611925193861668
0.031434026031057,1.12205075712963,2096.82341170585,0.00482879486486407
0.0673186833843744,4.14623977579979,2083.01650825413,0.0239603199174849
0.0981263883231911,26.3241943658462,2085.71785892946,0.0728555133619681
0.0998775311883077,1.40859841962076,2053.75187593797,0.0312729789025895
0.0889505566479776,2.21991621862324,2062.60630315158,0.0347491791046724
0.0763012049723288,3.95958264771409,2076.26313156578,0.0307724169914931
0.0761615607411358,1.26991877487462,2059.6048024012,0.0193686816853568
0.0995371414503973,3.97099851752979,2065.45772886443,0.0559317361707033
0.0762424015810686,1.1715671660767,2058.25412706353,0.0183273748859243
0.0729802091754566,1.3686237465133,2062.15607803902,0.0189625122656068
0.0938747134425506,5.38806539618403,2071.01050525263,0.0531200926027504
0.0977459614089952,5.79016143825715,2070.11005502751,0.0598452902047301
0.0880858133082778,2.73123512958793,2065.45772886443,0.0374961601249643
0.0976307869931595,1.26262771749805,2053.00150075038,0.0274958436527981
0.0728187697116655,1.017423759841,2057.2036018009,0.0154535026981143
0.0884759602250501,1.32214875407135,2056.00300150075,0.0250018479598073
0.0945852628326751,2.2071708865269,2060.50525262631,0.0391258947497434
0.0886736484788828,16.3701822092467,2086.31815907954,0.0532423941910831
0.0928714846683143,1.11240149892777,2052.55127563782,0.02297683351261
0.040010542013291,1.19198027101602,2084.3671835918,0.00697209622670232
0.081009476279396,1.00577451078852,2054.20210105053,0.0175967138685264
0.0990238120920875,1.5850757161707,2055.40270135068,0.0339735696417175
0.0827022754758649,1.05926897298544,2054.50225112556,0.0189414480556151
0.0879299486826083,1.83048275359669,2060.50525262631,0.0307906297139265
0.082853406053601,5.85722521042959,2077.46373186593,0.0402309211973203
0.0803140442199753,1.48351801054375,2060.35517758879,0.0233142726952787
0.0976036788121616,4.92802801770652,2068.45922961481,0.0571677615488636
0.0802536025236682,2.67674439360146,2068.60930465233,0.0308526327907725
0.0988570633539661,1.71814085427452,2056.45322661331,0.0359427092221234
0.088422703031191,1.52684850782001,2057.95397698849,0.0277049685725043
0.0845743023437139,1.11882507338448,2054.8024012006,0.0204645940086586
0.0794243462418035,1.42902148939294,2060.20510255128,0.0223092315989103
0.0838609039398266,3.15409462760941,2069.05952976488,0.035710867540648
0.0677481721619904,1.09335121002246,2060.50525262631,0.0147273307902083
0.0969687215487342,1.37652687910296,2054.20210105053,0.0294920955696447
0.0629904466991986,2.42017049201696,2077.46373186593,0.0186187493005175
0.0650908552654151,2.14453349218355,2074.012006003,0.0189588283905003
0.0839205157178952,1.68871705388817,2060.80540270135,0.0271337176243896
0.0684236814713018,7.18561784115829,2090.67033516758,0.0265656482434335
0.0605544753172939,5.5136013085513,2093.971985993,0.0199445853414888
0.0995185457979176,3.73803325566538,2064.85742871436,0.0545464421933254
0.0992247899603845,32.3875125587801,2087.21860930465,0.0759116525962706
0.0945174857782019,3.63195145450856,2066.35817908954,0.0481807752581234
0.0901060375265443,1.4455729400936,2056.75337668834,0.0274632044995425
0.0941731326556008,10.9713498785374,2078.66433216608,0.0603907992661932
0.0900168200319108,2.63848930932274,2064.25712856428,0.0386614173033848
0.096425106423578,1.08707389011608,2051.35067533767,0.023433375429429
0.0873707563922649,1.88937898174206,2061.10555277639,0.0309835753391488
0.0902166073756323,1.74305193613896,2059.15457728864,0.0312276249322616
0.081983393873121,1.05926897298544,2054.8024012006,0.0187117513763166
0.0996023536500611,3.62151028088471,2064.4072036018,0.0543365502180407
0.0801126290112106,2.79486986091936,2069.35967983992,0.0310298781774094
0.0582779251085916,1.00288309926358,2063.65682841421,0.00711649623935549
0.0492872295923082,1.00288309926358,2069.80990495248,0.0032697301687719
0.0897980184496615,1.70827639380871,2059.00450225113,0.0306236433276462
0.0516296465976174,1.00288309926358,2068.00900450225,0.00852728731134123
0.068329895564408,2.42714808378022,2073.86193096548,0.0216898876964101
0.0684675649378112,1.09020803204812,2060.20510255128,0.0148754890449365
0.097042214677803,10.5076446271293,2076.71335667834,0.0653498038209429
0.0907896652627605,2.91820823764409,2065.15757878939,0.0410396663538761
0.0748915690984094,1.669381663546,2064.4072036018,0.0221132438826561
0.0999444795580661,3.07341994620988,2062.60630315158,0.0510127540869618
0.0785809186772289,4.7881753057283,2077.46373186593,0.0341269532496678
0.0596356171004509,1.1481932879197,2065.75787893947,0.0125045097725496
0.0773828002452341,22.6641186288517,2098.7743871936,0.0382832361915339
0.0998632710095696,20.3740453880163,2082.11605802901,0.0756428536141121
0.0884595523345466,1.60343464412786,2058.55427713857,0.0287253429275347
0.072981204171336,4.15819379664401,2078.96448224112,0.028402453850942
0.0990404680590048,1.45811221351425,2054.35217608804,0.0319046770638327
0.0895552393380795,6.36723659478765,2074.91245622811,0.0490783660807416
0.0972944500639338,36.0279175169288,2089.46973486743,0.0719587831080325
0.0986381710870262,2.13222095925085,2058.85442721361,0.0414764885506823
0.0957547641191034,1.34518555643637,2054.20210105053,0.028365772519863
0.0558107776281997,1.00288309926358,2065.15757878939,0.00199249855499814
0.0853402126525424,6.20437693319619,2076.86343171586,0.043341148102849
0.0933457669094885,4.44285270778494,2069.05952976488,0.0499744754281332
0.0999305124116413,2.012917411563,2057.95397698849,0.0407614938577547
0.0829937631921047,12.169460288151,2086.46823411706,0.0441330191961234
0.0772585694384912,6.31248050684326,2081.9659829915,0.0344717911620773
0.0963778009149526,1.13178371549186,2051.95097548774,0.0244227106399465
0.0892457118494068,13.8527304550101,2083.91695847924,0.0540729836268032
0.0720494912075343,1.1817296425721,2060.05502751376,0.0169946083343977
0.0942235752591505,3.27437776251048,2065.30765382691,0.0461217812164844
0.0979038532408016,1.14160110005127,2051.65082541271,0.025040582724167
0.056318850837932,1.09650345009091,2066.8084042021,0.0111940130162882
0.0985719835375966,1.15482354244809,2051.65082541271,0.0256035551049196
0.0979259889247985,3.08228092099346,2063.20660330165,0.0491432130681454
0.0868745422740704,33.8167824081596,2095.77288644322,0.0529016609378009
0.0881800228202985,3.26496454563336,2067.70885442721,0.0399145336942599
0.0887988404861447,4.39198314906283,2070.86043021511,0.0445510755902416
0.0956797178434005,2.27818714703702,2060.65532766383,0.040417249303646
0.058104715855932,1.00288309926358,2063.80690345173,0.0108352523482329
0.0711904231965899,6.1865405227709,2086.0180090045,0.0287065693728661
0.0575936149492529,1.79396288338358,2076.11305652826,0.0144237799828008
0.0998225050009448,33.0468281812645,2087.06853426713,0.077388334714412
0.0989885411651383,4.97077500682395,2068.00900450225,0.0593054964129505
0.0602343770301932,4.70617602490094,2091.5707853927,0.0193432756608417
0.0623823665450541,1.29950646550457,2066.50825412706,0.0143790443228086
0.0952687606221964,8.08587329578959,2074.7623811906,0.0599430905211306
0.0720942539890039,3.52888015319671,2077.1635817909,0.0267062590232411
0.0821874540604272,5.23515726431772,2076.4132066033,0.0387122462690064
0.0957216534245192,1.43727338940046,2055.10255127564,0.0299651768750668
0.0700877668957028,1.39247031798524,2063.80690345173,0.0179317668730452
0.07880307187556,8.73947554283164,2085.11755877939,0.0378148012076497
0.0456269241162305,1.71320152422168,2087.06853426713,0.00960939846432221
0.0915661303593066,8.63941072106801,2077.31365682841,0.0547102859104378
0.0500845866303708,1.00288309926358,2069.2096048024,0.006907668907568
0.0652168761778732,2.18189932872234,2074.16208104052,0.0191896047782011
0.038296364001726,1.70336542221432,2097.87393696848,0.00725096630835315
0.0896078433927693,2.15071639511557,2062.0060030015,0.034653814188478
0.0838422657496094,4.14623977579979,2072.66133066533,0.0382683149137788
0.0836016266076778,4.760684680679,2074.46223111556,0.0394210050486237
0.0640622148766498,3.42873391662958,2082.56628314157,0.0208907186852744
0.097381863112684,8.73947554283164,2074.61230615308,0.0642393808608686
0.0645927791996929,1.09335121002246,2062.0060030015,0.0137111251781034
0.0536605361282252,1.92229906736858,2081.06553276638,0.013001251478193
0.0966094314505953,45.8844379566866,2092.32116058029,0.0716994453623337
0.0874317685724489,1.441417191251,2057.50375187594,0.0262026948729503
0.0963060300327704,4.0518365057735,2066.8084042021,0.0523770954002276
0.0719794264825389,1.25899790157518,2061.10555277639,0.0176967220417402
0.091919688511373,2.39935784176774,2062.45622811406,0.0385384015339043
0.084010266021401,8.10918567113405,2080.76538269135,0.0438284324664016
0.0818920706743378,3.6952337044061,2072.21110555278,0.0352822700924258
0.0999791252339462,1.31834782642385,2053.00150075038,0.0295369568452293
0.0813394272672917,1.12205075712963,2055.85292646323,0.0194834718028605
0.093212823556328,1.54009278652809,2056.60330165083,0.0303160329835221
0.0741935591482924,4.31676880609627,2078.66433216608,0.0296962625062494
0.0803908176354667,15.9056121278034,2091.72086043021,0.0414263707733315
0.083621582233935,4.81582467568853,2074.61230615308,0.0395223010197132
0.0456355803575702,1.00288309926358,2072.96148074037,0.00150157042581835
0.0996935341717373,1.26626799854054,2052.55127563782,0.0283467471113021
0.0943542057469237,3.75961856902805,2066.8084042021,0.0485479837816296
0.0613392977444056,3.21830282695794,2083.91695847924,0.0188162604954122
0.0756552288886667,1.40859841962076,2061.40570285143,0.0204897207611833
0.0973400227348983,6.862132740856,2072.06103051526,0.0614966850572905
0.0851012685221474,1.28833114804146,2056.75337668834,0.0230819679621819
0.0784443158538277,1.34518555643637,2059.6048024012,0.021101186486155
0.0890123495094018,13.8527304550101,2084.06703351676,0.0536643510905084
0.0493643930145492,1.59882507273807,2081.2156078039,0.0106753977780908
0.0921542904381416,1.39648494813358,2055.70285142571,0.0276692116799705
0.0933354625574519,12.2045460501459,2080.16508254127,0.0601791372204322
0.0718420899370758,1.12205075712963,2059.30465232616,0.0162651856267186
0.0993952951090027,4.59902389909696,2067.10855427714,0.0582493570788972
0.0824565264705721,1.65502554408647,2061.10555277639,0.0259691082953949
0.0703346132595692,1.035151107089,2058.40420210105,0.0149016305608777
0.0930760496581884,20.7290378618468,2086.16808404202,0.0619162644848905
0.0660811947094903,5.16033824803901,2087.51875937969,0.0238097023391749
0.0992521242836851,4.73335188912938,2067.40870435218,0.0587710423092031
0.0861950333282951,2.1944987299355,2063.50675337669,0.0325679044187325
0.0766615533917945,1.32214875407135,2060.05502751376,0.0200803848232671
0.0805744818588258,10.9083594392703,2086.7683841921,0.0406570836795495
0.0956553208145682,1.23743709481674,2053.30165082541,0.0263332223358988
0.0770799886292419,1.28833114804146,2059.45472736368,0.0199429883116605
0.0827681409412555,1.38846722913941,2058.55427713857,0.0233988547324309
0.0746150548992242,2.75492656923522,2072.06103051526,0.0267235976802328
0.0979223516039328,11.1946946742062,2077.01350675338,0.0671822578391884
0.0895688860258849,3.43861929685961,2067.70885442721,0.0420674912598976
0.0963654556866068,2.72338334507132,2062.45622811406,0.0447887901762163
0.0881262941880888,5.49775074742009,2073.86193096548,0.0460465774789902
0.0970668149559322,1.80432214140788,2057.50375187594,0.0360984906901025
0.0947227711451364,1.39648494813358,2054.95247623812,0.0288696202800858
0.0739832058710005,2.91820823764409,2073.26163081541,0.0267425969017679
0.0629577771055852,1.82522046182733,2072.51125562781,0.0169503295394025
0.0849069682623321,26.6290908341743,2094.57228614307,0.0489110504950778
0.0618497820151643,2.14453349218355,2076.26313156578,0.0173026348697078
0.0860093072066459,1.62200621191813,2059.6048024012,0.0275597199811349
0.0929214324415369,1.13831921276723,2052.85142571286,0.0234634257367665
0.0944928628491344,1.74305193613896,2057.80390195098,0.0338093159099235
0.0492686096368797,1.00288309926358,2069.80990495248,0.00442615625049867
0.0989000500627654,2.21353437928443,2059.30465232616,0.0423255636985743
0.0895574955661353,10.3873347090322,2080.46523261631,0.0529865539005863
0.0784693239572394,2.80292774815717,2070.26013006503,0.0297248481674373
0.0917277024326406,15.5434666953568,2083.76688344172,0.058540048734265
0.0473626763562165,1.00288309926358,2071.46073036518,0.00208899543893369
0.088267446082889,1.91126246166401,2060.95547773887,0.0317761559907432
0.0969180156445843,1.39648494813358,2054.50225112556,0.0297308592385716
0.091529168004099,3.82512526006857,2068.15907953977,0.0455446459553021
0.0783756611773788,1.75311720834914,2063.65682841421,0.0245007058986818
0.0628968555632676,2.35148837301477,2077.1635817909,0.0182892818774918
0.0526687873568705,1.00288309926358,2067.25862931466,0.00763939809049456
0.0807674276462278,1.32596064017055,2058.55427713857,0.0218251743650606
0.0577575164242647,1.00288309926358,2063.95697848924,0.00150195355794084
0.0455231990395741,1.56692699337341,2084.96748374187,0.00931252532059997
0.08916374319821,9.44591016576076,2079.71485742871,0.0513895821074061
0.07132912138618,4.11058351166975,2080.01500750375,0.0268583239296912
0.0769791116114631,2.51970871206025,2069.50975487744,0.027640025852206
0.0591007731949024,1.5850757161707,2072.51125562781,0.0144206699982206
0.0997511346478681,3.17230798106454,2062.90645322661,0.0517336196821637
0.0847748078955148,5.08658851868221,2074.61230615308,0.0414414242592487
0.0992934098460653,7.99329205722658,2072.81140570285,0.0667082579707727
0.0775735625807476,7.56780167843215,2084.06703351676,0.0358762242680624
0.083916222138163,1.15815301335288,2055.55277638819,0.02084879746013
0.0989806919359397,20.6100250498449,2082.71635817909,0.0737044174395047
0.0695837346630333,2.47655776434198,2073.41170585293,0.0225620296523515
0.0851775711645489,3.43861929685961,2069.65982991496,0.0377081355478578
0.0963366096075859,2.63090415150101,2062.0060030015,0.0442225256349374
0.0388162499156743,1.03217524340486,2081.51575787894,0.00629050828872583
0.0734047521614724,8.66431899975565,2089.1695847924,0.0317374336182867
0.087865930626115,5.05738459676651,2073.11155577789,0.044589074333318
0.0472510117375425,1.23387969717049,2077.01350675338,0.00905978147391714
0.0769152008936952,23.8009421380058,2099.82491245623,0.0378148396086291
0.0871794068677325,9.61049343596866,2080.91545772886,0.0490552987923285
0.0988865399441578,9.12515100556096,2074.46223111556,0.0669116528408793
0.0848865675927327,7.65545473146367,2079.5647823912,0.0445367065161831
0.0996732673571273,1.35685404373703,2053.45172586293,0.0301797386245806
0.0975041978291635,3.60071789654471,2065.15757878939,0.051460651151065
0.0959289206378477,4.59902389909696,2068.45922961481,0.0535330550834437
0.096510393402811,2.52697328239242,2061.55577788894,0.0433617861734107
0.0668952727460516,1.7230944249062,2069.05952976488,0.0184183234571446
0.0532068576076582,1.04714060664789,2067.85892946473,0.0100303446650759
0.0739919086638227,5.60966897361054,2082.56628314157,0.0307743879834823
0.0575724106256936,1.97844545312916,2078.06403201601,0.014872714677028
0.0800410107959922,7.90177085082341,2083.01650825413,0.0386823082129364
0.068924283317038,1.26262771749805,2062.60630315158,0.0165421555696073
0.0607703599190756,1.00288309926358,2062.30615307654,0.00841307161922146
0.0940356021874171,11.0665182039154,2078.8144072036,0.0602985958888012
0.077826008357668,2.98619923379083,2071.46073036518,0.0298244803528475
0.07208515686795,4.00544398533237,2079.11455727864,0.0273168479871341
0.0843785532129538,4.3542135747773,2072.96148074037,0.0394261751293309
0.0736618362058949,3.15409462760941,2074.61230615308,0.0270401069600232
0.0577564733518445,1.00288309926358,2063.95697848924,0.00492299848942719
0.0676396303043911,2.74700667630971,2076.26313156578,0.0220820003629162
0.0703885655572202,1.38846722913941,2063.50675337669,0.0181014512545505
0.0994333452433838,4.09876636139165,2065.75787893947,0.0566465348593838
0.0967006131798558,11.1946946742062,2077.61380690345,0.064915202026681
0.0932354399466885,1.68871705388817,2057.80390195098,0.0323237174051329
0.0813075910419269,1.669381663546,2061.70585292646,0.0255142187870525
0.0960709802462928,2.9350594625955,2063.35667833917,0.0461260862952236
0.0770535276924236,4.67915618701786,2078.06403201601,0.0325762403403379
0.0662764490575593,2.84356700216288,2077.76388194097,0.0214189737614276
0.0979554378135413,1.95579274466099,2058.10405202601,0.0387168221054269
0.085348294658634,2.2456281019818,2064.10705352676,0.0323754305841549
0.0990668406053702,6.90175820040029,2071.46073036518,0.0641120922341105
0.0975631975897403,1.18855355314224,2052.25112556278,0.0259755769765233
0.0703207155704945,1.31077872056062,2062.60630315158,0.0174558767804616
0.0700798707771931,6.55321042588835,2087.81890945473,0.0278200182489804
0.095072044287471,1.45392041663176,2055.40270135068,0.0299518626080878
0.082192683675065,1.34518555643637,2058.25412706353,0.0226361416872696
0.0891928298161451,1.4455729400936,2057.05352676338,0.0270039205652218
0.0973054776698031,1.29950646550457,2053.45172586293,0.0280972022948212
0.0757246933689576,4.29198469417562,2077.61380690345,0.0309980519113
0.0964893013672576,13.4209094274668,2079.5647823912,0.0662304154279094
0.0697245381422816,1.0232988843187,2058.55427713857,0.0145981281771532
0.0850984975197216,2.89311263070037,2067.40870435218,0.0357226341864426
0.0509088546047992,1.33361741419236,2075.36268134067,0.0105290722444053
0.0777896893749159,1.75817161928149,2063.95697848924,0.0241882460118637
0.0722457804214506,2.7391095515787,2073.26163081541,0.0251236531955472
0.091968889522638,8.1325652583707,2076.4132066033,0.0549075621225618
0.0775807706594464,2.35826794741131,2068.15907953977,0.0275289462027906
0.0964771970977118,6.04568285725226,2071.16058029014,0.0582459525842741
0.0842558842450932,8.15601225127809,2080.76538269135,0.0439233670446359
0.0936061104102884,3.46844676966084,2066.20810405203,0.0463213017504815
0.084987016167683,2.57100265798945,2066.05802901451,0.033907905350447
0.0959230610082216,20.788801735641,2084.51725862931,0.0673433401400119
0.0641995062187041,2.10174801133249,2074.16208104052,0.0184592202787271
0.0966591896148044,1.12528574084121,2051.80090045023,0.024331735164096
0.0992092327144161,13.7336016436691,2078.51425712856,0.0711862773512385
0.09782234627046,2.37188579111585,2060.35517758879,0.0432636230428595
0.0823311480483558,6.2943333190863,2078.66433216608,0.0401368905560901
0.0934240486417416,15.4542261000141,2082.71635817909,0.0615227039181033
0.0892340977220515,1.83048275359669,2060.05502751376,0.0316260239337582
0.083845971393989,1.45811221351425,2058.85442721361,0.0247017032744973
0.0884857615038405,17.5918424880948,2087.21860930465,0.0533989444662558
0.0725727641204928,16.3701822092467,2098.7743871936,0.0323410518564364
0.0862980967704286,6.40400427119728,2076.71335667834,0.0447958172652931
0.0695380258455039,9.28414544519475,2093.37168584292,0.0284105246823227
0.0947187551427878,1.60805750536954,2056.75337668834,0.0320515159809222
0.0954725751222155,5.74036800209287,2071.01050525263,0.0562007855474106
0.0641855439734859,2.66904925964653,2078.36418209105,0.0197058545701083
0.0990898444418087,6.96162583541039,2071.46073036518,0.0646777944431453
0.0536688606805804,1.00577451078852,2066.65832916458,0.00989793234163093
0.0928401380314144,1.0684573459204,2051.95097548774,0.0220784597450277
0.0961420586239507,1.1481932879197,2052.10105052526,0.0246783450395973
0.0982020440438989,2.43414579263315,2060.50525262631,0.0442450450553327
0.0818234132283242,1.53125056362849,2060.20510255128,0.0245268341800569
0.091677380660315,2.13222095925085,2061.10555277639,0.0361468748478706
0.0965748296003119,43.9451273819645,2092.02101050525,0.0706877781467921
0.077392649763927,1.91677282105974,2065.30765382691,0.0250773189404784
0.0650153983651194,9.72180569368846,2098.62431215608,0.0243706800830979
0.0625585407586594,6.7058929175172,2095.17258629315,0.0217863309978046
0.0812344839118846,12.4171951294921,2087.96898449225,0.0418326857016428
0.0668869575908545,2.16313573014221,2072.96148074037,0.020018794161948
0.0536803133299763,2.10780755947618,2082.86643321661,0.0133825665878581
0.0870874359475312,1.07772542117776,2053.60180090045,0.0205776467452842
0.0698887694513119,12.8907317012169,2097.87393696848,0.0293625732931995
0.082474625005261,1.38447564841702,2058.55427713857,0.0232300654269312
0.057241187014008,1.7230944249062,2075.66283141571,0.0140417937075816
0.0996828103794862,1.09335121002246,2050.75037518759,0.0244418252621766
0.0802020047820205,4.18220533158347,2074.61230615308,0.0350015880397728
0.0492439607800332,1.00288309926358,2069.80990495248,0.00179809629658134
0.0928345217609911,8.20310923201435,2076.11305652826,0.056151634688468
0.0616231399062781,1.38447564841702,2068.30915457729,0.01450548948054
0.0584134584015438,1.96143148928283,2077.31365682841,0.015165810918544
0.0888417816939794,2.13836836392825,2062.15607803902,0.034129284529197
0.0997241951473769,2.04799000112185,2058.10405202601,0.0411673344288862
0.0821455729648888,4.19426304469508,2073.71185592796,0.0366241880857889
0.0900333872130188,10.0925521055113,2079.86493246623,0.0535777730741925
0.093167589291782,6.15102138343189,2072.81140570285,0.0536180104250983
0.0973471727925735,2.85176528809274,2062.60630315158,0.0467632947645593
0.0475249953656611,1.00288309926358,2071.31065532766,0.00568527388100523
0.096095675353609,12.345903576098,2078.96448224112,0.0644659849815331
0.0763194189440513,1.07772542117776,2056.90345172586,0.0172439696128942
0.0996158582152883,1.1988633739507,2051.95097548774,0.0268487000976117
0.08436680204654,4.32921447906216,2072.96148074037,0.0391896801525407
0.0893502489415266,1.19198027101602,2054.35217608804,0.0233011675480884
0.0826178612982024,8.20310923201435,2081.81590795398,0.0419803648404456
0.0763679103497264,4.23064516672908,2077.01350675338,0.0315118658604286
0.0974168075227334,3.51873529007318,2064.85742871436,0.0511906535242009
0.0878221208659553,1.31077872056062,2056.15307653827,0.0245093624199952
0.0741129479756568,1.24100474879353,2060.05502751376,0.0183188866403992
0.0910054917882057,1.78880557933512,2059.15457728864,0.0322664588087509
0.0871042376366067,2.48369792620856,2064.70735367684,0.035166457555733
0.0764592186456072,2.46943812909056,2069.50975487744,0.0270616899559555
0.0511764580562598,1.0232988843187,2068.75937968984,0.00935590599997299
0.09863407995593,1.23387969717049,2052.55127563782,0.027305870027452
0.098731460174552,2.46943812909056,2060.50525262631,0.0450247282989302
0.0974392763124938,1.75817161928149,2057.05352676338,0.0357465470903722
0.075380283454388,3.65292419736599,2075.66283141571,0.0294634776535695
0.096000108155829,3.28381811862624,2064.70735367684,0.0480208360929028
0.0665918535649508,5.64206206761865,2088.56928464232,0.0243646926764517
0.0614854499555668,5.48194575365476,2092.92146073037,0.0205522902658808
0.077828697443137,1.2267955530143,2058.40420210105,0.0195739919765139
0.0806362124518872,2.83539228475476,2069.2096048024,0.0317721418777607
0.0913773508184029,1.51808232505612,2057.05352676338,0.0290191710695844
0.0587122635929868,1.83048275359669,2075.66283141571,0.0149968923225076
0.0832258245237411,1.26991877487462,2057.05352676338,0.0221487384009303
0.0458221650041676,1.07462716439149,2074.7623811906,0.00812696838323339
0.0909509973536399,1.77342245446464,2059.15457728864,0.0319448233242128
0.0921507366724649,2.08968112513086,2060.65532766383,0.0361658900775237
0.0687253198883062,1.4455729400936,2065.00750375188,0.0177650879874992
0.0995547288554491,1.9841495077581,2057.80390195098,0.0402099994752172
0.0734267553216866,4.77441020717598,2080.61530765383,0.0295957261097669
0.0680853290847254,1.0684573459204,2059.90495247624,0.0146019923058276
0.0944962184712015,1.54453302690677,2056.30315157579,0.0310511781701365
0.0978288916311023,1.43727338940046,2054.50225112556,0.0309635605623159
0.0996101672300377,2.0657547958787,2058.25412706353,0.0412979851121447
0.098589723905979,4.31676880609627,2066.65832916458,0.0563460933390617
0.0808821045833293,10.5379392096157,2086.16808404202,0.0407611356386239
0.0448418118141227,1.03217524340486,2074.46223111556,0.00776489723362274
0.099252758817862,18.1056638759021,2081.2156078039,0.0738041901187936
0.083035625881988,1.295770630155,2057.50375187594,0.0223429276827647
0.0780997010627137,2.70774742833384,2069.95997999,0.0291287388782553
0.0833537152712622,3.55949057200184,2070.86043021511,0.0365079685171155
0.0971346756650034,2.01872085226992,2058.70435217609,0.0389152403368519
0.0924437268550476,5.48194575365476,2071.76088044022,0.0516752026784864
0.095418453134806,4.46850800867783,2068.30915457729,0.0525781898705884
0.0478096957885846,1.00288309926358,2071.01050525263,0.00664001881227673
0.0975285326100625,1.28833114804146,2053.30165082541,0.0279533442198088
0.0542405487376083,3.62151028088471,2093.2216108054,0.0152125290188994
0.0555874985759957,1.80432214140788,2077.91395697849,0.0135909148546492
0.0959068846274138,3.98244730043134,2066.8084042021,0.0514761912337934
0.0781463681583751,13.3054941313703,2091.12056028014,0.0383304495878853
0.0901839195535681,2.21353437928443,2062.15607803902,0.0356135318979552
0.0978555602622823,2.10174801133249,2059.00450225113,0.0403345583013022
0.0701261155834878,3.44853317762211,2078.21410705353,0.0249921399773011
0.0847419182547016,12.2045460501459,2085.26763381691,0.0467413177621039
0.0924535274137445,17.6934267723322,2084.81740870435,0.0601146279834258
0.0782291580662076,6.09812467340626,2080.76538269135,0.0355291087155705
0.0811330250786445,1.60343464412786,2061.10555277639,0.0248893080303304
0.0783315405979281,1.29204553462562,2059.00450225113,0.0205076522510898
0.0682423631440822,1.00577451078852,2058.70435217609,0.0139944610630011
0.0793984961056895,2.08367368705817,2065.60780390195,0.027318458684903
0.0718860643469484,10.5987906532703,2093.2216108054,0.0309012418301472
0.0924983457485474,7.00182581890258,2074.61230615308,0.0538048157251581
0.0505857460086081,1.21975208146059,2073.56178089045,0.0100246980618559
0.0898142763702584,25.2842870786632,2090.37018509255,0.057126446024878
0.0745802303669024,5.43480286846039,2081.66583291646,0.0312647513532962
0.0998057871857986,3.27437776251048,2063.35667833917,0.0521783058961785
0.0977961708869232,3.28381811862624,2063.95697848924,0.0502683704226161
0.0409269873104827,1.59422875299434,2091.72086043021,0.00788936262799007
0.0468374169366581,1.00288309926358,2071.91095547774,0.00723195998417837
0.0565473141267561,1.00288309926358,2064.70735367684,0.00838729276540938
0.0939585504744367,1.41265954868704,2055.40270135068,0.0287011074750095
0.0982246992198539,3.00344307348301,2062.90645322661,0.0487128820747108
0.0908203600453779,8.84069935203988,2078.06403201601,0.0533413732918013
0.0784130375833099,1.73804099143649,2063.50675337669,0.0244278661055392
0.0622949676131205,1.12528574084121,2063.80690345173,0.0132002888074692
0.0627649530563625,1.68871705388817,2071.31065532766,0.0163307343001344
0.0572612182722792,1.95579274466099,2078.21410705353,0.0146178036198862
0.0896964781103412,1.31077872056062,2055.55277638819,0.0253070168682776
0.0628071060230803,2.47655776434198,2078.06403201601,0.0185844636159966
0.0991653768474032,12.9278969602916,2077.91395697849,0.0706501715076609
0.0603263906849522,7.08292353206951,2098.47423711856,0.0203456840260322
0.0570512544274078,1.12853005133194,2066.95847923962,0.0116013089096134
0.0897551679837495,16.9456122371505,2086.0180090045,0.0551662989753756
0.0672318508936142,7.20633469066447,2091.72086043021,0.0256682643500122
0.0844683234508397,1.76324060258228,2061.25562781391,0.0280698597456762
0.062629045524214,7.54604567969013,2096.97348674337,0.0221738737300148
0.0722635307916097,1.77342245446464,2066.65832916458,0.0213645657664279
0.0951401654627614,6.92165665438525,2073.11155577789,0.0582438886139922
0.0605596600322967,4.63891702142887,2090.97048524262,0.0195380527972231
0.0651523241479329,2.80292774815717,2078.36418209105,0.0206255805614296
0.0516633206566011,1.00288309926358,2068.00900450225,0.00751798021820609
0.0877224452073806,5.07196553857306,2073.11155577789,0.044758360956372
0.0713186207952355,4.14623977579979,2080.16508254127,0.0268826141519734
0.0934100826629257,2.81911328467833,2063.80690345173,0.0428168829941557
0.0827239621238739,1.03217524340486,2054.20210105053,0.0184932915741335
0.0945852066295047,12.5972302899552,2079.86493246623,0.0624362820462338
0.0748575504602984,1.57144459943409,2063.50675337669,0.0214071516135841
0.0664684019042508,1.0808326105459,2060.95547773887,0.0141531326183689
0.0997158935060393,1.23387969717049,2052.25112556278,0.0276810650122834
0.0986571875451359,1.6984685687346,2056.30315157579,0.0355640701184489
0.0801126090726838,2.91820823764409,2069.95997999,0.031448968748203
0.0887808234597303,1.36076598863131,2056.30315157579,0.0257018622926875
0.0880844349643831,1.84105289600553,2060.50525262631,0.0309810530362324
0.0794075683149904,2.52697328239242,2068.30915457729,0.0294600079545867
0.0463071928377173,1.00288309926358,2072.3611805903,0.00276169658769388
0.0690557395668503,1.26626799854054,2062.60630315158,0.0166060995486982
0.091300876206381,2.11388457789867,2061.10555277639,0.0357385294248021
0.094479820599646,1.10601480450688,2052.10105052526,0.0232871398427764
0.0984145440786635,9.72180569368846,2075.21260630315,0.0673764599477076
