0.0790391645295734,10.9083594392703,2086.61830915458,0.0423591714728715
0.0957069417325502,5.01389279437678,2068.30915457729,0.0589522600114599
0.0622633339108053,1.74807732789242,2070.41020510255,0.01733550858528
0.0889602010072918,6.96162583541039,2075.06253126563,0.0533690169953985
0.0724142679732051,7.72186012504483,2086.91845922961,0.0332381928543579
0.0923848940992531,1.36076598863131,2054.05202601301,0.0276189907163253
0.0761390453898218,1.24458268867087,2057.65382691346,0.019690820975287
0.0747225776249154,14.0940971036004,2093.37168584292,0.0378323472420308
0.0821491517967262,8.39423252506469,2081.2156078039,0.0451011982406833
0.0995664260623732,6.98169689372975,2070.26013006503,0.0707566161892072
0.0670329819553909,7.58962040187813,2091.27063531766,0.0278295922114421
0.0769689773396821,1.97275779657863,2064.55727863932,0.0264451500145236
0.0838100823691774,4.7881753057283,2073.26163081541,0.042671451181432
0.0734114077590147,1.37256962462899,2060.35517758879,0.0199114684641073
0.0983625133124982,2.88479547897935,2061.25562781391,0.0507430215353651
0.0995751850176831,5.5136013085513,2067.85892946473,0.0664011246022024
0.08537493895527,3.35066711121492,2068.00900450225,0.040131973881244
0.0978132924938124,3.33142973427318,2063.05652826413,0.0534877713273165
0.0895220969631315,1.59882507273807,2056.90345172586,0.0301291140740421
0.0676822280281783,4.65229147967714,2083.01650825413,0.0267841192865677
0.0914128605555096,3.17230798106454,2064.85742871436,0.0453591826923927
0.0899622863647265,3.83615347588896,2067.70885442721,0.0469260365319498
0.0844356595983211,1.42081696649143,2056.90345172586,0.0252083517724013
0.0870867531020134,6.11570617216135,2074.46223111556,0.0495647063942843
0.093028507625504,16.1362253542068,2082.41620810405,0.0663627814666152
0.0911639877970056,1.3490638599235,2054.20210105053,0.0270102168141984
0.0607872552408176,2.23917234584048,2076.11305652826,0.0181498444182229
0.0773661341064702,2.39935784176774,2067.10855427714,0.0292624498187441
0.0313389572596865,1.04714060664789,2090.37018509255,0.00498732042421296
0.096771784052707,1.28093437865255,2052.10105052526,0.0277447408202849
0.0769932378439661,1.33746236557711,2058.55427713857,0.0210626936019503
0.0935458725744757,1.97275779657863,2058.40420210105,0.0372855018710758
0.0834202971227683,3.49853297367273,2069.35967983992,0.0389716207463334
0.0811514251110868,2.62334079957365,2066.65832916458,0.0331849993171638
0.0937257095257532,12.345903576098,2079.11455727864,0.0659212769413797
0.0934482881086993,3.60071789654471,2065.45772886443,0.0501483079216329
0.0983816590962939,1.53566531100084,2054.05202601301,0.0334087983871437
0.0860632643901528,1.4455729400936,2056.60330165083,0.0263329817288217
0.0922222458250503,8.17952684419346,2075.36268134067,0.0596090972768307
0.0901884347548272,3.35066711121492,2065.90795397699,0.0452080780940619
0.0909357161847393,2.18189932872234,2060.50525262631,0.0376032488965598
0.0885925361300485,1.51371812544339,2056.45322661331,0.028447956578607
0.0773648730430086,1.70336542221432,2062.15607803902,0.0247178840461409
0.0938489638219211,1.16819913201946,2051.65082541271,0.0243821201027829
0.0900985380060375,8.66431899975565,2077.01350675338,0.0570586999521726
0.0838207939512416,11.1304219326752,2083.6168084042,0.0490864018187767
0.0825027077711866,26.3241943658462,2095.02251125563,0.0502027490758477
0.0905611818461396,2.48369792620856,2062.15607803902,0.0400681858301337
0.0855040222399989,9.5553161597167,2080.76538269135,0.0505567670427015
0.0900708375978939,2.65372529430481,2063.20660330165,0.0407664004775005
0.0830303541684958,2.03623175886238,2062.45622811406,0.0307708910854416
0.0950423903714336,1.15815301335288,2051.20060030015,0.0245687838662978
0.0645303378301407,1.60805750536954,2067.55877938969,0.0176699219198909
0.090790113913608,1.35685404373703,2054.35217608804,0.0269665047946594
0.0699350843191467,1.54453302690677,2063.95697848924,0.0197789579486459
0.0890171951045621,1.16149208345279,2052.70135067534,0.022780218558772
0.098716558679544,7.04225793763313,2070.71035517759,0.0693379330679316
0.0848457802136029,10.4473164853735,2082.26613306653,0.0500230233980287
0.0953713736182807,3.00344307348301,2062.75637818909,0.0484519782900894
0.0865057764803311,1.15482354244809,2053.30165082541,0.0218935761966287
0.0952703909517039,1.47925317679908,2054.35217608804,0.0310068408669082
0.0966339111896963,6.24020417473294,2070.41020510255,0.0633774031226907
0.0951595619244956,5.92506573979369,2070.41020510255,0.060570955282274
0.0773656880842084,2.37188579111585,2066.95847923962,0.0291207390991036
0.0363288734925792,1.16149208345279,2085.71785892946,0.00637316007857343
0.0729803533371796,2.38558227120577,2069.35967983992,0.0260089011953278
0.0737903408007204,1.60343464412786,2062.75637818909,0.0220625060283771
0.0465802180403124,1.13504676028852,2072.81140570285,0.00901106077089609
0.0802718151253701,1.28833114804146,2056.75337668834,0.0218023689412193
0.0947366276903029,2.70774742833384,2061.70585292646,0.045686777414142
0.0851725053299931,6.62911211113257,2076.56328164082,0.0473257866659895
0.0884078718318548,12.8167214051892,2082.41620810405,0.0571960098684304
0.0868898512449305,2.14453349218355,2061.70585292646,0.0343215119185107
0.0990797337047543,2.03623175886238,2057.2036018009,0.0418851607232549
0.0804240414920354,6.45955425993623,2078.96448224112,0.0412137842827048
0.0992337019704064,1.45392041663176,2053.15157578789,0.0322586179935319
0.0797531458672814,11.8923810771604,2087.21860930465,0.0436427468292994
0.097339880420632,5.70741049859425,2069.05952976488,0.0635876247114384
0.0923812798094542,9.94831291991456,2077.46373186593,0.0616606966643406
0.0816536899319551,2.38558227120577,2065.15757878939,0.0321902394164436
0.0973802814485278,3.92553157195246,2065.00750375188,0.0566656393053702
0.0767489712106493,3.60071789654471,2073.26163081541,0.0328518541755368
0.0806202439820356,4.37935702804035,2073.71185592796,0.0385344084081422
0.0478978677473232,3.04698957090351,2095.47273636818,0.0128027988698435
0.0695210549556819,2.74700667630971,2073.56178089045,0.0248627054843226
0.089898878492302,1.24817094410403,2053.45172586293,0.0247342270585308
0.0627249808104087,4.85759838400825,2087.96898449225,0.0229958193135394
0.0866148220789651,2.46233896144414,2063.50675337669,0.0366773966482601
0.0967898040061802,1.42081696649143,2053.45172586293,0.0305660970516359
0.0898855421641199,2.82724106811333,2063.95697848924,0.0420067131283685
0.0685672602010358,1.08707389011608,2058.25412706353,0.0153081913223885
0.0881343002029758,1.18855355314224,2053.30165082541,0.0230030005702438
0.0872041541161177,2.77083492243083,2064.85742871436,0.0389873805591033
0.0861596035199962,4.84363370723389,2072.21110555278,0.0455673330366659
0.0966512495794106,2.02454102487246,2057.80390195098,0.0400057362016321
0.0941587980307269,43.3170791620244,2092.32116058029,0.0728976604190552
0.0857932410828148,2.70774742833384,2065.15757878939,0.0373375492388598
0.0864312833408248,14.8865204479472,2085.41770885443,0.0545388892050869
0.0990924385684127,4.07523387938939,2064.85742871436,0.0594341808341682
0.0491718874331068,1.07772542117776,2069.2096048024,0.00949285777866099
0.095624861440522,3.25557838997471,2063.50675337669,0.0506774896741324
0.068810350312531,3.33142973427318,2077.01350675338,0.0257776244311979
0.0946245453374013,2.08968112513086,2058.70435217609,0.039436276554116
0.0980732443141148,2.31121826109334,2058.85442721361,0.0446923004016364
0.0844625040220504,1.61269369477906,2058.70435217609,0.0275845437384266
0.0771658665139828,5.52949756842363,2078.96448224112,0.0364226350168766
0.0908658969629278,11.4555185704036,2079.86493246623,0.0600389131293977
0.0868859817564256,1.6984685687346,2058.55427713857,0.0299251179746248
0.0749130747770788,1.35295334494457,2059.6048024012,0.0203030811549364
0.0875804641720192,1.8463608342542,2059.45472736368,0.0319696249543751
0.0881486336993198,2.0538945595859,2060.65532766383,0.0344602762418724
0.0537000550593618,4.3416960341386,2095.47273636818,0.0166860677010605
0.0655184016785492,1.3804955427344,2064.10705352676,0.0167816102987816
0.0819187463643491,1.24817094410403,2055.85292646323,0.0218104416619807
0.0430078358332923,2.51246502599404,2098.024012006,0.0102668762824214
0.0950478654865443,4.81582467568853,2068.15907953977,0.0572140895105951
0.0939611032540612,1.92784124639408,2057.95397698849,0.0370258199945976
0.0966528153071985,2.81911328467833,2061.55577788894,0.0484528247255323
0.093288520498716,1.65979714701382,2056.30315157579,0.0329332163366038
0.0992604223618101,23.3260907272937,2082.86643321661,0.0818170694170423
0.0778966035592974,2.78683513858361,2069.05952976488,0.0312835625279926
0.0759120370196624,19.1787679790464,2096.52326163082,0.0399536776649499
0.0974808107151115,3.84721348715026,2064.70735367684,0.0564764196933893
0.0851016014082961,2.46943812909056,2064.10705352676,0.0355294756456686
0.0654593726948984,2.50524216415549,2074.61230615308,0.0216499143755213
0.0904420829912996,1.91677282105974,2059.00450225113,0.0345889960859309
0.0868146498265181,1.97275779657863,2060.65532766383,0.0327122074804902
0.0775040824018856,5.46618619625777,2078.51425712856,0.0369066077547166
0.0390848199908476,1.04112859832463,2078.21410705353,0.00672657372384621
0.0940027129175863,1.1715671660767,2051.65082541271,0.0245634486346114
0.0700856738576441,13.0776326016306,2096.52326163082,0.0323075632335242
0.0975516258623909,1.9841495077581,2057.35367683842,0.0400345397423261
0.0760932841920871,1.40051115285914,2059.6048024012,0.0213436167043685
0.0878712816845785,3.97099851752979,2068.90945472736,0.0453612801382516
0.0847121470950362,2.23917234584048,2063.05652826413,0.0334663287347032
0.0394933994831599,1.2517695448338,2083.6168084042,0.00738569939374595
0.0666322912550171,1.30701047960937,2062.60630315158,0.0166287911198056
0.0891159163046665,9.72180569368846,2078.96448224112,0.0559697567539996
0.0686810324966842,4.97077500682395,2083.31665832916,0.0278461390811329
0.0364770896206293,1.38846722913941,2091.5707853927,0.00681582487738421
0.0897474322507623,4.82970917626452,2070.41020510255,0.0502558071746864
0.0856922844395991,11.756216271046,2083.16658329165,0.0518979275212799
0.0807144424155945,2.42017049201696,2065.75787893947,0.0317379605214929
0.0969895037798217,1.53566531100084,2054.35217608804,0.032758194056295
0.0842061697926068,4.11058351166975,2071.16058029014,0.0413696404999855
0.0954122015243842,1.52684850782001,2054.65232616308,0.0319346696241463
0.0985931713257722,1.17494491051044,2050.60030015007,0.0259726441737833
0.0911523840466651,1.32214875407135,2053.90195097549,0.0265232108761017
0.0970528540758863,15.7688292262238,2080.01500750375,0.0742328846376372
0.0985471156724295,11.1304219326752,2075.66283141571,0.0741994079564871
0.0649852283521455,2.52697328239242,2075.21260630315,0.021293055077267
0.0825510503317418,1.98987000774274,2062.30615307654,0.0301267583763902
0.0830207779337611,1.23387969717049,2055.25262631316,0.0220022132552796
0.099420205308943,15.5434666953568,2078.66433216608,0.079258787776382
0.0731549276270216,3.32185250376586,2074.16208104052,0.0291704869704994
0.0804643971014839,6.38559396992509,2078.8144072036,0.0411026349747128
0.0798793372863899,2.85998721049474,2068.45922961481,0.033140855668923
0.0892387034725936,2.97761447568876,2064.85742871436,0.0422550030030878
0.0967625165095966,5.92506573979369,2069.80990495248,0.0627699683822907
0.0929962293376127,57.2716222440805,2096.22311155578,0.0702909152984678
0.0732127856240481,1.33746236557711,2060.05502751376,0.0194701156539727
0.0916575594426766,5.57746185992785,2071.31065532766,0.0544065821549021
0.0862885662298166,3.70588742997801,2068.75937968984,0.0426962458586801
0.0726075612618585,5.62584220609726,2082.26613306653,0.0319442629714543
0.0937070100245738,3.44853317762211,2064.85742871436,0.049697879787608
0.0646119840366525,2.21991621862324,2073.11155577789,0.0203314490971763
0.0971092585141675,3.83615347588896,2064.85742871436,0.0557652626371061
0.0869328394676319,1.4249133228412,2056.15307653827,0.0264095701397588
0.0961543101437602,88.2036122908699,2098.47423711856,0.0786035967890649
0.0972568009045512,11.9266679922861,2077.01350675338,0.0721791229790846
0.0965185105871145,3.92553157195246,2065.30765382691,0.0556032086181512
0.0969075177070885,1.3804955427344,2053.15157578789,0.0298080723210891
0.0651248359109361,1.70827639380871,2068.30915457729,0.0184504222897146
0.0821136486943529,1.46231609576324,2058.10405202601,0.0246966371678597
0.0944850266953083,3.16318819550752,2063.65682841421,0.0486417730696857
0.0955243516685382,6.44098426295101,2071.16058029014,0.062356992401777
0.0851921624223043,1.65502554408647,2058.85442721361,0.0284341668255755
0.0937476512726397,2.44820179377353,2060.95547773887,0.0423060862676267
0.0832537579730054,12.8907317012169,2085.86793396698,0.0486351601417276
0.0496045378388911,3.86942926293753,2098.47423711856,0.0141242955345192
0.0995525195477745,6.34893199363231,2069.35967983992,0.0687771830062529
0.0831711028903498,1.2232687477884,2055.10255127564,0.0218945633557305
0.0579622176073393,5.46618619625777,2094.87243621811,0.0199206538703884
0.0961499322391591,1.16819913201946,2051.05052526263,0.0250706237930176
0.0907680539495632,1.04714060664789,2050.75037518759,0.020997621101263
0.0972365677325744,2.39246014169509,2059.6048024012,0.0446841268306168
0.0899482307257884,1.60343464412786,2056.90345172586,0.0302854281097881
0.0992905055618348,1.17494491051044,2050.45022511256,0.0260952586266237
0.065337258900098,4.02857346483847,2082.56628314157,0.0242814796084247
0.0885895694085816,1.60343464412786,2057.2036018009,0.0296823657196972
0.0913760191268201,22.0209326641103,2086.7683841921,0.0649326846402731
0.0990536217262048,39.8474101492761,2088.4192096048,0.0837761627840941
0.0536855842236145,1.87853138201008,2078.36418209105,0.0138681012353748
0.0824748719449599,4.85759838400825,2074.16208104052,0.041246249704625
0.063176295777045,1.36076598863131,2065.15757878939,0.0156870805485319
0.0489192853776425,1.04413027541975,2068.60930465233,0.0092355887830264
0.0920384687038859,6.31248050684326,2072.51125562781,0.0565998854332056
0.0741401147359879,1.07153781450759,2055.85292646323,0.0167803415379848
0.0929456652548475,2.4062754285944,2060.95547773887,0.0414382940438337
0.0948055681398941,2.98619923379083,2062.90645322661,0.0476914047287664
0.0550473030734499,2.46233896144414,2082.71635817909,0.0156659026075609
0.0925767129830802,1.82522046182733,2057.65382691346,0.0348867553950772
0.0951285327228214,1.0684573459204,2050.15007503752,0.0225490199175513
0.0806127383568461,3.03823005207779,2068.90945472736,0.0345326026658728
0.0935408447710792,2.04799000112185,2058.85442721361,0.0381426050563444
0.0758715453067805,1.0232988843187,2054.50225112556,0.0166170714273387
0.0525580024143927,1.65026765861521,2076.56328164082,0.0127878084836611
0.0856313570926155,2.80292774815717,2065.60780390195,0.0378168975196137
0.0857484737044584,11.6216105181022,2083.01650825413,0.0518512419213444
0.0866305821496822,3.26496454563336,2067.10855427714,0.0410886800826254
0.090195978517929,2.0657547958787,2060.05502751376,0.0359260592377115
0.0665374731336818,1.02624915657849,2057.95397698849,0.0140259190588456
0.0996660358898898,2.01872085226992,2056.90345172586,0.0420416992876679
0.05863247456093,4.52026390637434,2090.67033516758,0.0199145875961665
0.084876088391607,11.9610537599916,2083.76688344172,0.0511907076056875
0.0529974185771883,1.441417191251,2073.26163081541,0.0122226133715949
0.083053910283874,32.8570945343963,2097.27363681841,0.0515505540414523
0.0818269295365106,3.26496454563336,2069.2096048024,0.0366088299172726
0.0598227665194491,1.84105289600553,2073.11155577789,0.0164912073393004
0.0460814470616549,1.669381663546,2083.46673336668,0.0103595222453749
0.0910003346198472,1.70827639380871,2057.35367683842,0.0323478519523443
0.0939749483682661,13.1153367145537,2079.5647823912,0.0672497267150982
0.0737685292163288,12.2397329678754,2092.32116058029,0.0361459826416837
0.0965410670829712,1.57144459943409,2054.8024012006,0.0331622418756256
0.079798341761931,1.20926262481036,2056.00300150075,0.0204811235141777
0.0988645476802512,1.57144459943409,2054.20210105053,0.0343212565561934
0.095063363748091,4.52026390637434,2067.40870435218,0.0563290248297799
0.0962113801561623,1.48779514022745,2054.20210105053,0.0315337406673195
0.0701450191045058,1.55793070570556,2063.95697848924,0.0200059479187036
0.0943567451187935,1.50502732889567,2054.8024012006,0.0309943642450864
0.0748328385622596,1.90028922105573,2064.85742871436,0.0247925477319434
0.0927598870254898,3.98244730043134,2066.95847923962,0.0509475595924116
0.0754271616533746,1.36076598863131,2059.45472736368,0.020626369907307
0.0973549395357768,2.81911328467833,2061.40570285143,0.0489685217801311
0.052417025094792,1.21274904899342,2069.65982991496,0.0110778750246651
0.0943595884581288,1.42081696649143,2054.05202601301,0.0295582351257456
0.0806716232500573,8.22675961020021,2081.81590795398,0.0433123259651201
0.069776177412528,1.20578622343754,2059.6048024012,0.0169622768543738
0.0758051961023561,1.24458268867087,2057.80390195098,0.0195410906099172
0.0712066808037109,1.0684573459204,2056.90345172586,0.0159007552062755
0.0764117104560627,1.08394875824941,2055.25262631316,0.017648401280468
0.0986060250959074,4.26734287669584,2065.45772886443,0.0600531055530287
0.0954039105404959,3.34103457688672,2063.95697848924,0.0507693290246627
0.0923568005339834,24.4961185033437,2087.36868434217,0.0670785414964949
0.0872505572125236,2.90981894079874,2065.45772886443,0.0397926319222541
0.0908886007280917,4.53329627591397,2069.2096048024,0.050727765606411
0.075096140787372,3.73803325566538,2074.7623811906,0.0316645323778705
0.0793911579140339,1.41265954868704,2058.55427713857,0.0228852290032813
0.0952484849664323,82.7903073513056,2098.47423711856,0.0762919654911783
0.0749724305859522,3.58004488871148,2074.16208104052,0.0313165998395655
0.0716254490007091,4.00544398533237,2077.91395697849,0.029231807077393
0.0926452017044855,1.76324060258228,2057.2036018009,0.0340700036768483
0.0956455453023439,2.66137624774655,2061.25562781391,0.0460288504089284
0.0846522842806198,2.33798763817471,2063.65682841421,0.0341620480327309
0.0889339289910393,5.16033824803901,2071.6108054027,0.0499075557567494
0.0968138063927511,4.71974439753259,2067.25862931466,0.0593470382204986
0.0753141899406905,2.15071639511557,2066.50825412706,0.0265778864648011
0.0897478194969229,1.1028352210931,2051.80090045023,0.0218490709973916
0.0900239772290945,47.2246276273033,2096.22311155578,0.0640958887868487
0.0572362783590702,3.49853297367273,2087.51875937969,0.0180973709923761
0.0932336207187939,1.46653209822205,2054.8024012006,0.0297880400020117
0.0924976884936953,38.8282025800898,2092.32116058029,0.0686557293432169
0.0509544274376832,4.08698318318596,2097.72386193097,0.0150058729422496
0.0987091258898389,2.21991621862324,2058.25412706353,0.0440367522352126
0.091805559523688,7.4382002633935,2074.46223111556,0.0581479799726693
0.0604263309676638,1.86237664548846,2072.81140570285,0.0169053744752801
0.0977869304295795,1.18855355314224,2051.05052526263,0.0260456237113932
0.0958381942512884,1.1988633739507,2051.50075037519,0.025689064339557
0.0995826448218862,4.52026390637434,2065.75787893947,0.0624568111929107
0.0942818943932894,1.57144459943409,2055.40270135068,0.0320296706697937
0.0948194237669962,1.23033252636976,2052.10105052526,0.0260208757739191
0.0716948550602072,3.49853297367273,2075.81290645323,0.0284134939048777
0.0807203385591969,1.91677282105974,2062.45622811406,0.0284053925361606
0.0984091307147257,1.55793070570556,2054.20210105053,0.0338899820094508
0.0969540725508743,1.27358007675926,2052.10105052526,0.0276518799365172
0.0797617083446187,19.1787679790464,2093.37168584292,0.0449351419236999
0.0724218716111866,1.19198027101602,2058.40420210105,0.0176673100482514
0.0353502824736107,1.1028352210931,2085.41770885443,0.00600015428258759
0.0716730728936601,2.18818996107018,2068.75937968984,0.0242918422904338
0.0786460073882928,1.37256962462899,2058.40420210105,0.0220761760434502
0.0637933089612505,1.75311720834914,2069.50975487744,0.0180715644144207
0.0983235957449483,2.04210241714683,2057.35367683842,0.0415008007458891
0.0923898488696466,3.66345594042931,2066.05802901451,0.0492708357394954
0.0976065197054249,3.01210229799636,2062.0060030015,0.0509326915109411
0.0722083730124811,1.3490638599235,2060.65532766383,0.0191635722507529
0.0874354837925432,4.20635552139048,2069.80990495248,0.045628054591234
0.0973530835350486,7.37423424898408,2071.76088044022,0.0675906474002791
0.0899391559926566,2.25210247070889,2061.25562781391,0.0374163855246365
0.0851495607665219,2.00136053357019,2061.40570285143,0.0318921176166311
0.0993169691832959,2.15691712397049,2057.80390195098,0.0436390816106841
0.0997597328626238,2.79486986091936,2060.50525262631,0.0512886045194827
0.0973290680731928,72.5212224721817,2095.6228114057,0.0811609388362412
0.0996819461260154,3.85830538552188,2064.10705352676,0.058857131023091
0.0962385223291656,3.26496454563336,2063.35667833917,0.0513195975199875
0.0533585245987415,2.23917234584048,2082.41620810405,0.0144525905026882
0.0992263466095729,3.91424641100743,2064.4072036018,0.0586232404599478
0.0805698853593174,10.4473164853735,2084.96748374187,0.0442728229307059
0.0959783810934904,2.17562678075294,2058.85442721361,0.0414117745766663
0.0897317878149532,6.22226476776323,2073.41170585293,0.0531714876216689
0.085248598812636,1.25899790157518,2054.95247623812,0.0232020133444439
0.0919691708514687,52.6842036818354,2095.92296148074,0.0687824219994197
0.0892937103703207,2.18818996107018,2061.10555277639,0.0363814050162226
0.0995608925805931,3.02078648791353,2061.40570285143,0.0530795252473714
0.0961788672478459,4.44285270778494,2066.8084042021,0.0574292767852737
0.0851291325930918,3.10007958542497,2067.10855427714,0.0388736975128646
0.0932935865419229,5.74036800209287,2070.86043021511,0.057320782155334
0.0889851039576548,38.1632551869613,2094.57228614307,0.0617631819318245
0.0539381815535814,2.35148837301477,2082.86643321661,0.0149154958645906
0.0948098445041834,1.74807732789242,2056.60330165083,0.0349847429142717
0.0931612245247659,14.9294397640879,2081.51575787894,0.0660225410890739
0.0969355351385758,9.36467852310833,2074.61230615308,0.069108992858715
0.0905818301675946,1.04714060664789,2050.90045022511,0.0209265649989091
0.0993190293884081,4.99947880072813,2066.95847923962,0.0639842181914063
0.0715240625859913,1.67902152597229,2064.55727863932,0.0214993050781908
0.0695456127132109,10.6293480187976,2093.971985993,0.0313181360524877
0.0965241121380293,52.8360974706726,2092.92146073037,0.0782755326093917
0.0993179869645957,5.10125365829453,2067.10855427714,0.06463996821942
0.0984979927739837,3.83615347588896,2064.4072036018,0.0573830001316815
0.0680141441975142,1.82522046182733,2067.70885442721,0.0205421333780611
0.0926209708408057,1.81474121907939,2057.65382691346,0.0346448262692247
0.0950472780072994,24.99478827893,2085.86793396698,0.0732526588335908
0.0650135544744092,1.1481932879197,2060.95547773887,0.0147175764580385
0.0868488887295826,16.5121814020749,2086.31815907954,0.0558776316225838
0.099490108758134,2.11388457789867,2057.50375187594,0.0432906732882115
0.0998324334151578,11.756216271046,2075.66283141571,0.0772555743878495
0.0567914513510223,1.93339940407185,2076.4132066033,0.0153463728539254
0.0927714816460158,13.3054941313703,2080.46523261631,0.0645715378616994
0.0542626768048905,1.13831921276723,2066.8084042021,0.0112761793948416
0.0749291047651107,1.57597523020146,2062.0060030015,0.0224015486391306
0.0879333865780343,21.151020824465,2088.56928464232,0.0582521231128119
0.0887376398841295,1.2232687477884,2053.60180090045,0.0238453920516258
0.0711067409406472,9.91971340151178,2091.5707853927,0.0327476964943951
0.0846807212658256,2.44116367657533,2064.25712856428,0.0347904309858191
0.0880140203479792,11.0665182039154,2081.06553276638,0.0551654562243615
0.0829087082462952,1.34131840233837,2056.60330165083,0.0234454899643729
0.0825658860709921,24.7086041684656,2094.27213606803,0.0498731729399441
0.0842158427484974,2.21353437928443,2063.05652826413,0.0330323260655419
0.0916632949198206,12.8536732852339,2080.61530765383,0.0627118368649654
0.0891385437667949,10.783461436218,2080.01500750375,0.0572948906392578
0.0927976495933671,4.00544398533237,2066.95847923962,0.0512822246403299
0.0924672266343914,3.23688695135292,2064.70735367684,0.0468437372306658
0.0792380313511492,1.21975208146059,2056.30315157579,0.0204356506231933
0.0830126191931928,3.35066711121492,2069.05952976488,0.0378992726266539
0.0720679289554308,1.86237664548846,2065.90795397699,0.0229511741334641
0.0981746483479969,5.11596107896008,2067.55877938969,0.0630229868649239
0.0815357842858131,27.9647958304035,2096.67333666833,0.0482949719139549
0.0829577534942177,1.2267955530143,2055.25262631316,0.021873620699685
0.0482871725423003,1.54009278652809,2079.11455727864,0.0108353879922075
0.0919489677334004,2.30457394564778,2060.80540270135,0.0395755560484653
0.0765889951117506,2.77083492243083,2069.65982991496,0.0301617808523972
0.0936377662781963,2.07768351923393,2059.00450225113,0.0385664300243185
0.0440620174410651,1.4455729400936,2081.9659829915,0.00921193958596895
0.0864551535895751,1.89482624889294,2060.20510255128,0.0317819693192627
0.0864603351096167,1.54898606893921,2057.50375187594,0.0278031839731474
0.0356988371624236,1.0808326105459,2084.06703351676,0.00603723385034623
0.0812667248279856,10.783461436218,2084.96748374187,0.0451276989020158
0.0996417426844286,9.63820144251651,2073.71185592796,0.074578391998935
0.0512886441011112,1.97275779657863,2081.81590795398,0.0129969620144108
0.0936870000275071,8.1325652583707,2074.61230615308,0.0618976561851059
0.0943059069807487,4.19426304469508,2066.95847923962,0.053690422104951
0.0898618766958207,3.51873529007318,2066.65832916458,0.045614726916874
0.0932822391557824,7.65545473146367,2074.012006003,0.0610879685239293
0.0992961089615297,1.97844545312916,2056.75337668834,0.0412500059943974
0.0625322401611819,1.63137250428789,2068.90945472736,0.016959716640426
0.09082530758127,2.35148837301477,2061.40570285143,0.0391724756891903
0.0854490716300663,3.26496454563336,2067.55877938969,0.0400654797790912
0.0913359067987664,5.94214829246472,2072.06103051526,0.0551860216563096
0.0658109281033675,1.23033252636976,2061.85592796398,0.0157136075854464
0.097307827108884,2.55624161321588,2060.35517758879,0.0463787634434344
0.0724797718575333,1.05622377499757,2056.30315157579,0.0160909831025705
0.0894791025520354,1.34131840233837,2054.65232616308,0.0261365450118272
0.069040224318985,2.69220128298041,2073.56178089045,0.024377298558839
0.0894538805669317,1.68871705388817,2057.65382691346,0.031259186185282
0.0989703768902889,20.6100250498449,2081.81590795398,0.0799942742923673
0.0959955064192567,1.78366310156055,2056.45322661331,0.0362920954380027
0.0964439018289357,21.0295852575175,2083.31665832916,0.0749786180262577
0.0656073960191185,1.94456383978917,2070.26013006503,0.0197956173960441
0.0807129475911859,6.57210398204128,2078.96448224112,0.0418116499818743
0.0932116146489844,1.81474121907939,2057.50375187594,0.0350106307234982
0.0970949736042273,1.441417191251,2053.60180090045,0.031092028752967
0.0774202080946365,12.0301229939707,2089.1695847924,0.0404353361918037
0.0992305936397998,2.67674439360146,2060.20510255128,0.0495885293239578
0.078255705862929,1.0232988843187,2053.75187593797,0.017279946064404
0.0489376507605257,1.56692699337341,2078.8144072036,0.0111567544857397
0.096924916430029,2.90145376159538,2061.85592796398,0.0492162637654029
0.0892898118234099,2.9350594625955,2064.70735367684,0.0419826095183469
0.0679484215507695,2.04799000112185,2069.65982991496,0.0215757054323094
0.0940389829605152,3.19062650772569,2063.95697848924,0.0482775419918476
0.0958571794122314,2.04799000112185,2058.10405202601,0.0398148467941123
0.0988797421188636,1.80952418124502,2055.85292646323,0.0384204407519767
0.090881835037138,1.09335121002246,2051.35067533767,0.022005735432719
0.0865592901394208,1.8570226648111,2059.90495247624,0.0314545662250338
0.094379115974526,5.99369202303595,2070.86043021511,0.0595873924210589
0.093793008493349,45.8844379566866,2093.2216108054,0.0719694178779551
0.0705248108580259,1.52684850782001,2063.50675337669,0.0199118831293918
0.095000506682728,2.04799000112185,2058.40420210105,0.0391238098898135
0.0943083286611767,17.3904202660819,2082.41620810405,0.0698500635387556
0.0858045916663335,1.37652687910296,2056.00300150075,0.0252257606474469
0.0687904604469202,2.66904925964653,2073.56178089045,0.0241592009577929
0.0981299609727877,6.11570617216135,2069.50975487744,0.06586488338507
0.0766252233296265,3.15409462760941,2071.46073036518,0.0315067261834132
0.0667115013236821,1.62200621191813,2066.35817908954,0.0188359299280714
0.0326691033201241,1.26262771749805,2095.17258629315,0.00565403645704933
0.0682629254941592,1.04413027541975,2057.65382691346,0.0147115937317218
0.0978561383851941,9.61049343596866,2074.46223111556,0.0711935721964879
0.0923349511429088,14.3810119566121,2081.51575787894,0.0645049409910718
0.0994339299336176,10.1800975118018,2074.31215607804,0.0751426716654073
0.0706005053316824,1.12528574084121,2058.10405202601,0.016318413877091
0.0986479902268111,2.31121826109334,2058.70435217609,0.0451199260372401
0.0789011252549654,5.75691805285236,2078.36418209105,0.0387381484640532
0.0330553008988061,1.017423759841,2086.0180090045,0.00529657865818234
0.0863115784909865,2.10780755947618,2061.70585292646,0.0335888466915316
0.0720353414705065,4.08698318318596,2077.91395697849,0.0297438016660186
0.0746679884531736,3.70588742997801,2074.91245622811,0.0311989039675533
0.0700808154660985,1.28833114804146,2060.65532766383,0.0178458885690031
0.0610506198496598,1.05318733137807,2061.10555277639,0.0127128517888982
0.0964626406713943,16.5597876601153,2080.76538269135,0.0737719267569369
0.0986952302031173,11.3570049730287,2075.81290645323,0.0746433372258888
0.0683128222654949,4.55947384416678,2082.26613306653,0.0271355623810624
0.0969239702728656,19.2340622708831,2082.11605802901,0.0755385227449655
0.0937889251953875,1.23743709481674,2052.4012006003,0.0258372667378396
0.0572041919164476,1.0808326105459,2063.80690345173,0.0117979044137721
0.0586487956228663,5.5136013085513,2094.27213606803,0.020410511467632
0.0967441241307131,1.30701047960937,2052.4012006003,0.0282798734467004
0.0651514366336671,1.68386231169735,2068.00900450225,0.0183586944719989
0.0920258164407336,1.035151107089,2050.45022511256,0.020992390718965
0.0582265743564002,4.39198314906283,2090.67033516758,0.0194715370075044
0.0774635501069127,4.91386086905364,2077.1635817909,0.0359531205680039
0.055697619452126,3.41887695499837,2088.56928464232,0.0171868675278945
0.089508658307439,2.21353437928443,2061.10555277639,0.0369716109221929
0.0757351882081566,1.36076598863131,2059.30465232616,0.0207714191276661
0.0789623938337086,3.73803325566538,2072.51125562781,0.0353245882734238
0.0579483378958585,5.59354223610883,2095.32266133067,0.0199461205262308
0.072409573877561,1.65026765861521,2063.80690345173,0.0217366971054541
0.0987787284328425,1.64552345116496,2054.8024012006,0.0356353716971897
0.0984622510757376,3.15409462760941,2062.30615307654,0.0528177866535811
0.0795441498230723,3.92553157195246,2072.96148074037,0.0361640518625239
0.0695618983995616,1.669381663546,2065.45772886443,0.0204334267662967
0.0458169697934379,2.012917411563,2088.4192096048,0.0108489553902277
0.0926636613094393,4.95648496866088,2069.50975487744,0.0542398151066424
0.0821109534545956,2.44116367657533,2065.30765382691,0.0328390328358479
0.0980902860196284,6.96162583541039,2070.86043021511,0.0679708475213965
0.0904753093146628,22.0209326641103,2087.36868434217,0.0630332858845821
0.0920070015972649,10.4774371358388,2078.21410705353,0.0615439418853638
0.0965272964422974,22.4046201063247,2083.91695847924,0.0755974368890214
0.0953290885145354,14.5475781084805,2080.01500750375,0.0703697322848936
0.0937354349805268,2.76286929599819,2062.30615307654,0.0451139728820291
0.0930257513482469,2.55624161321588,2061.70585292646,0.0426276370210515
0.0886017142267892,1.07772542117776,2051.80090045023,0.0210648861574252
0.0875185324761414,3.40904833026788,2067.25862931466,0.0426265285221924
0.093296441620612,3.90299369276608,2066.50825412706,0.0512825319952566
0.0749363430390211,5.28056837192541,2079.71485742871,0.0339795051537634
0.0951220898561726,1.68386231169735,2056.00300150075,0.0342723325925651
0.0569734230541192,3.43861929685961,2087.36868434217,0.0179578145159506
0.0869866096031505,18.053613516069,2087.36868434217,0.0560253778362582
0.0652481397163308,1.16484078042324,2061.10555277639,0.0149592610698806
0.0955060624822141,1.53125056362849,2054.65232616308,0.0320539645687741
0.0644963837849912,1.18513668643434,2061.70585292646,0.014924919832136
0.0829511314014853,2.43414579263315,2064.85742871436,0.0335663639546821
0.077253570677116,1.25899790157518,2057.50375187594,0.0202025867415795
0.0985366134243529,2.45526020256225,2059.45472736368,0.0465896276520091
0.0869702330696972,1.81474121907939,2059.45472736368,0.031243470926793
0.0874342603294128,13.0025492407616,2083.16658329165,0.0556820286822906
0.0813440148051553,3.03823005207779,2068.60930465233,0.0350781691520616
0.0994786278639611,3.03823005207779,2061.55577788894,0.0530449833169881
0.0934885867292265,26.1730577614343,2087.36868434217,0.0697277417191147
0.0753422393713748,3.08228092099346,2071.76088044022,0.0303765847863571
0.0626969191016783,1.05015961695978,2060.20510255128,0.0131753021618991
0.0950407375338918,3.22758151346831,2063.65682841421,0.0497453871350551
0.099740660393064,7.78884153617836,2071.46073036518,0.0719844539817392
0.0601496160949232,1.39247031798524,2067.40870435218,0.0146869213281811
0.0976843115664696,1.24458268867087,2051.65082541271,0.0272223140938144
0.0592929418004911,1.99560700049668,2075.06253126563,0.0167385234884602
0.0891907492339678,1.4455729400936,2055.70285142571,0.0276986310188151
0.0761083396451669,3.81412874828321,2074.46223111556,0.0327164544645956
0.0999386219120299,1.33361741419236,2051.95097548774,0.0300341893640573
0.0845108956590954,4.09876636139165,2070.86043021511,0.0420380972419142
0.0865542152141255,1.32978351631576,2055.25262631316,0.0248428147004983
0.0847309799442441,1.88937898174206,2060.80540270135,0.0306034728754196
0.0733762497544854,3.23688695135292,2073.71185592796,0.0290433450268126
0.0998189764245863,1.99560700049668,2056.75337668834,0.0418372921332356
0.0964128911902882,1.42081696649143,2053.60180090045,0.0304292521103359
0.0653653328240574,3.85830538552188,2081.9659829915,0.0239348757617792
0.0781972872039314,2.87650223749675,2069.35967983992,0.0318681462772993
0.0784576383709938,2.92662172166501,2069.50975487744,0.0321809013238139
0.0920991322726279,1.76324060258228,2057.50375187594,0.033610224668003
0.049963927977263,2.35148837301477,2087.06853426713,0.0130541396146088
0.0807127393102977,3.08228092099346,2069.05952976488,0.0347882550191224
0.0988309994568536,7.00182581890258,2070.71035517759,0.0688862357294542
0.0647649841286591,2.11997911696849,2072.21110555278,0.0200477434616473
0.0967893089484967,2.04799000112185,2057.95397698849,0.040342696099568
0.0905467847987931,3.26496454563336,2065.45772886443,0.0451456530681848
0.0915785708126644,4.27964604980107,2068.30915457729,0.0505070415652994
0.0733430491854137,2.0598161414781,2066.95847923962,0.0247107422687014
0.05215307737265,2.56361151152847,2086.61830915458,0.0143260080737833
0.0957555761419215,8.51593931825384,2074.012006003,0.0666623181848888
0.0667592561302917,11.858192730432,2098.32416208104,0.0287851440427549
0.0646613426788619,4.99947880072813,2086.7683841921,0.0245110469128363
0.0945920936440268,6.27623830106248,2071.31065532766,0.0603747048426424
0.0625302329148881,2.44116367657533,2076.26313156578,0.0197260501818631
0.0872180699350064,1.65026765861521,2058.10405202601,0.0295180234547955
0.0939876447236221,4.20635552139048,2067.10855427714,0.0533257741212301
0.0932600261047494,6.74461616851603,2072.66133066533,0.0594248182914669
0.0921517849129352,1.91126246166401,2058.40420210105,0.0356370537617315
0.0887048017574724,2.63090415150101,2063.50675337669,0.0396444036752723
0.0710583139900427,1.64079288241399,2064.4072036018,0.0210208236694188
0.0888071497379232,1.48779514022745,2056.15307653827,0.028215111895247
0.0577719137256027,1.35295334494457,2068.30915457729,0.0136145265672744
0.0873636524665464,1.33746236557711,2055.10255127564,0.0252814512289374
0.0881712529504561,6.59105201019205,2074.91245622811,0.051354267370322
0.0941528243570887,40.7758103487437,2091.72086043021,0.072445988608377
0.0904182635748647,1.33361741419236,2054.20210105053,0.0264295603985261
0.0926429756384581,29.1149486853426,2089.01950975488,0.0685677972510602
0.0786486411907229,4.0518365057735,2073.86193096548,0.0355976992809045
0.0432094719229151,1.6741946565908,2087.06853426713,0.00936855902682867
0.092642763214456,1.27358007675926,2053.15157578789,0.0261431905361029
0.0687113498391847,2.08367368705817,2069.50975487744,0.0221622542786365
0.043264473647396,2.53425879720196,2097.87393696848,0.0103760612028202
0.0777817010643706,3.65292419736599,2072.81140570285,0.0340416282395964
0.0913405795167329,5.79016143825715,2071.91095547774,0.0542808956930275
0.0519505008435174,2.15691712397049,2083.01650825413,0.0136630497892643
0.0557380464874472,1.10601480450688,2065.15757878939,0.0115492371970826
0.0856436729178825,1.13504676028852,2053.30165082541,0.0213016091408386
0.094010688823177,5.52949756842363,2070.11005502751,0.0579688331134592
0.0940934324463343,17.8469041306121,2082.86643321661,0.0692701899084024
0.0703529311604277,2.70774742833384,2072.81140570285,0.0253451752560493
0.0496295023455501,1.6984685687346,2080.01500750375,0.0117521535412799
0.0842021702415139,1.20578622343754,2054.65232616308,0.0219698128800112
0.0965516591524915,4.71974439753259,2067.40870435218,0.0587397654094377
0.064708225228565,2.33126636583218,2074.012006003,0.0205810140548562
0.0589615285477742,1.54453302690677,2070.26013006503,0.0149686152736669
0.090373221179591,2.43414579263315,2062.0060030015,0.0394790255004322
0.086899037422988,41.9667875574435,2097.12356178089,0.0585983114854253
0.0540013772659686,2.41321295951054,2083.31665832916,0.0150591463304985
0.0851299064136111,3.89177332396176,2069.95997999,0.0419415290540517
0.0557394398704756,3.95958264771409,2091.42071035518,0.0175915017978589
0.0872885326812841,2.54889290196729,2063.65682841421,0.0378614560852996
0.0908022594456039,1.4249133228412,2055.10255127564,0.0280963980718791
0.0795131129747817,2.41321295951054,2066.20810405203,0.0308818855798614
0.0988162917157187,3.1450272019994,2062.15607803902,0.0531150564759913
0.0859314910595297,2.39935784176774,2063.50675337669,0.0355595244054503
0.081718888233506,1.10920355497526,2054.05202601301,0.0196421641988381
0.0884097863890743,2.61579919085284,2063.65682841421,0.0390756389790595
0.0938265310945974,4.63891702142887,2068.30915457729,0.0546686285403946
0.0917508141357782,2.39935784176774,2061.40570285143,0.0401639483668498
0.0854595519973938,37.5096952649555,2096.97348674337,0.0556613144496926
0.0639311404594992,2.00713065465068,2071.91095547774,0.0191281921792823
0.0829892591866793,4.36676720472819,2072.51125562781,0.0408180819965377
0.081608699150346,1.3490638599235,2057.05352676338,0.0230520333842865
0.0697952808809544,2.7391095515787,2073.26163081541,0.025139960937113
0.0927134009386807,1.78880557933512,2057.50375187594,0.0343344204126094
0.0974767585518528,1.10920355497526,2050.15007503752,0.0240377478852457
0.0877042098475716,1.89482624889294,2059.75487743872,0.0325300679021176
0.0871310066984813,1.51808232505612,2057.05352676338,0.0277214639285652
0.0789752030372478,1.96143148928283,2063.50675337669,0.027679036968342
0.049663126126816,1.79913505645155,2081.36568284142,0.0119714093599037
0.0737975839847934,1.26262771749805,2058.85442721361,0.0189705065786098
0.0995990052455839,3.42873391662958,2062.75637818909,0.056337767405946
0.0902390682539031,1.53125056362849,2056.15307653827,0.029442891230795
0.0899674268252708,2.55624161321588,2062.75637818909,0.0400866466411217
0.0934363872690019,3.60071789654471,2065.45772886443,0.0502055606721542
0.0954238666175918,1.90576794350953,2057.35367683842,0.037716774956787
0.0939194446069315,8.76467231833321,2075.21260630315,0.0636031665326916
0.0923096907266023,6.62911211113257,2072.96148074037,0.0575001860662049
0.0656951175458062,1.97844545312916,2070.41020510255,0.0200517095179352
0.0887790483615239,1.54898606893921,2056.75337668834,0.028984764381176
0.0784454537130748,1.19541686845759,2056.30315157579,0.0198256344614931
0.0728721569798144,3.54925770971272,2075.36268134067,0.0293780053530344
0.085835818143611,1.74305193613896,2059.30465232616,0.0298018665764961
0.0899234354888909,1.43314150019665,2055.40270135068,0.0278435222271204
0.0710954243150983,1.42081696649143,2062.0060030015,0.0193422039280123
0.0790283409661451,1.18855355314224,2056.00300150075,0.0199378883880525
0.0977007932723207,5.25025074237118,2068.00900450225,0.0627897623664112
0.0900003955506408,1.50070065992818,2056.00300150075,0.0289015032879059
0.0763223937836161,4.55947384416678,2076.71335667834,0.0344866741512242
0.096275971717887,5.01389279437678,2068.15907953977,0.0595178000522271
0.099710904918229,5.52949756842363,2067.85892946473,0.066563028562534
0.0932627342393977,3.45847564108692,2065.15757878939,0.04900674432528
0.099164886103664,17.0926028588123,2079.71485742871,0.0797722766749457
0.0875785096522493,8.51593931825384,2078.21410705353,0.0528152014609053
0.0793633654101313,3.17230798106454,2070.11005502751,0.0339340233607566
0.0774614445841419,2.46943812909056,2067.55877938969,0.0295422284182003
0.0623033098016301,4.98510624458552,2088.86943471736,0.0226908507670513
0.0660360724102324,1.1028352210931,2059.6048024012,0.0146687061608481
0.0881639480074365,1.84105289600553,2059.15457728864,0.0323316210473464
0.0800041084170577,14.716073490575,2089.76988494247,0.0446904439629498
0.0979439654290241,1.11882507338448,2050.15007503752,0.0244518178817705
0.085517527076821,1.57144459943409,2057.95397698849,0.0276507381801092
0.0952146784606524,3.85830538552188,2065.60780390195,0.0535536815976942
0.0824815020766275,1.23033252636976,2055.40270135068,0.0217410077963251
0.0777747081429126,1.87313095952011,2063.35667833917,0.0263028285046087
0.09524096445059,3.4784466459882,2064.4072036018,0.0515286645580363
0.095310116249344,6.59105201019205,2071.46073036518,0.0625209891316167
0.0407893793698512,1.01158236655188,2075.21260630315,0.00703850999436239
0.0736982742257281,2.00713065465068,2066.35817908954,0.0246536051515725
0.0979138376158912,7.83381828565906,2072.21110555278,0.0692389352520431
0.0817454808358256,3.75961856902805,2071.16058029014,0.0380504441751176
0.0718365952099407,2.37188579111585,2069.80990495248,0.025311352207233
0.0807714956793729,1.96708649096514,2062.90645322661,0.0287488732251069
0.0694883389166039,2.35148837301477,2071.01050525263,0.0237109594161014
0.0925748840693459,1.14160110005127,2051.65082541271,0.0234662072328166
0.091684202130196,11.1304219326752,2078.96448224112,0.0619092095373122
0.074938621019571,4.66570449781614,2077.91395697849,0.0332934504159021
0.0554398785957117,2.25859550568368,2080.61530765383,0.0154888299404987
0.0709566132114804,1.15482354244809,2058.40420210105,0.0167863343733536
0.0822148691076946,4.15819379664401,2072.21110555278,0.0396974887321386
0.0714996752777889,5.14550325140415,2081.66583291646,0.0306041146881257
0.0978576038504265,1.29950646550457,2052.10105052526,0.0285219293651516
0.0754477417646292,2.99480874260266,2071.31065532766,0.0301433693542297
0.0891378655410322,1.68386231169735,2057.80390195098,0.0309118741840656
0.0921272747706017,3.27437776251048,2064.85742871436,0.0469361023696595
0.0923561375655806,2.41321295951054,2061.25562781391,0.0408296352393841
0.096628413417001,1.53566531100084,2054.50225112556,0.0326185451946094
0.0960309396989743,1.63607591315362,2055.40270135068,0.0339717661716061
0.0977254723235364,17.2905756504487,2080.61530765383,0.0763709259544034
0.0675970872747572,2.69996316651677,2074.46223111556,0.0235021299336539
0.0837914224849457,3.53905426496764,2069.35967983992,0.0394367230246761
0.0892401496432043,2.2008256876077,2061.10555277639,0.0366529944186389
0.0878940150234393,1.44974067037263,2056.15307653827,0.0271210939330979
0.0905911925130654,3.36032741709575,2065.75787893947,0.0457641809843867
0.0737428039558437,1.51371812544339,2061.85592796398,0.0213523555758654
0.080010609380253,2.27163778979815,2065.15757878939,0.0304255585144067
0.0783140667884339,5.92506573979369,2079.11455727864,0.0382587032046029
0.0985290404872611,13.6154972999402,2077.76388194097,0.0760434091518213
0.0954054179473597,40.6585876047624,2090.8204102051,0.0756078556275897
0.0903801385262676,5.56142771178757,2071.76088044022,0.0529238278574035
0.0811248182406965,4.53329627591397,2074.012006003,0.0390481137157218
0.081156462871896,3.37001557459736,2069.95997999,0.0363621597948388
0.0810537047970256,5.14550325140415,2075.66283141571,0.0401913930295229
0.0915522076033798,6.84240540686637,2073.71185592796,0.0565584216201656
0.0959280524293717,1.54009278652809,2054.65232616308,0.0324275965852597
0.0474362702468988,1.02035709353375,2069.05952976488,0.0087480536644132
0.0848713756899874,6.27623830106248,2075.96298149075,0.0467700911325194
0.0725082078417738,2.15691712397049,2068.00900450225,0.0247796119520123
0.0963243148144801,2.68446171339143,2061.10555277639,0.0469877999262536
0.0581811886038891,2.0657547958787,2076.56328164082,0.0163867277092969
0.083347590229649,3.52888015319671,2069.50975487744,0.0389860396727841
0.0955974486025177,13.1153367145537,2078.8144072036,0.0698634481508856
0.0803495057713425,6.15102138343189,2078.36418209105,0.0408191453165951
0.080933135523733,1.39648494813358,2057.80390195098,0.0233570862005835
0.0987272120261199,6.66739199053658,2070.26013006503,0.0678847400126154
0.0622480162017268,1.88394737445416,2071.76088044022,0.0178879072763955
0.0853478736545436,21.7062172818814,2090.67033516758,0.0538526590916972
0.0777664790188707,6.66739199053658,2081.06553276638,0.0383186864422512
0.0881885905949554,1.3490638599235,2055.10255127564,0.0257376462069389
0.0976197152436238,3.9368492691367,2065.00750375188,0.0567232274136
0.0727157965676152,3.09116744284691,2073.41170585293,0.0281384548471315
0.0953374522975579,4.07523387938939,2066.20810405203,0.0546026081298664
0.0951172576312011,1.78366310156055,2056.75337668834,0.035704276199264
0.0981707201899314,10.4774371358388,2075.21260630315,0.0728076309329079
0.085182674467804,1.88937898174206,2060.65532766383,0.0308702048068556
0.0605896431149348,1.95579274466099,2073.71185592796,0.0172563311655148
0.0961155407650324,1.09020803204812,2050.15007503752,0.0233042527960729
0.0917502160001375,22.9266227583863,2087.06853426713,0.0653294882369863
0.0795130812731671,2.70774742833384,2067.85892946473,0.0322328674507145
0.09550646891295,3.1450272019994,2063.20660330165,0.0496483512204343
0.0677247863805553,1.88937898174206,2068.45922961481,0.0207240643511695
0.0902441938554715,1.28093437865255,2053.75187593797,0.0254545988362617
0.0940827352162008,1.05318733137807,2050.15007503752,0.021947339040894
0.0568402144419782,3.16318819550752,2085.86793396698,0.0176229674813701
0.0966390470350589,9.80613514975012,2075.21260630315,0.0692110800358861
0.0762580202281969,5.67464221589759,2079.86493246623,0.035718616213513
0.0465487535205624,2.32456441587663,2090.97048524262,0.0115451422726415
0.0739521201920812,1.39648494813358,2060.50525262631,0.0203230508614597
0.0987884790675297,1.25899790157518,2051.50075037519,0.0279060992613633
0.095516247451035,4.95648496866088,2068.30915457729,0.0583225618969066
0.080585338374374,6.04568285725226,2077.91395697849,0.0412096653425243
0.0945140678500219,2.85176528809274,2062.45622811406,0.046486133720192
0.0908345350917347,2.75492656923522,2063.35667833917,0.0422263923043149
0.0759582328486188,1.23743709481674,2057.65382691346,0.0195004498375964
0.0969146761654391,1.14160110005127,2050.60030015007,0.0246591944837522
0.0845608351278228,2.46943812909056,2064.4072036018,0.0349681879494838
0.0806024961048496,1.09650345009091,2054.20210105053,0.0191186850767737
0.0977866296922055,4.52026390637434,2066.35817908954,0.0601150722468558
0.09715229681332,1.65979714701382,2055.25262631316,0.0349822066249312
0.0855656731860797,1.90576794350953,2060.65532766383,0.0312264557904588
0.0999657658435644,1.87313095952011,2056.00300150075,0.0401219335530787
0.0713516016357055,2.33126636583218,2069.80990495248,0.0248383117101968
0.0933333627772003,5.14550325140415,2069.65982991496,0.0556623989153138
0.0877704042964738,15.3213249660846,2084.96748374187,0.0566124395574094
0.0616575635337252,3.82512526006857,2084.81740870435,0.0213947752483528
0.0775437717392772,1.9841495077581,2064.4072036018,0.0268506283743751
0.0645986255382657,10.8145512259435,2099.07453726863,0.0267204912435825
0.0739492413637943,3.60071789654471,2074.91245622811,0.0303781053430264
0.075344497856476,2.41321295951054,2068.30915457729,0.0277173211186495
0.0922939107585486,21.0902156392867,2085.71785892946,0.0665985898679143
0.0635910191046733,3.02949571521225,2079.26463231616,0.0215364214074352
0.0646263938629733,5.56142771178757,2088.4192096048,0.0250042320455208
0.0997397491008912,8.22675961020021,2071.91095547774,0.0734629702197478
0.088006197240223,7.94739971184986,2077.1635817909,0.0529325288530816
0.0866172820865972,1.15815301335288,2053.30165082541,0.021963828343814
0.0997441249725373,19.6256118755653,2080.91545772886,0.0814557830324888
0.0907126894410179,26.9375187251589,2089.46973486743,0.0641503415856471
0.0557061015093861,1.00288309926358,2062.90645322661,0.0107987178421678
0.0990403278055468,2.66137624774655,2060.20510255128,0.0491763124396713
0.0836860075469601,9.77794436555052,2082.11605802901,0.0481961838555913
0.0903552287568336,1.50070065992818,2055.85292646323,0.0291063934516215
0.0665242966307571,1.20231981606127,2061.10555277639,0.015719337230644
0.0976213378087293,1.61734325078285,2054.8024012006,0.0346138130335808
0.0851770981659046,5.45047194460812,2074.16208104052,0.0455710893552547
0.0691807777405857,1.36468921205103,2062.15607803902,0.0181043704444801
0.0903468979732112,1.60343464412786,2056.75337668834,0.0305344546093207
0.0806480743082354,1.44974067037263,2058.40420210105,0.0239273893123992
0.0871706419551202,3.90299369276608,2069.05952976488,0.044251658828772
0.089460611656962,1.67902152597229,2057.65382691346,0.0310443012082946
0.0805954778024888,22.598963573615,2094.72236118059,0.0467023742421848
0.0603037593837018,5.11596107896008,2091.27063531766,0.0213179289211857
0.0593668284235315,1.8463608342542,2073.41170585293,0.0163543725884295
0.0853769841327388,1.61269369477906,2058.40420210105,0.0280449424320965
0.0890592248676017,3.08228092099346,2065.45772886443,0.042430912881553
0.0777898281555965,1.25537852068667,2057.2036018009,0.0204299155673974
0.092608629611429,10.0346071582177,2077.46373186593,0.0620065658785362
0.0553189851979038,2.2456281019818,2080.61530765383,0.0154104719776611
0.0868205730629314,10.9713498785374,2081.66583291646,0.0532328521322814
0.0864726487350461,1.09650345009091,2052.55127563782,0.0208497497990822
0.0851305932455584,1.09650345009091,2052.85142571286,0.0204356620399824
0.0995544128749709,16.9456122371505,2079.41470735368,0.0807029562565345
0.0949528749786386,1.97275779657863,2057.95397698849,0.0381976582774586
0.0808644199208556,9.07276025359497,2083.01650825413,0.0438398706091078
0.0645611457092436,1.74807732789242,2069.05952976488,0.0183825498991202
0.0710439610783647,1.05622377499757,2056.75337668834,0.0156947348252394
0.0920108972597026,3.90299369276608,2066.95847923962,0.0499458320332452
0.0976075870262928,3.90299369276608,2064.85742871436,0.0568683079785951
0.0960370744536861,79.7490340377456,2097.57378689345,0.0776865282854215
0.0968348852667064,4.25507507288674,2066.05802901451,0.0576235810674944
0.0952150308632147,1.3490638599235,2053.15157578789,0.0285791440809122
0.0876314296592577,1.23033252636976,2053.90195097549,0.0236136596659327
0.07517264899037,3.16318819550752,2072.3611805903,0.0302519340543843
0.0913804399581581,8.96887940476934,2076.71335667834,0.0595589059949317
0.0923596201017436,4.7881753057283,2069.2096048024,0.0534312625808728
0.067715734776806,1.9841495077581,2069.35967983992,0.021118156028063
0.0715178363793588,1.44974067037263,2062.15607803902,0.0197692856246883
0.0869511038889457,1.47500060364494,2056.60330165083,0.0271180782525771
0.0822850121476733,2.56361151152847,2065.90795397699,0.0336391695544034
0.0752618640900456,5.85722521042959,2080.91545772886,0.0349766418893108
0.0731063470561762,8.99473757437633,2088.56928464232,0.0344587570029729
0.0944512271890399,3.39924796097488,2064.55727863932,0.0498664608066395
0.0913732320695208,1.15815301335288,2052.10105052526,0.0234677908195233
0.094606124374172,14.257340102472,2080.16508254127,0.0688951038478824
0.06412878405123,1.38447564841702,2065.00750375188,0.0161946436840078
0.0863995391055905,6.24020417473294,2075.06253126563,0.0488091195065276
0.0911929889419133,16.1827476936424,2083.46673336668,0.063111907645493
0.0710768831267737,5.56142771178757,2083.16658329165,0.030566870343722
0.0799904589369811,1.40859841962076,2058.25412706353,0.0231410070698076
0.0880757674590049,6.8227347852315,2075.36268134067,0.051595808008178
0.0696938508373157,1.37652687910296,2062.0060030015,0.0184502234846624
0.0836742885923752,4.48139116082693,2072.51125562781,0.041756998292977
0.0907998523162752,4.0401882420282,2067.85892946473,0.0490619017322144
0.0953498253077716,35.6154068202425,2089.46973486743,0.0750071632306945
0.0954146464157443,11.858192730432,2077.76388194097,0.0690780529074224
0.0945647836245788,68.4634633145046,2096.97348674337,0.0743190093398123
0.0760186772282383,1.80432214140788,2063.65682841421,0.024699769393132
0.0810057949839408,3.63195145450856,2071.16058029014,0.0367765086738209
0.046491210217028,1.4920846013006,2080.16508254127,0.010100705601116
0.0603584255861209,1.44974067037263,2068.00900450225,0.0151148199908057
0.0844187064545056,2.97761447568876,2066.95847923962,0.0375328328729701
0.0976307723936685,8.15601225127809,2072.81140570285,0.0689231419620193
0.0948052824908305,12.0995910689866,2078.36418209105,0.0676411803495949
0.0708213286785569,4.7881753057283,2081.2156078039,0.029443993819689
0.0490589048814349,1.53125056362849,2078.06403201601,0.0111311417938345
0.0626828049781402,1.5850757161707,2068.30915457729,0.0167788306874574
0.0800803968481235,1.34518555643637,2057.50375187594,0.0224294455109155
0.0847136828053665,2.09570588324384,2062.15607803902,0.032409560540325
0.0989884331895449,2.77882351455518,2060.65532766383,0.0503859707502137
0.0547642499109583,1.83048275359669,2076.86343171586,0.0142148353708217
0.0889504995024199,8.46704626823108,2077.31365682841,0.0552193748911799
0.0709648622620839,2.18189932872234,2069.05952976488,0.0238369912381917
0.0973155071581857,5.74036800209287,2069.2096048024,0.0633015713163906
0.097120755017494,8.51593931825384,2073.41170585293,0.0690288146666529
0.0724029158636064,1.46653209822205,2061.85592796398,0.0203734597669784
0.0915084898302815,1.23387969717049,2053.00150075038,0.0250044577646727
0.0889231980869702,1.39247031798524,2055.25262631316,0.0268034004617794
0.0886132682746643,6.53437118513655,2074.61230615308,0.0518205422753871
0.0929248124443802,4.61228334151361,2068.60930465233,0.0533930222532867
0.0845958952493969,7.20633469066447,2077.91395697849,0.0471914258311816
0.0989960118622022,3.02078648791353,2061.55577788894,0.0525954837752798
0.0854708949773421,17.1418825295271,2087.66883441721,0.0537668732129885
0.0906967830334158,9.5553161597167,2077.91395697849,0.0583936911017054
0.0707363425095364,5.43480286846039,2083.01650825413,0.0302024432537905
0.0830582604751247,20.0828667363378,2091.42071035518,0.0498458236353423
0.0971606729821069,2.88479547897935,2061.70585292646,0.0493391630557584
0.0757487406041059,1.12853005133194,2056.15307653827,0.018053526211733
0.0868353516090881,2.66904925964653,2064.55727863932,0.0380018237076586
0.0704083799335075,1.8570226648111,2066.8084042021,0.0219512723658523
0.0916031284617476,1.30701047960937,2053.75187593797,0.026390516099461
0.0879049167009094,7.12382395041967,2075.96298149075,0.0517221219324962
0.0755285460689721,2.012917411563,2065.45772886443,0.0258263502933767
0.0616599831724211,1.47076025583445,2067.55877938969,0.0157305103473829
0.0457375094474721,1.91126246166401,2087.21860930465,0.0106797792595707
0.084087224327027,1.73804099143649,2059.90495247624,0.0287016917375349
0.0793118316788122,3.84721348715026,2072.81140570285,0.0357386708359641
0.0879727841978644,23.1254942116391,2089.61980990495,0.0583822787405912
0.0707641754916551,4.65229147967714,2080.76538269135,0.0293210210376689
0.099943024611762,6.7058929175172,2069.80990495248,0.0701746696968629
0.098069568744825,1.74807732789242,2055.70285142571,0.0369336287205966
0.0869907731150329,1.89482624889294,2060.05502751376,0.0320499585704771
0.0914573571755082,2.32456441587663,2061.10555277639,0.0393324236902297
0.0665937754684693,11.9610537599916,2098.62431215608,0.028645964796588
0.0798048056146582,2.37188579111585,2065.90795397699,0.0307225132783517
0.0640849887897914,1.40051115285914,2065.15757878939,0.0163372526520626
0.0815300864059863,2.77882351455518,2067.25862931466,0.0342244336529684
0.0833562142410438,3.30278056177977,2068.75937968984,0.0379844953139055
0.0827686273633132,15.8142923261533,2088.56928464232,0.0491872315928449
0.0826065232956804,1.69358579278262,2060.05502751376,0.0274421290227877
0.0907075037119323,1.93897358646993,2059.00450225113,0.0350046380138718
0.0665496858058915,4.3416960341386,2082.86643321661,0.0254826481165383
0.0872462245001774,3.90299369276608,2069.05952976488,0.0442034044505867
0.087721152664023,3.03823005207779,2065.75787893947,0.0410276440972901
0.0973464538046165,2.26510726072284,2058.85442721361,0.0435378728246509
0.0922261119000811,17.2408685151293,2083.6168084042,0.0651061002467419
0.0512514978534625,1.24458268867087,2071.16058029014,0.0108633144888072
0.0992157407076063,5.41917883794353,2067.85892946473,0.065237534138105
0.0832185496339577,1.6984685687346,2059.90495247624,0.0278090670073873
0.088829536457277,41.9667875574435,2095.77288644322,0.0616011550006536
0.0963804079553024,8.08587329578959,2073.26163081541,0.066683107719366
0.0952545722669432,1.73304445225245,2056.30315157579,0.0351375068771024
0.0705342494324691,4.3416960341386,2079.86493246623,0.0287931947929963
0.0876909013834106,22.0209326641103,2089.1695847924,0.0580864761852937
0.0926185180405554,6.02830266228601,2071.76088044022,0.0567753314162562
0.0734209025247672,2.08968112513086,2067.10855427714,0.024953987143209
0.0998391971361125,1.16149208345279,2050.30015007504,0.0259274219861814
0.0959496186935251,2.11997911696849,2058.55427713857,0.0407444407700619
0.07032532858338,1.70827639380871,2065.45772886443,0.0210639038033528
0.0980092745212066,2.34472828861258,2059.15457728864,0.0448315395937139
0.0655835511009796,1.38447564841702,2064.10705352676,0.0168370000969145
0.0980096200892593,1.15150364314254,2050.60030015007,0.0252527982459814
0.0478054495636407,1.08707389011608,2070.56028014007,0.00913440432479331
0.0914559074833648,4.85759838400825,2069.80990495248,0.0522653531988591
0.0902400053764259,4.17018228211692,2068.45922961481,0.0488828665998828
0.0920050712837845,5.6910027726913,2071.31065532766,0.0554452095280532
0.0917920974994158,1.76324060258228,2057.50375187594,0.0335337981678454
0.0963715060417768,14.4224738415937,2079.41470735368,0.0722048904169427
0.0987393315120147,2.16313573014221,2057.95397698849,0.0433004777541266
0.0747205581166509,4.62558101221893,2077.91395697849,0.0330712606320355
0.0843171362531561,1.50502732889567,2057.80390195098,0.0262193136393837
0.0738512192502774,1.41673238639154,2060.65532766383,0.0205730080801569
0.0747015274523795,1.41673238639154,2060.35517758879,0.0209229206905381
0.0912273309778065,4.87160332233193,2069.95997999,0.0519845056495105
0.0610153400576704,1.21624552488348,2064.10705352676,0.0139404524843261
0.0732205155695395,3.00344307348301,2072.66133066533,0.028329593959181
0.0998595713872718,12.5249050903856,2076.26313156578,0.0781685701104263
0.0834015760831755,24.425696794902,2093.52176088044,0.0510162458252162
0.0981032648169278,7.58962040187813,2071.76088044022,0.0692187537230712
0.0996838466318956,3.41887695499837,2062.75637818909,0.0562196949908479
0.0931012325531487,1.87313095952011,2057.95397698849,0.0356869623633752
0.0912330089731401,8.68929909148323,2076.56328164082,0.0584689055145068
0.0732753006418095,5.3417298504113,2081.06553276638,0.0322930925344571
0.0879164043710751,2.6460963359074,2063.95697848924,0.038918047899583
0.0974236045760361,4.84363370723389,2067.25862931466,0.0608697338571928
0.0761815772013398,6.1865405227709,2081.06553276638,0.0362162933496207
0.0940195350643511,1.19198027101602,2051.80090045023,0.0249471186281079
0.0683151718221917,1.2517695448338,2060.95547773887,0.0168385050444573
0.0920567459963731,7.08292353206951,2073.86193096548,0.0577074747482042
0.0636315300479171,1.54009278652809,2067.25862931466,0.0169351458507705
0.0876111484428588,3.07341994620988,2065.90795397699,0.041177168407101
0.0892916666695817,3.59036651349369,2067.10855427714,0.045386037129698
0.0847277312617255,1.71814085427452,2059.45472736368,0.0288948255551771
0.0931992670571612,2.13836836392825,2059.45472736368,0.0389161284368301
0.0697933017375201,2.61579919085284,2072.51125562781,0.0247935514324167
0.0990259700231858,9.418754960271,2073.71185592796,0.073280913950896
0.0814651009475571,9.44591016576076,2083.16658329165,0.0447486797247756
0.0935399743584203,1.33361741419236,2053.45172586293,0.0275941169370857
0.0600563913263295,1.25899790157518,2065.30765382691,0.0139359919161057
0.070618684791319,1.54009278652809,2063.50675337669,0.0201247834580221
0.0926098660136628,2.49804006667886,2061.55577788894,0.0418141724887747
0.0805862769588682,2.77083492243083,2067.70885442721,0.0333342714708411
0.0911258365147559,1.017423759841,2050.30015007504,0.0204395138282561
0.0466991296151019,1.41673238639154,2078.51425712856,0.00999643841171228
0.0974276319419395,2.77083492243083,2061.10555277639,0.0488320227649909
0.0920498049970068,3.18145405986858,2064.55727863932,0.0463056135157387
0.0601330806189379,1.441417191251,2068.00900450225,0.0149946072736242
0.0707021344113736,2.51246502599404,2071.46073036518,0.0249292723434174
0.0939273164360462,25.5036095217804,2086.7683841921,0.0708642217402775
0.0989634484799805,1.87313095952011,2056.30315157579,0.0393765824579826
0.0761841202083811,24.3554775355552,2099.37468734367,0.0409924272150635
0.0984891105017973,2.34472828861258,2059.00450225113,0.0452241940585487
0.0899036011111841,1.16149208345279,2052.55127563782,0.0230957856754313
0.0798190287661954,15.7688292262238,2090.8204102051,0.0445355136162793
0.0977603538295752,3.68461060628057,2064.25712856428,0.0555536173714189
0.0747223678307659,2.63848930932274,2069.95997999,0.0282141726179591
0.0710132057452035,1.12205075712963,2057.80390195098,0.0164581241113611
0.0603881812986343,1.02624915657849,2060.80540270135,0.0122937895240543
0.08373673847903,1.78880557933512,2060.35517758879,0.0290905407881098
0.0693698127278338,15.2333597657718,2099.37468734367,0.0320004903987545
0.0962983158465951,3.70588742997801,2064.85742871436,0.0538261231320059
0.0958540760304835,1.86237664548846,2057.05352676338,0.0372913941931805
0.084907226569192,4.01699207793678,2070.41020510255,0.0422255904783597
0.0963833876960917,12.9278969602916,2078.21410705353,0.0715983368379756
0.0905228081757425,2.17562678075294,2060.50525262631,0.0373668597999621
0.0818073587346006,6.34893199363231,2077.91395697849,0.0427703413594175
0.089323824941545,2.79486986091936,2064.10705352676,0.0410811908148763
0.0996420614431984,1.2267955530143,2051.05052526263,0.0274542993174614
0.0902315145221266,1.93339940407185,2059.15457728864,0.0346179436907738
0.0726389400498858,12.2397329678754,2093.2216108054,0.0350186926720428
0.0917519047480537,1.05318733137807,2050.75037518759,0.0213807212352051
0.0971578402567465,1.78366310156055,2056.15307653827,0.0369667969574696
0.0949686212687233,11.5548867001919,2077.76388194097,0.067703684133992
0.0715904161026506,2.62334079957365,2071.6108054027,0.0259238796168723
0.0881290097329905,1.63137250428789,2057.65382691346,0.0297765634044087
0.0864315291252289,7.78884153617836,2077.76388194097,0.0505605320404283
0.0806101359159924,2.91820823764409,2068.30915457729,0.0341382118918471
0.0980423684526231,2.15071639511557,2058.10405202601,0.04263482997047
0.0936625691032495,10.845730650619,2077.76388194097,0.0646261254073325
0.0968474781215238,4.15819379664401,2065.90795397699,0.056789447061761
0.0804754104548717,2.08968112513086,2063.80690345173,0.0295571282057873
0.0993773593778303,10.0057595601981,2074.16208104052,0.0748330694943217
0.0689872102495664,2.85998721049474,2074.46223111556,0.0248916392573142
0.078390399291154,3.79223047250718,2073.11155577789,0.0347422557349304
0.0633057920610586,2.47655776434198,2075.96298149075,0.0202337400292525
0.0863063899150909,8.15601225127809,2078.36418209105,0.0507880243923421
0.0925311781525426,35.3091263296414,2091.27063531766,0.0684442688272307
0.0861805073450223,1.75817161928149,2059.30465232616,0.0301578831604868
0.0727438766180869,1.40859841962076,2061.10555277639,0.0199769396348235
0.0474158024497654,1.017423759841,2069.05952976488,0.00870384452113887
0.0741119931711076,3.10007958542497,2072.66133066533,0.0292248615592265
0.0685747055130156,1.4249133228412,2063.20660330165,0.0183094836231753
0.0821455416902726,4.85759838400825,2074.31215607804,0.0409402318374265
0.0712780562376658,1.91677282105974,2066.8084042021,0.0227894013170884
0.0689012530658255,1.04413027541975,2057.35367683842,0.0149110245006006
0.0917992262096246,25.65088039011,2088.26913456728,0.065865655998403
0.0476918701372908,1.07772542117776,2070.41020510255,0.00907606028691945
0.0999973674274381,3.97099851752979,2064.25712856428,0.0601356550866931
0.0979489385300288,11.6216105181022,2076.4132066033,0.0733210601189172
0.0930786354272383,1.86774606222357,2057.80390195098,0.0357030698604471
0.0502818166000694,2.27818714703702,2086.0180090045,0.0130941665212117
0.0923267782687906,10.1800975118018,2077.76388194097,0.0616197093386045
0.0964934664704614,1.28462743961633,2052.25112556278,0.0277233186304093
0.0890548830704969,5.79016143825715,2072.96148074037,0.0512332935721439
0.079413356278833,6.27623830106248,2079.11455727864,0.0400805995462591
0.086503719440189,2.60078095318014,2064.25712856428,0.0374817089904563
0.0583862399630679,4.77441020717598,2092.02101050525,0.0198150708701922
0.0882416580060564,5.40359972355987,2072.51125562781,0.0494571696008924
0.070075508513256,4.67915618701786,2081.36568284142,0.0287304323371006
0.0938519963614825,2.15071639511557,2059.30465232616,0.0395739154153529
0.0817198005059158,1.29950646550457,2056.45322661331,0.0224924340281209
0.0883029664721704,7.06256146630704,2075.66283141571,0.0522000843247319
0.0835447603565131,18.9591758547749,2090.37018509255,0.0504208052682161
0.0652308695828258,1.15482354244809,2060.95547773887,0.0148640077297719
0.0870889707991898,5.05738459676651,2072.21110555278,0.0474230572490463
0.0980614065490117,1.73804099143649,2055.55277638819,0.036825021100933
0.0899496630720498,2.57100265798945,2062.75637818909,0.0402948109628275
0.0894934840273763,1.14489244934213,2052.4012006003,0.022634583007868
0.0699422933291831,2.75492656923522,2073.26163081541,0.0252901099200296
0.0945020274083742,3.82512526006857,2065.75787893947,0.0525927908503439
0.094798259431115,14.0131778568844,2079.86493246623,0.0692192708097242
0.0910427519920209,2.11997911696849,2060.05502751376,0.037112725971559
0.0685817185998496,1.04112859832463,2057.50375187594,0.0147763843833846
0.0881726412994383,5.07196553857306,2071.76088044022,0.0487047718864761
0.0892443355886907,4.25507507288674,2069.2096048024,0.047694280708871
0.095233034815705,6.31248050684326,2071.01050525263,0.0618592193411795
0.0954232614979205,1.96708649096514,2057.80390195098,0.0384155994394636
0.075800856590364,1.16149208345279,2056.75337668834,0.0184792009876894
0.0835695437532344,1.24100474879353,2055.25262631316,0.0223270707015019
0.0890454249584592,9.6938573407282,2078.96448224112,0.0558656051270808
0.0784313977851098,9.91971340151178,2085.86793396698,0.0410468284831648
0.0699254140554424,1.75311720834914,2066.05802901451,0.0211284597299536
0.0642593149052376,1.1481932879197,2061.25562781391,0.0145325573020032
0.0972222492040379,5.46618619625777,2068.75937968984,0.0621513546374802
0.0788612746442391,1.1988633739507,2056.15307653827,0.0200379121044483
0.0639321508903371,1.52684850782001,2066.8084042021,0.0170540487101072
0.0494635118187837,1.88937898174206,2082.71635817909,0.0120802868879895
0.080140649106254,4.3542135747773,2074.012006003,0.0376638364905801
0.0815463846431524,3.71657187129828,2071.16058029014,0.0376100510909466
0.0889686519534706,6.2943333190863,2073.86193096548,0.0524327103787174
0.0937734164960506,13.8527304550101,2080.31515757879,0.066991166700897
0.0451795061703616,1.16149208345279,2074.7623811906,0.00872551335865978
0.0922009904871665,1.87853138201008,2058.25412706353,0.0351463975698955
0.0704459720798327,2.16937226517279,2069.2096048024,0.0235480832144632
0.0858261187782886,2.28475538672293,2062.90645322661,0.0346284253745687
0.0477010774786822,1.52245910708953,2079.41470735368,0.0105889265510406
0.0966906824902799,16.5597876601153,2080.61530765383,0.0744379756907769
0.0789726031266842,1.31077872056062,2057.50375187594,0.0215268679471878
0.075410940316119,7.31081832073186,2083.91695847924,0.0361857936921656
0.0739472740748438,17.8983585267682,2097.27363681841,0.0375509050384689
0.0807211745440102,11.9266679922861,2086.61830915458,0.0448064944902612
0.0790008200086857,1.13178371549186,2055.25262631316,0.0191443192115616
0.0999584902078165,3.71657187129828,2063.50675337669,0.0587474733263411
0.0799139665792878,1.06538573309788,2053.90195097549,0.01838583454451
0.0828703845675653,1.96143148928283,2062.0060030015,0.0300476464087482
0.0982907150531211,4.48139116082693,2066.20810405203,0.0601694659757057
0.0950488349232568,1.7230944249062,2056.30315157579,0.0348465612263335
0.0664305839996928,1.79913505645155,2068.45922961481,0.01953942830868
0.0856217905479607,1.31077872056062,2055.40270135068,0.0241241407680646
0.0893905058557792,12.0648070327153,2081.2156078039,0.0581789734095978
0.095795728008431,18.5275056440599,2082.41620810405,0.0723695077530117
0.0917002138165671,33.7195655535441,2091.27063531766,0.0669280908702977
0.0881713293872063,17.2905756504487,2086.0180090045,0.0582517502366499
0.093698132252467,8.34603823722249,2074.7623811906,0.0627043524312497
0.0514157972282719,1.441417191251,2074.46223111556,0.0117014072890976
0.0442697831058888,1.59882507273807,2084.51725862931,0.00958420220067231
0.079276382902465,18.2102152272867,2093.07153576788,0.044207809569947
0.0973672636401495,2.98619923379083,2062.0060030015,0.0504300456795097
0.0883805176917639,5.17521601544173,2071.91095547774,0.0491965256102884
0.0957320941085905,1.87853138201008,2057.2036018009,0.0374472219197319
0.0888734568529655,19.1787679790464,2086.7683841921,0.0598616845535016
0.0987499397169671,3.45847564108692,2063.20660330165,0.0553752022847427
0.0908049600536927,4.73335188912938,2069.80990495248,0.051021020826045
0.0634712031919521,2.23917234584048,2074.16208104052,0.0196137013451557
0.0841056257881522,3.39924796097488,2068.75937968984,0.0391112668590469
0.0907494776504262,3.20905081491668,2065.15757878939,0.0451030145356661
