0.0922038270525117,1.00288309926358,2063.65682841421,0.0152679749029915
0.0592193367284486,1.00577451078852,2082.56628314157,0.00116296877027937
0.0968399681679349,1.00577451078852,2062.15607803902,0.0104625821086296
0.0973533503584554,1.00577451078852,2062.0060030015,0.00522047623321508
0.0961450253418651,2.66904925964653,2073.11155577789,0.0222975875161898
0.092416197267016,1.00288309926358,2063.65682841421,0.00641516889705551
0.0812986596603599,1.00577451078852,2068.30915457729,0.0104682404873921
0.0963543183753613,1.00288309926358,2062.30615307654,0.00870796729250957
0.0940593922981796,1.37652687910296,2066.65832916458,0.017942788760697
0.0710861639371996,1.1817296425721,2076.26313156578,0.00940487555007655
0.07819661175205,1.00577451078852,2069.80990495248,0.00870794329662797
0.095519984395452,3.41887695499837,2075.96298149075,0.0230045789297688
0.0788965109334102,1.47925317679908,2074.61230615308,0.0124606571414917
0.050102758063981,1.00288309926358,2092.02101050525,0.00156451182431702
0.0779218013784125,2.22631645743836,2080.76538269135,0.01301681349323
0.0963769562664473,1.00288309926358,2062.30615307654,0.00412268735745786
0.09633622826849,27.2495189410318,2097.42371185593,0.0266305683422742
0.0925474297446829,1.00577451078852,2063.65682841421,0.00795853775648537
0.0688671188629104,2.7391095515787,2090.52026013007,0.0101253751028107
0.0773336433541339,1.00577451078852,2070.26013006503,0.00119803268502733
0.0996521244964197,1.01158236655188,2061.25562781391,0.0179164152501561
0.0797419418240352,1.00577451078852,2069.05952976488,0.00297312262652804
0.083557289858809,1.11240149892777,2068.45922961481,0.0129850932711975
0.0881825234827159,1.00577451078852,2065.30765382691,0.00793533279909829
0.0820061632201877,4.760684680679,2087.66883441721,0.0161249618196157
0.048827244471719,1.00288309926358,2093.67183591796,0.00376225836887259
0.088236298687608,1.00577451078852,2065.30765382691,0.00605362684184921
0.0867728005949704,1.00577451078852,2065.90795397699,0.00335256518697878
0.0659849618336559,1.00577451078852,2077.1635817909,0.00226459641415299
0.0912444498923753,1.00288309926358,2064.10705352676,0.00629472682172982
0.0541777683221272,1.00867425853989,2087.51875937969,0.00394479246032313
0.0802226861489024,1.00288309926358,2068.75937968984,0.00955345552700305
0.0947845531697937,1.1817296425721,2064.70735367684,0.0172208458442601
0.0960521086206822,4.49431145638251,2078.66433216608,0.0240838757220772
0.0839074636178163,1.00577451078852,2067.10855427714,0.00819810195476974
0.0684203927460807,1.00577451078852,2075.51275637819,0.00755611695741169
0.0758550147092803,1.00288309926358,2071.01050525263,0.00888472033525246
0.0945101405799898,1.04413027541975,2063.35667833917,0.016286796717142
0.0628340234078275,1.42081696649143,2085.41770885443,0.00762405346068998
0.0981773540520477,1.00288309926358,2061.70585292646,0.016531489494934
0.0711221986779173,1.45392041663176,2079.26463231616,0.0099101810334668
0.0921958144875315,1.26626799854054,2066.35817908954,0.0167366554331664
0.0801146550908148,3.22758151346831,2084.06703351676,0.0146810898821305
0.0913348504500685,1.00577451078852,2064.10705352676,0.0131807066457362
0.090183025389771,1.53566531100084,2069.50975487744,0.0168888297740042
0.0728871249101315,1.00288309926358,2072.66133066533,0.00330826746299978
0.0531929927031454,1.00867425853989,2088.56928464232,0.00442852540036649
0.0914250014260626,1.99560700049668,2071.91095547774,0.0187206898184102
0.0648879983580303,1.00288309926358,2077.91395697849,0.00579405053642549
0.0873498075081591,1.92784124639408,2073.56178089045,0.0165448345227858
0.0897860739768491,1.39247031798524,2068.45922961481,0.0163292458650303
0.0540911249661002,1.01158236655188,2087.66883441721,0.00418526482943182
0.0523979537087745,1.00867425853989,2089.46973486743,0.00393233395404897
0.0836333698473662,2.17562678075294,2077.01350675338,0.0152866523217294
0.0835792382871358,1.00577451078852,2067.25862931466,0.00373765508620258
0.0975677099287476,1.17494491051044,2063.65682841421,0.0182712943852586
0.0684092343441121,1.00577451078852,2075.51275637819,0.00757764281974726
0.0842782415861841,1.00577451078852,2066.95847923962,0.00722113910156643
0.0691173901876337,1.00577451078852,2075.06253126563,0.00666054558358326
0.0956467418299954,30.8405617924466,2099.22461230615,0.0261033058234122
0.0928298835852907,1.00288309926358,2063.50675337669,0.0077737052816151
0.0764072285965297,1.00288309926358,2070.71035517759,0.00178030777864161
0.0948463285849241,8.54049161663095,2086.16808404202,0.0244840281871141
0.0475969693884996,1.00288309926358,2095.32266133067,0.00171271997052829
0.0699704966425983,1.00288309926358,2074.46223111556,0.00221804297182195
0.0699875122062328,1.60805750536954,2081.66583291646,0.00972521829028774
0.0757223913040838,3.35066711121492,2087.81890945473,0.0127973331925797
0.0835984503433578,1.00577451078852,2067.25862931466,0.00371000938455949
0.0634920625597898,1.76324060258228,2088.4192096048,0.00806555900804151
0.0726354381971447,1.00288309926358,2072.81140570285,0.00875680519871954
0.0574428467584587,1.09335121002246,2085.71785892946,0.00609863048290026
0.0887834438743766,2.2456281019818,2074.61230615308,0.0177797638818905
0.0949260362093549,21.4576864915806,2095.92296148074,0.0253447639269487
0.0704627348872794,1.00577451078852,2074.16208104052,0.00492410910962723
0.0793143755747748,1.00288309926358,2069.2096048024,0.00407011870359844
0.0806265365284667,1.00577451078852,2068.60930465233,0.0111839572887628
0.0925681907844444,1.00577451078852,2063.65682841421,0.0020592705955361
0.0715026918965188,1.40454896553258,2078.51425712856,0.00993727051322192
0.0950656701798461,1.00577451078852,2062.75637818909,0.0113978098782552
0.0695808638523221,1.00577451078852,2074.7623811906,0.00168022088629889
0.0474542730972817,1.00288309926358,2095.47273636818,0.00122086638092215
0.0849625137167694,1.00577451078852,2066.65832916458,0.006888096876328
0.0586665403411969,1.00288309926358,2083.01650825413,0.00421331535494415
0.0945846523310429,1.00288309926358,2062.90645322661,0.0150871323317183
0.0590244499474087,1.00577451078852,2082.71635817909,0.00120063296074073
0.0994334161708767,1.23033252636976,2063.50675337669,0.0194365308861254
0.0762706066871082,1.02035709353375,2071.01050525263,0.0104169631838238
0.0898993858830719,1.70827639380871,2070.86043021511,0.0172708538733273
0.0827662686298611,2.26510726072284,2077.91395697849,0.0151156587377768
0.0954373520664817,1.00288309926358,2062.60630315158,0.00825581241288061
0.0875782430831865,1.68386231169735,2071.76088044022,0.0162095473505422
0.0990884938268354,3.73803325566538,2075.21260630315,0.0257216679872135
0.084302543420754,1.09020803204812,2067.85892946473,0.0131481287693324
0.0810966726950078,1.83576021707557,2076.26313156578,0.0138222515980149
0.089111251413746,4.8997344482741,2083.46673336668,0.0198796492740859
0.0990955185137948,1.00288309926358,2061.40570285143,0.0100638601998991
0.0531571046689197,1.00577451078852,2088.56928464232,0.00322589973954346
0.0821212844969757,4.7881753057283,2087.66883441721,0.0161792386654107
0.0860660366548633,1.32596064017055,2069.65982991496,0.0145280978900541
0.0764776262795862,1.441417191251,2075.66283141571,0.0115660828171361
0.0663363806654425,1.00288309926358,2076.86343171586,0.00566326143433747
0.090167690469279,9.20430492459876,2089.91995997999,0.0213994338962241
0.0792126176802307,1.47500060364494,2074.46223111556,0.0125004591594874
0.0622081329182598,1.00577451078852,2080.01500750375,0.00353854159833042
0.0860370107118637,3.72728711692345,2082.11605802901,0.0177053605910891
0.0867698339806735,1.00577451078852,2065.90795397699,0.00628516537984379
0.0755795513510444,1.00288309926358,2071.16058029014,0.00743387662107577
0.0764057488417831,1.7683242002651,2078.51425712856,0.0120536815323914
0.0940964607065092,1.00288309926358,2063.05652826413,0.00616886847034476
0.0985958481016874,6.15102138343189,2080.61530765383,0.0267624741109814
0.087304493501548,2.31788173275986,2075.81290645323,0.0170967146343927
0.090863752405087,1.00288309926358,2064.25712856428,0.011629362296135
0.0989576135906483,4.09876636139165,2076.26313156578,0.0258672140340468
0.0999542458087934,4.94223601165526,2077.76388194097,0.0270545524474884
0.0787561370642761,1.75311720834914,2077.01350675338,0.0128223337615386
0.0836383635016904,2.02454102487246,2076.11305652826,0.0150850413935779
0.0497549851357982,1.00288309926358,2092.47123561781,0.00135068218554041
0.0785283298021102,1.00577451078852,2069.65982991496,0.00659944067424089
0.0799516482894049,1.18513668643434,2071.16058029014,0.0120179970310497
0.0756738503400905,1.00577451078852,2071.16058029014,0.00941882230913882
0.0736528136783879,1.00288309926358,2072.21110555278,0.0058180543681433
0.080323934661935,2.62334079957365,2081.36568284142,0.0143111852966834
0.0647079316536651,1.00288309926358,2078.06403201601,0.00208958247818291
0.0901428111265994,1.00577451078852,2064.55727863932,0.00300179456435172
0.0819064250931591,1.00577451078852,2068.00900450225,0.0101571627080788
0.0818515777702557,1.00288309926358,2068.00900450225,0.00872523015869963
0.0948707325613632,2.27818714703702,2071.91095547774,0.0209693422339483
0.0774218316793167,2.29794873135268,2081.51575787894,0.0128860670983483
0.0973538672577953,2.98619923379083,2073.71185592796,0.0235828077576449
0.0880237262576724,3.20905081491668,2079.11455727864,0.0185194659228776
0.0803738769929202,1.00577451078852,2068.75937968984,0.00800320948759599
0.0967980400494311,1.00288309926358,2062.15607803902,0.00751974624134236
0.0782289347760509,1.00577451078852,2069.80990495248,0.00799563020836935
0.0705965422697788,2.39935784176774,2087.06853426713,0.010560772379733
0.0648871452361195,1.00288309926358,2077.91395697849,0.00244127391753343
0.0690015857444123,1.00288309926358,2075.06253126563,0.00618056977817284
0.0750630272222822,1.00577451078852,2071.46073036518,0.00139123680745917
0.0462149499426546,1.00288309926358,2097.27363681841,0.00182333675198852
0.0658604752479621,2.6460963359074,2092.77138569285,0.00913304246031993
0.0782301188194677,1.00577451078852,2069.80990495248,0.0011770642728213
0.088400000972385,2.15691712397049,2074.31215607804,0.0174842870455307
0.0849181047656666,3.71657187129828,2082.71635817909,0.0171932613202765
0.0602487279882368,1.00577451078852,2081.66583291646,0.00466065277709875
0.0768290829131745,4.27964604980107,2090.22011005503,0.0135529116867399
0.0942157785506392,1.00577451078852,2063.05652826413,0.00281438601251615
0.0766583258480753,1.00288309926358,2070.56028014007,0.00692801929922988
0.0904950437818819,1.00577451078852,2064.4072036018,0.0033384570343429
0.0564902387516143,1.00577451078852,2085.11755877939,0.00402402941388999
0.0732432076255428,1.00577451078852,2072.51125562781,0.00483099221655852
0.0776751754480705,6.04568285725226,2094.12206103052,0.0142097373830381
0.0955804973840322,1.77342245446464,2068.90945472736,0.0200576503768614
0.0997302944445983,2.00713065465068,2068.60930465233,0.0229195759683091
0.0831801532249685,1.00288309926358,2067.40870435218,0.00121383782499095
0.0987493817706373,1.00577451078852,2061.55577788894,0.00487839323597225
0.0821882296500224,1.00288309926358,2067.85892946473,0.0101278142330116
0.0945458525696081,1.00288309926358,2062.90645322661,0.0107628937604885
0.0805362832074897,1.00288309926358,2068.60930465233,0.00302183612151366
0.0896823505838028,1.00288309926358,2064.70735367684,0.00456681919457756
0.0909104409015526,1.00577451078852,2064.25712856428,0.0127565409449394
0.0663343863472446,1.00288309926358,2076.86343171586,0.00366345496146514
0.094569490914496,1.00288309926358,2062.90645322661,0.00979225101110765
0.0985914475286006,1.00288309926358,2061.55577788894,0.00877989076807459
0.0708980210590185,1.40859841962076,2078.96448224112,0.00976785393377478
0.0989472036081958,1.77853540743712,2067.55877938969,0.0218796622107542
0.0790148248494935,1.00288309926358,2069.35967983992,0.0106462875476742
0.0470434162066781,1.00288309926358,2096.07303651826,0.00113026552283122
0.0996540500167183,1.00577451078852,2061.25562781391,0.017701052288539
0.0858892004209459,3.28381811862624,2080.61530765383,0.0174715157779656
0.0756561740954182,1.00577451078852,2071.16058029014,0.00410507707674534
0.0661344771400698,1.00288309926358,2077.01350675338,0.00230435301709946
0.0790229501141738,1.00288309926358,2069.35967983992,0.00699298120469349
0.0941030445806443,1.00288309926358,2063.05652826413,0.00379110666937087
0.0795245560468862,1.29950646550457,2072.51125562781,0.0122565902501358
0.0915727890938693,17.8469041306121,2096.22311155578,0.0229901687033194
0.0905002980010654,1.57144459943409,2069.65982991496,0.0171062157745156
0.0925744449174505,1.26991877487462,2066.35817908954,0.0168320720709134
0.0942424594020793,5.5136013085513,2081.81590795398,0.0233331202455756
0.0849836787102366,1.00577451078852,2066.65832916458,0.00468401702393147
0.0774839988424572,1.66458250694606,2077.01350675338,0.0122960186978729
0.0851698459430317,4.23064516672908,2084.21710855428,0.0174204620434716
0.0981216219190503,1.00288309926358,2061.70585292646,0.0109350740106351
0.0657524399660002,1.00288309926358,2077.31365682841,0.0043686355523605
0.0975460496571806,1.09335121002246,2062.75637818909,0.0178050868612546
0.0958757010741589,1.00288309926358,2062.45622811406,0.0110452374486216
0.0506206522320169,1.00288309926358,2091.42071035518,0.00312090731776151
0.0743540511966559,1.99560700049668,2081.66583291646,0.0115087069219369
0.0870564062805659,1.00288309926358,2065.75787893947,0.0134590933783375
0.055340270719854,1.00867425853989,2086.31815907954,0.00485820975060838
0.088934385104654,3.48847535295163,2079.71485742871,0.0190231880688252
0.0707601174764604,3.16318819550752,2090.97048524262,0.0109290290413853
0.0977321500466401,1.24817094410403,2064.25712856428,0.0188197245090062
0.04591179721311,1.02035709353375,2098.024012006,0.00402064947180629
0.0815213941600425,3.38947576589033,2083.76688344172,0.0153816003944748
0.0590415308420204,1.00577451078852,2082.71635817909,0.00186187223263566
0.0904269426340241,1.82522046182733,2071.46073036518,0.0177158952564261
0.0930470113170183,7.69966123740149,2086.16808404202,0.0230062414958662
0.0986298613273549,1.00288309926358,2061.55577788894,0.00398440807496423
0.0809302085558693,1.00288309926358,2068.45922961481,0.009165792745691
0.0603856635285259,1.00288309926358,2081.51575787894,0.00400658814833646
0.0945468742486112,1.04112859832463,2063.35667833917,0.0162493383015474
0.0637773919136047,1.00577451078852,2078.8144072036,0.00700392083840644
0.086417693195901,1.82522046182733,2073.26163081541,0.0160650126977816
0.0701617846925238,1.00288309926358,2074.31215607804,0.00498960601060115
0.0700238379886749,1.69358579278262,2082.41620810405,0.00982347393339785
0.0805980783721759,1.00288309926358,2068.60930465233,0.00413511118983905
0.0922340513163716,2.69996316651677,2075.06253126563,0.0201140195462426
0.0602456431260048,1.00577451078852,2081.66583291646,0.00267996712683014
0.0638981292471585,1.00288309926358,2078.66433216608,0.00162087600391035
0.0909685891458173,1.00577451078852,2064.25712856428,0.0120405057406319
0.0894237676660268,1.58051892322707,2070.26013006503,0.0166153970083262
0.0697851913976246,1.00577451078852,2074.61230615308,0.00719173831817349
0.0745002766575227,2.91820823764409,2086.7683841921,0.0122218035237276
0.0707298820415457,1.00577451078852,2074.012006003,0.00264976313179914
0.0605728138839379,1.00577451078852,2081.36568284142,0.00133083750040375
0.0563830497290415,1.25537852068667,2089.46973486743,0.0060238048667486
0.0955823678438463,2.012917411563,2070.26013006503,0.0207492095793406
0.0873388370285907,1.00288309926358,2065.60780390195,0.0093559618484424
0.0976799468114842,1.1715671660767,2063.50675337669,0.0183785495234961
0.0997165193117454,13.4596032415536,2087.96898449225,0.0290188765698337
0.0843966555957003,1.52245910708953,2072.06103051526,0.0145528974307044
0.0897611535156346,1.53566531100084,2069.65982991496,0.0167426647020351
0.0938000464738499,1.00577451078852,2063.20660330165,0.00858709030239206
0.0908079116356269,1.00288309926358,2064.25712856428,0.0112391766359711
0.0634025674347498,1.00577451078852,2079.11455727864,0.00653978122590467
0.0658049548720126,1.00577451078852,2077.31365682841,0.00549430385881709
0.0748148150816181,1.00577451078852,2071.6108054027,0.00927060180217387
0.0605850441005597,1.00577451078852,2081.36568284142,0.00495778045110273
0.0877339778550279,1.00288309926358,2065.45772886443,0.00725909603137746
0.0639626993310533,1.00577451078852,2078.66433216608,0.00185626408055269
0.087748140064025,1.75311720834914,2072.21110555278,0.0163901729803754
0.0917246982868092,1.00577451078852,2063.95697848924,0.0114701162707061
0.0863838303812454,1.00577451078852,2066.05802901451,0.0050082936802531
0.0988271447305292,13.6941201359897,2088.71935967984,0.0281575540102952
0.0695436573774443,1.00577451078852,2074.7623811906,0.00226669762589489
0.0944702077898658,1.09650345009091,2063.95697848924,0.0165945033600005
0.0855727678647702,1.00288309926358,2066.35817908954,0.0123944171249861
0.0806563073740605,1.00577451078852,2068.60930465233,0.0111724787146035
0.0959210446672405,1.44974067037263,2066.50825412706,0.0190945040055653
0.0735355678823995,1.00577451078852,2072.3611805903,0.00601767161374851
0.0597078860056957,1.00577451078852,2082.11605802901,0.00538938804201337
0.0870739216955435,1.00577451078852,2065.75787893947,0.00577592846187251
0.0647771887571491,1.00577451078852,2078.06403201601,0.00349198583541489
0.0867757266288927,1.00577451078852,2065.90795397699,0.00433589895150816
0.0913919930396149,3.84721348715026,2079.41470735368,0.0207371766815758
0.094209523796494,1.00577451078852,2063.05652826413,0.00826740373378166
0.0786167243909843,4.95648496866088,2090.67033516758,0.0145785108242159
0.0618450311346901,1.00577451078852,2080.31515757879,0.00418784752667719
0.0772896553877545,1.00288309926358,2070.26013006503,0.00430299822923052
0.068098105538319,1.00288309926358,2075.66283141571,0.00415045540861405
0.0488360064611702,1.00288309926358,2093.67183591796,0.00130263986939507
0.0724963518716099,1.00577451078852,2072.96148074037,0.00590056908602997
0.0915798939859002,12.9651693704974,2092.77138569285,0.0226432267500581
0.0624223271562658,1.00577451078852,2079.86493246623,0.00271186679316544
0.0747489477336398,1.00288309926358,2071.6108054027,0.00624204926355861
0.0981788701578388,1.3804955427344,2065.15757878939,0.0197573524551804
0.0615934344937035,1.00288309926358,2080.46523261631,0.00555509012066893
0.0612422364956439,1.00288309926358,2080.76538269135,0.00498273670351867
0.0853350800978693,1.00577451078852,2066.50825412706,0.00185223640926155
0.0771955499645381,3.6424227310724,2087.81890945473,0.0135041506257453
0.0658234032469994,1.00577451078852,2077.31365682841,0.0049761818594738
0.0618448110689219,1.00577451078852,2080.31515757879,0.00173370644910009
0.0829565294507145,1.00577451078852,2067.55877938969,0.00119926895050933
0.0576423912233131,1.0684573459204,2085.11755877939,0.00610353699701927
0.0872883130664624,1.9841495077581,2073.86193096548,0.0166962329171817
0.057217361085668,1.00288309926358,2084.3671835918,0.00432266237757107
0.0739367816750353,1.00288309926358,2072.06103051526,0.00448598713224938
0.0865321603637159,1.29950646550457,2069.05952976488,0.0147240143240014
0.0920482681607068,1.00288309926358,2063.80690345173,0.00271636924957226
0.0626246757336988,1.00577451078852,2079.71485742871,0.00194730623956749
0.0844958956103437,1.00288309926358,2066.8084042021,0.00374855094602836
0.0843916581138489,1.95579274466099,2075.21260630315,0.0153615838418866
0.0917292174856255,1.00577451078852,2063.95697848924,0.013468456310762
0.0824556905703012,3.03823005207779,2081.81590795398,0.0155897879581565
0.0977352533202482,1.29950646550457,2064.70735367684,0.019073832911847
0.0995694383016777,1.13504676028852,2062.60630315158,0.0188090294961924
0.082203541278786,1.00288309926358,2067.85892946473,0.00595710652070234
0.0755977481246237,1.00288309926358,2071.16058029014,0.00759386022524369
0.0489131012380958,1.00288309926358,2093.52176088044,0.00310296432643326
0.0774243756161208,1.3686237465133,2074.46223111556,0.0116826972661857
0.0951692490824934,3.27437776251048,2075.66283141571,0.0226499925449304
0.0787305991297385,1.00288309926358,2069.50975487744,0.00295603297790476
0.0566061040210646,1.01158236655188,2085.11755877939,0.00135006076022539
0.0941481177560247,1.00288309926358,2063.05652826413,0.00383537809126248
0.073456972760151,1.8463608342542,2081.2156078039,0.0110387387016595
0.0995932952699732,1.00288309926358,2061.25562781391,0.00999445925831487
0.0967483116974543,1.82522046182733,2068.75937968984,0.0207765761250649
0.0622172649828441,2.29134256329585,2093.971985993,0.00800667382364564
0.0530627025612577,1.00867425853989,2088.71935967984,0.00374883692968744
0.089230407434128,1.00288309926358,2064.85742871436,0.00355424277228601
0.0972032496532563,1.1715671660767,2063.65682841421,0.0181859949072353
0.0860038656835103,1.00577451078852,2066.20810405203,0.00703615548070455
0.0653792587417765,1.84105289600553,2087.36868434217,0.00865491275185501
0.0889463574403387,1.00577451078852,2065.00750375188,0.00538184513399678
0.0806367184554721,1.00577451078852,2068.60930465233,0.0103737648487392
0.083257923413884,1.00577451078852,2067.40870435218,0.00548915141959852
0.0908599723462108,1.00288309926358,2064.25712856428,0.00282866749483876
0.0761460332887013,1.00288309926358,2070.86043021511,0.00450867637862661
0.0958692507824092,2.00713065465068,2070.11005502751,0.0208896414982264
0.0588531801793196,1.01158236655188,2083.01650825413,0.00522893835505365
0.0923523320562211,1.11882507338448,2064.85742871436,0.0160594779438926
0.0802401351486422,1.47500060364494,2073.86193096548,0.0128800369951454
0.0634633328299709,1.5896456468007,2086.7683841921,0.00792023201736989
0.0925602436780161,1.00577451078852,2063.65682841421,0.00915088361059125
0.066160049888111,1.42902148939294,2082.71635817909,0.00848494817326461
0.0822668784362413,1.00577451078852,2067.85892946473,0.00956374051559072
0.0982880344838932,1.00577451078852,2061.70585292646,0.00691559906018911
0.064668934936167,1.00288309926358,2078.06403201601,0.00662795864238153
0.0871206695003974,5.13071090257931,2085.11755877939,0.0189762177903287
0.0722462630681175,1.00577451078852,2073.11155577789,0.00247758301880818
0.0918509100174455,16.0435815196353,2094.87243621811,0.0230826172424917
0.0909984516789575,16.0898367576997,2095.47273636818,0.022576044511628
0.0476762872872442,1.10920355497526,2097.42371185593,0.00435319012369824
0.0824601178636259,1.31834782642385,2071.31065532766,0.0132239345136539
0.095571128485501,1.25899790157518,2065.00750375188,0.0180819900889969
0.077963131423047,2.09570588324384,2079.86493246623,0.0129592273007004
0.086943334507296,2.18818996107018,2075.21260630315,0.016868916107933
0.0896878085936323,1.00288309926358,2064.70735367684,0.00648663966339595
0.0648821641454159,1.00288309926358,2077.91395697849,0.0037240570623645
0.0766328922661836,1.53566531100084,2076.56328164082,0.0117167416644423
0.0845179794225538,1.21975208146059,2069.2096048024,0.0137058477674545
0.0570726818597794,1.01158236655188,2084.66733366683,0.00545417078869123
0.0848658259437461,1.00288309926358,2066.65832916458,0.00235418800036389
0.0829265311669456,1.00577451078852,2067.55877938969,0.00185634809601734
0.0712509582074005,1.00577451078852,2073.71185592796,0.00740358240357003
0.0982409364487337,7.69966123740149,2083.16658329165,0.0268233308616664
0.0641781789647959,1.00577451078852,2078.51425712856,0.00689418616183081
0.0871451838209988,1.00577451078852,2065.75787893947,0.00471037883650895
0.0989449425332303,1.5850757161707,2066.35817908954,0.0210799441827811
0.0849100295458475,1.00867425853989,2066.65832916458,0.0129248977938136
0.0942508159751862,1.00577451078852,2063.05652826413,0.0155800722584661
0.0494175859869518,1.00288309926358,2092.92146073037,0.00165010693283563
0.0946302988978816,1.00577451078852,2062.90645322661,0.00979274528070384
0.0875851568589832,1.669381663546,2071.76088044022,0.0160718813724778
0.0992069009496814,2.07768351923393,2069.05952976488,0.0230205160657596
0.085697769704088,1.00577451078852,2066.35817908954,0.00131157615474538
0.0960710191750593,3.63195145450856,2076.4132066033,0.0234252205328055
0.0615674230543436,1.15815301335288,2083.01650825413,0.00703992768311637
0.0629525516152185,1.00288309926358,2079.41470735368,0.00475639037201957
0.0569430708848249,1.00577451078852,2084.66733366683,0.00362175873694759
0.080355035162545,1.00577451078852,2068.75937968984,0.0107693640012951
0.0859599560327443,3.83615347588896,2082.41620810405,0.0178373721898552
0.0818637246569394,1.00288309926358,2068.00900450225,0.00683130567458788
0.0988738817670418,30.6634951091254,2096.82341170585,0.0289793931957498
0.0732012969401101,1.52684850782001,2078.66433216608,0.010588789967379
0.0976334412407486,2.88479547897935,2073.26163081541,0.0235399027001007
0.0975075000119611,3.40904833026788,2075.06253126563,0.0241428255651399
0.0874088989168745,1.00288309926358,2065.60780390195,0.003312395331038
0.0986712975473347,1.00288309926358,2061.55577788894,0.0113190299687822
0.0992957772245775,1.21975208146059,2063.35667833917,0.0193821023432522
0.0692970832965638,1.00577451078852,2074.91245622811,0.00731565607708742
0.0995843598866098,1.44974067037263,2065.15757878939,0.0207976156058892
0.0901032609905392,1.00577451078852,2064.55727863932,0.00932794174251374
0.0863737007931594,1.00577451078852,2066.05802901451,0.00587309198259115
0.0642840688395907,1.00288309926358,2078.36418209105,0.0061347041742837
0.0503585092345524,1.00288309926358,2091.72086043021,0.00271515873629813
0.0562433351534449,1.00867425853989,2085.41770885443,0.001778468856737
0.0885011953529438,1.53125056362849,2070.26013006503,0.0161281649564232
0.0766814772604229,1.00288309926358,2070.56028014007,0.00693029001362425
0.0846150317900921,1.00577451078852,2066.8084042021,0.00135091481420299
0.0889816540876894,1.21975208146059,2067.25862931466,0.0152674461075912
0.0933664841378155,1.00577451078852,2063.35667833917,0.0104545911944685
0.0686142338288448,1.00577451078852,2075.36268134067,0.00256786822196123
0.0724915504560198,1.00577451078852,2072.96148074037,0.00887066159665277
0.0816561159848612,8.84069935203988,2095.6228114057,0.0165128432998399
0.0722072199572329,1.00577451078852,2073.11155577789,0.00356651053740056
0.0958431722678134,1.62668261683323,2067.85892946473,0.0196896425985837
0.080429558293927,2.2456281019818,2079.26463231616,0.0140488649875183
0.0806369131983835,3.42873391662958,2084.51725862931,0.014980203339788
0.0614646672605963,1.00288309926358,2080.61530765383,0.00600690599224731
0.0729220203371088,1.00288309926358,2072.66133066533,0.00593705212411897
0.05190961675286,1.017423759841,2090.22011005503,0.00485235745204909
0.0913298073727186,1.00577451078852,2064.10705352676,0.0104135859647152
0.0917673308963537,1.87313095952011,2071.16058029014,0.0184451542699783
0.0772477249717642,1.00288309926358,2070.26013006503,0.00715089687687242
0.0626539253741844,1.26991877487462,2083.6168084042,0.00744367290378261
0.0933272234215737,1.00288309926358,2063.35667833917,0.0153787049255989
0.0689394608604702,3.23688695135292,2092.92146073037,0.0103280308488487
0.0901111130165518,1.00577451078852,2064.55727863932,0.00983297336943725
0.0584673017022119,1.00288309926358,2083.16658329165,0.0051402532914187
0.0978361766091968,1.00577451078852,2061.85592796398,0.00941410612355187
0.0975712261503538,1.27725193454067,2064.55727863932,0.0189247293754758
0.0924189133636711,1.00288309926358,2063.65682841421,0.00252279487201489
0.0653759417993551,1.00577451078852,2077.61380690345,0.00438501758920702
0.0728428533964673,1.19198027101602,2075.21260630315,0.00993682704474597
0.0844428090552683,1.62668261683323,2072.96148074037,0.0147225021897738
0.0656065528425351,1.00577451078852,2077.46373186593,0.00375511776468092
0.0810002187691308,1.00577451078852,2068.45922961481,0.00251739214015246
0.0872517484205882,1.1817296425721,2067.70885442721,0.0144236029194811
0.0695598577100651,1.00577451078852,2074.7623811906,0.00412698126714469
0.0973335611811981,1.00577451078852,2062.0060030015,0.00423260425232824
0.0520669024097014,1.00577451078852,2089.76988494247,0.00147836801582325
0.0691024602974026,1.00577451078852,2075.06253126563,0.0036633437241662
0.0778362466719755,1.00288309926358,2069.95997999,0.00330628235758704
0.0908538692505068,3.18145405986858,2077.61380690345,0.0198559321355168
0.0755599630562007,1.00288309926358,2071.16058029014,0.00614795432891783
0.0959279383338733,1.00288309926358,2062.45622811406,0.014370300862823
0.0818533232047233,1.00288309926358,2068.00900450225,0.00524995446025025
0.0816359487000514,1.00577451078852,2068.15907953977,0.00514259964433483
0.0928711097198834,9.12515100556096,2088.11905952976,0.0231096430754788
0.0925568923420601,1.00577451078852,2063.65682841421,0.0132957188779757
0.0976772335422338,1.00288309926358,2061.85592796398,0.0152723818847651
0.0456776682005554,1.04413027541975,2098.92446223112,0.00399976494652988
0.0724458853839004,1.00577451078852,2072.96148074037,0.00458703093859982
0.0914249783319694,3.24621921773864,2077.46373186593,0.0203613629847696
0.0990267228675448,1.13178371549186,2062.75637818909,0.018559305952241
0.0572266147547795,1.01158236655188,2084.51725862931,0.00184562375948831
0.0824068789712858,1.13178371549186,2069.35967983992,0.012597621156608
0.0835220061144578,1.00288309926358,2067.25862931466,0.00911205249140156
0.0838896831091919,1.38846722913941,2071.16058029014,0.0140133892861679
0.0674107858010292,1.00288309926358,2076.11305652826,0.00267351793554572
0.090635916487576,1.38447564841702,2068.15907953977,0.0164997943671737
0.0981691695861917,1.00288309926358,2061.70585292646,0.00734652505242608
0.090505059751383,1.27725193454067,2067.25862931466,0.0160466500984718
0.0730038402576658,1.00577451078852,2072.66133066533,0.00113507220900467
0.0911596297642807,4.49431145638251,2081.2156078039,0.0210708652625879
0.0936252342093157,1.37652687910296,2066.8084042021,0.0177809919832118
0.0520081132789392,1.00867425853989,2089.91995997999,0.00147020032312336
0.0870626004532014,1.25899790157518,2068.45922961481,0.0147443417675267
0.0767173589468698,1.00288309926358,2070.56028014007,0.0102382707177659
0.0794336632448868,9.36467852310833,2098.17408704352,0.0154509217880028
0.0788308800629806,1.00577451078852,2069.50975487744,0.00196362429752573
0.0925351073457026,1.00577451078852,2063.65682841421,0.00988856934995925
0.0782375076743875,1.03813555048354,2070.26013006503,0.0110111092841112
0.0898327659005212,4.65229147967714,2082.41620810405,0.0202527625803872
0.0799293615135426,1.00288309926358,2068.90945472736,0.00281094267339377
0.0870194702225563,2.42017049201696,2076.4132066033,0.0171709621612633
0.0899074859780105,1.32978351631576,2067.85892946473,0.0161401903482391
0.085865436009576,1.23743709481674,2068.75937968984,0.0142552000060713
0.0908918700248971,1.00577451078852,2064.25712856428,0.00624148956157633
0.0587218539976934,1.00577451078852,2083.01650825413,0.00514761905185571
0.0933552174324766,1.00577451078852,2063.35667833917,0.00735093137398013
0.0873532096486111,1.00288309926358,2065.60780390195,0.00173945432084867
0.0954735718153179,1.00288309926358,2062.60630315158,0.00199978850747807
0.0874744615952087,1.00577451078852,2065.60780390195,0.00697773841013145
0.0740561583707127,1.00577451078852,2072.06103051526,0.00517987618329883
0.0982506546743549,2.11997911696849,2069.65982991496,0.0225716399940166
0.0486064318400207,1.00288309926358,2093.971985993,0.00377181520591908
0.0974880245541558,3.86942926293753,2076.4132066033,0.0245421228930841
0.0852142013353775,1.08707389011608,2067.40870435218,0.0134267102160437
0.0819266531539884,1.00577451078852,2068.00900450225,0.0119621755678148
0.0688111141581968,4.24284253669373,2097.12356178089,0.0104596919421389
0.0773640918979374,1.00577451078852,2070.26013006503,0.010588932191859
0.0897907414970392,1.26626799854054,2067.40870435218,0.0157516375981956
0.0834388527966587,11.6216105181022,2097.57378689345,0.017574954790334
0.0873634108127745,4.73335188912938,2084.06703351676,0.0189205439458677
0.0909240790830728,3.10901742259474,2077.31365682841,0.0198426350039538
0.0782054839347339,1.00577451078852,2069.80990495248,0.00412216327702022
0.0727884611612108,1.18855355314224,2075.21260630315,0.00991530852061551
0.0950305592578875,1.00288309926358,2062.75637818909,0.0121149210390374
0.0743024472174053,1.00577451078852,2071.91095547774,0.00405372312933008
0.0963442523176378,1.00288309926358,2062.30615307654,0.00527256251885209
0.0797800880763088,1.20231981606127,2071.46073036518,0.011996010878855
0.0953202123400016,2.44116367657533,2072.51125562781,0.0214507905991675
0.0794986058884624,1.15482354244809,2071.01050525263,0.0118028139901619
0.0992082879881871,1.46653209822205,2065.45772886443,0.0206284746283284
0.0765119675369732,1.00577451078852,2070.71035517759,0.00960947489613087
0.0971899896648617,1.00288309926358,2062.0060030015,0.00606386010987794
0.084204947783703,1.00288309926358,2066.95847923962,0.00102641428650931
0.0963648351098096,22.4046201063247,2095.32266133067,0.0266508987844596
0.0920700831250647,2.15691712397049,2072.51125562781,0.019341077822816
0.0692227275065274,1.00288309926358,2074.91245622811,0.0071043564157668
0.0900671773041138,1.00288309926358,2064.55727863932,0.00854229439869752
0.0493995802796302,1.00288309926358,2092.92146073037,0.00364121853532828
0.0986721681206083,1.00288309926358,2061.55577788894,0.00973993163584865
0.084502353832383,1.00288309926358,2066.8084042021,0.004966961182054
0.0853305643920542,4.11058351166975,2083.76688344172,0.0174540687771903
0.0589975929323896,1.00288309926358,2082.71635817909,0.00188792628589643
0.0851524719161197,2.2071708865269,2076.26313156578,0.0160876313386067
0.0883427828626977,1.15482354244809,2066.95847923962,0.0146928634201748
0.0878322322051241,7.18561784115829,2088.56928464232,0.0198390464314642
0.0908692751651681,1.00288309926358,2064.25712856428,0.0145212885096056
0.0941238314122429,1.2267955530143,2065.30765382691,0.0172736577932791
0.090904576326787,1.669381663546,2070.11005502751,0.0176543175056986
0.0612199922899338,1.61734325078285,2089.1695847924,0.00737156778394137
0.0889987532581046,1.00577451078852,2065.00750375188,0.013947453106178
0.0742818166227885,1.00577451078852,2071.91095547774,0.00559742410978068
0.0704047574540406,1.00288309926358,2074.16208104052,0.00406895760000326
0.0942377997991985,1.2232687477884,2065.30765382691,0.0172350531262076
0.0855328253553636,1.00288309926358,2066.35817908954,0.00158279565826396
0.0973130169608231,1.00577451078852,2062.0060030015,0.0081198767787403
0.0784309011776414,1.00288309926358,2069.65982991496,0.00396575686729833
0.0546079797176543,1.00867425853989,2087.06853426713,0.00422328035684209
0.0888715903530251,1.00288309926358,2065.00750375188,0.00231432665372309
0.088616095834215,2.91820823764409,2077.76388194097,0.0184781718089856
0.0988784863145197,2.90145376159538,2072.81140570285,0.0242878911796419
0.0930442086592036,20.6694457978884,2096.82341170585,0.0239916610280608
0.06078348276398,1.00577451078852,2081.2156078039,0.00379108443119952
0.0748651085062526,1.1817296425721,2073.86193096548,0.0104928756987038
0.0930416698352951,1.82522046182733,2070.26013006503,0.0190051125300616
0.0955753802956817,1.39648494813358,2066.20810405203,0.0187210775078072
0.08494788213733,1.00577451078852,2066.65832916458,0.00179381664432116
0.0753973389644465,1.00577451078852,2071.31065532766,0.00206113423420308
0.0846172663749397,1.00577451078852,2066.8084042021,0.00291807874170986
0.0714977123775341,1.00577451078852,2073.56178089045,0.00684082185352138
0.0956912777990194,2.81100886708374,2073.86193096548,0.0222703134051933
0.0978268573838973,1.00577451078852,2061.85592796398,0.0131267702636076
0.0832232073162582,1.00577451078852,2067.40870435218,0.00893650385359662
0.0913965126843192,1.33746236557711,2067.40870435218,0.0166399436258411
0.0712316498558216,1.00577451078852,2073.71185592796,0.00275830930579843
0.098355589639878,13.5373258656811,2088.86943471736,0.0277879027346401
0.0988234092965665,4.27964604980107,2076.71335667834,0.0260459172012371
0.0830211953783505,8.49145760309168,2094.12206103052,0.0171086597919337
0.0764940917728957,1.00577451078852,2070.71035517759,0.010336051115161
0.0676174823499,2.81911328467833,2092.02101050525,0.00978369507762699
0.0938454523279475,1.00577451078852,2063.20660330165,0.0105910664418795
0.0815130481749267,3.19062650772569,2083.01650825413,0.0152679823793576
0.093322882645019,3.06458444505318,2075.81290645323,0.021370732877685
0.0664304784768379,1.00577451078852,2076.86343171586,0.00127595416010686
0.0930122200981049,1.00577451078852,2063.50675337669,0.00302014007991779
0.0790519235074242,1.00288309926358,2069.35967983992,0.00313414230816857
0.0716759710848018,1.00288309926358,2073.41170585293,0.00248109965806236
0.0889722582412712,1.00577451078852,2065.00750375188,0.00795064097608328
0.0710711774937383,6.04568285725226,2099.97498749375,0.011564330082521
0.0951408050575656,1.00577451078852,2062.75637818909,0.0154897665314886
0.091759453352036,1.00577451078852,2063.95697848924,0.00943783006264847
0.0997796712188233,1.669381663546,2066.65832916458,0.0217781407591108
0.0991460093635284,1.12205075712963,2062.60630315158,0.0185631996343432
0.0726911820560476,1.47076025583445,2078.36418209105,0.010406047411323
0.0772895424140527,1.00288309926358,2070.26013006503,0.00503005893984401
0.0987445960053953,16.8968968064112,2090.8204102051,0.0285362261682411
0.0761103212649769,4.8997344482741,2092.62131065533,0.013363454071851
0.0904126880566167,2.74700667630971,2076.11305652826,0.0192676181214308
0.0634774757887327,1.00288309926358,2078.96448224112,0.00239805057095432
0.0888565902364312,1.00288309926358,2065.00750375188,0.00215514231752058
0.0875968688005191,6.49685502569923,2087.66883441721,0.0194058402518328
0.0958819891923473,1.00288309926358,2062.45622811406,0.0121178991548789
0.0768135101017254,5.14550325140415,2092.62131065533,0.0137805253307356
0.0994008487457358,2.2456281019818,2069.80990495248,0.02355665014048
0.0637340706652963,1.82522046182733,2088.71935967984,0.00818870451734607
0.0943015249020101,1.04413027541975,2063.35667833917,0.0162766793433004
0.0874171216744333,1.00288309926358,2065.60780390195,0.00464172350326341
0.0540657450591891,1.00288309926358,2087.51875937969,0.00280782212929437
0.0990766127855994,1.00288309926358,2061.40570285143,0.0171263372923462
0.0896969104740672,1.00288309926358,2064.70735367684,0.00928087526659563
0.0859672647286972,2.79486986091936,2078.66433216608,0.0171013671713737
0.0740587386983742,1.00577451078852,2072.06103051526,0.00574900199058804
0.0880954110018886,1.00288309926358,2065.30765382691,0.0126694894627167
0.0643882155068195,1.00577451078852,2078.36418209105,0.00230991283786943
0.0564789169403999,2.15691712397049,2099.37468734367,0.00652242416226674
0.0951418337855282,1.00577451078852,2062.75637818909,0.00776629577143829
0.0886182810817795,2.10174801133249,2073.86193096548,0.0175431980898118
0.0604299978856556,1.00577451078852,2081.51575787894,0.00533209011055308
0.0818327542775641,5.80685504843578,2090.22011005503,0.0163095885470459
0.0816077464054034,1.00577451078852,2068.15907953977,0.00155009769750187
0.0802983039319348,1.00288309926358,2068.75937968984,0.00869279008368168
0.0737834155281302,1.00577451078852,2072.21110555278,0.00736823777585315
0.0993635597173597,1.295770630155,2064.10705352676,0.0197350904706424
0.0866625356807518,1.00288309926358,2065.90795397699,0.00344300065698418
0.0799509186311059,1.00288309926358,2068.90945472736,0.00905972030540428
0.0991346753410188,1.00288309926358,2061.40570285143,0.0156028639007058
0.0750559211799803,1.00288309926358,2071.46073036518,0.00558344356156855
0.09860791193771,1.00288309926358,2061.55577788894,0.0173586366117806
0.0897332002902944,1.60805750536954,2070.26013006503,0.0168895386279585
0.0842182137669552,1.00288309926358,2066.95847923962,0.00257626880871962
0.0507698751071001,1.27725193454067,2096.3731865933,0.00497075381742605
0.093328168855657,1.00288309926358,2063.35667833917,0.0143606224833541
0.076675926470605,1.06232295058138,2071.31065532766,0.0106918030169486
0.0952224399110825,1.44974067037263,2066.8084042021,0.018728949811861
0.0812691266407076,1.00577451078852,2068.30915457729,0.00519081584439022
0.0764538860355658,1.00577451078852,2070.71035517759,0.00265304238841163
0.0796878738087985,1.25899790157518,2072.06103051526,0.0121722621560416
0.0877543876952904,1.00288309926358,2065.45772886443,0.00546879105456292
0.0900913808516212,1.00577451078852,2064.55727863932,0.0126232465956553
0.0551273130881738,1.00577451078852,2086.46823411706,0.00506322908883386
0.0580562360800165,1.00577451078852,2083.6168084042,0.00189107873649448
0.0732488323085429,1.00577451078852,2072.51125562781,0.00575330979514342
0.0797494759675907,1.02035709353375,2069.2096048024,0.0114159880447389
0.0920997007332994,1.00577451078852,2063.80690345173,0.00522400275008172
0.093596062205787,2.30457394564778,2072.66133066533,0.0202537298144118
0.0858149113508872,6.61005466738882,2089.01950975488,0.0184844801337505
0.0971691346191694,3.25557838997471,2074.7623811906,0.0236929652324159
0.0949626274457498,1.00288309926358,2062.75637818909,0.0110697721236349
0.0809940848511215,1.00577451078852,2068.45922961481,0.0108254737898661
0.0845921528639597,1.00577451078852,2066.8084042021,0.00932800763544383
0.097853188170462,1.60805750536954,2066.95847923962,0.0205839522728491
0.0776101245284807,1.00577451078852,2070.11005502751,0.00511386675137221
0.0930104283998018,1.83048275359669,2070.26013006503,0.0190565059027816
0.0838675225769203,2.51970871206025,2078.66433216608,0.0157977680707898
0.0956715855572308,4.98510624458552,2080.01500750375,0.0239854241334705
0.0849261984935982,1.00577451078852,2066.65832916458,0.00487950625357601
0.0995836429311584,1.00288309926358,2061.25562781391,0.0173880255376426
0.0939072878171882,6.01097243209366,2082.86643321661,0.0234155161755121
0.0621634116657807,1.00288309926358,2080.01500750375,0.006307209764322
0.0791252110244171,1.00577451078852,2069.35967983992,0.00627033716630281
0.0957275330836057,2.50524216415549,2072.51125562781,0.0219394051381399
0.0730802955583967,1.31834782642385,2076.56328164082,0.010247078403783
0.0835918969576479,1.96143148928283,2075.66283141571,0.0150532919682497
0.0983058133818994,1.57597523020146,2066.50825412706,0.020765638677434
0.0770583786796651,1.00577451078852,2070.41020510255,0.00332064538053885
0.0745722641899257,1.00577451078852,2071.76088044022,0.00371677566666343
0.0825254432915277,1.00288309926358,2067.70885442721,0.0084257013899631
0.0578118582512724,1.00867425853989,2083.91695847924,0.00241595566672504
0.0960306254751873,7.41681684421187,2083.91695847924,0.0252896898966975
0.0716377403213924,1.00288309926358,2073.41170585293,0.00262806226682071
0.064734488973466,1.00577451078852,2078.06403201601,0.00656955641083102
0.0963205212820539,1.00288309926358,2062.30615307654,0.0120144015997078
0.0525337754537603,1.00867425853989,2089.31965982992,0.00505919508791582
0.0737729337156174,3.10007958542497,2088.26913456728,0.0119432550030367
0.0962253532918238,7.78884153617836,2084.3671835918,0.0254076327372838
0.0762159526143505,2.89311263070037,2085.41770885443,0.0128305995895563
0.0846083703441443,1.00577451078852,2066.8084042021,0.00565904701029795
0.0941602704444765,24.8512842698056,2098.024012006,0.0248460019674029
0.0459159992345839,1.00288309926358,2097.72386193097,0.00189218062185892
0.0543640886777976,1.01158236655188,2087.36868434217,0.00302940889955677
0.0945346368390668,1.00288309926358,2062.90645322661,0.0067190313284345
0.0837557987448042,1.79396288338358,2074.46223111556,0.0148438032725603
0.0794330474253434,1.00577451078852,2069.2096048024,0.00392691091909879
0.0991343081339158,1.00288309926358,2061.40570285143,0.0125001276667888
0.0540985305525628,1.01158236655188,2087.66883441721,0.00194464690998207
0.0655840581315381,1.00577451078852,2077.46373186593,0.00321910407544395
0.0660631645337063,1.02920793476607,2077.46373186593,0.00786532822140916
0.0874907427969671,2.77882351455518,2077.76388194097,0.0178273857773439
0.0959362580277482,10.3873347090322,2087.51875937969,0.0257102765498094
0.0933254190054852,4.3416960341386,2079.71485742871,0.0222137875657137
0.0828439557236082,1.50502732889567,2072.81140570285,0.0138167759379964
0.0645123757764719,1.00288309926358,2078.21410705353,0.0010526763693831
0.082201331442694,1.00288309926358,2067.85892946473,0.00215312552952592
0.0873440068872725,1.00288309926358,2065.60780390195,0.00609191761075395
0.0685556689516954,1.00288309926358,2075.36268134067,0.00105376773052556
0.0743178580379121,1.00577451078852,2071.91095547774,0.00477733001775236
0.0928436483945247,1.9841495077581,2071.31065532766,0.0192543566117227
0.0554095171547444,1.00577451078852,2086.16808404202,0.00181863191053691
0.0445005937917864,1.00288309926358,2099.82491245623,0.00189909071671567
0.0755815092929194,1.00288309926358,2071.16058029014,0.00930596704134871
0.0963227206511783,1.00288309926358,2062.30615307654,0.0151356335175542
0.0775220763675737,1.00288309926358,2070.11005502751,0.00574215923591813
0.0982897402833717,1.00577451078852,2061.70585292646,0.0133211795112969
0.0978968437067992,2.95200799512719,2073.41170585293,0.0237545365231533
0.0995491235638268,1.00288309926358,2061.25562781391,0.00600416844064515
0.0698792239666144,1.09335121002246,2075.81290645323,0.00891921209983686
0.0967830954552566,1.00288309926358,2062.15607803902,0.00773927928517471
0.0895409928462041,3.08228092099346,2077.91395697849,0.0190973751787358
0.0955523432267605,1.54898606893921,2067.40870435218,0.019284916901977
0.0623963201651663,1.00577451078852,2079.86493246623,0.00414414606717251
0.0791420373163698,1.00577451078852,2069.35967983992,0.00473886599683231
0.0927030238707086,2.25210247070889,2072.81140570285,0.0196925384476936
0.0731924405474142,1.00288309926358,2072.51125562781,0.00437899154451415
0.0843579125944047,8.32204495553973,2092.77138569285,0.0179477776868905
0.0591807325652856,1.01158236655188,2082.71635817909,0.0058433284726239
0.0987488286599829,2.39246014169509,2070.71035517759,0.0235503900280197
0.0781375547400193,1.00288309926358,2069.80990495248,0.00236195941344358
0.0897695298667402,2.10780755947618,2073.41170585293,0.018009288861158
0.0829828707083835,4.74699861247518,2086.91845922961,0.0166501616978761
0.0671667741516704,1.53566531100084,2083.01650825413,0.00888758557114577
0.0917595510615668,1.24100474879353,2066.35817908954,0.0164096632925342
0.0787146111358385,1.23033252636976,2072.21110555278,0.0118133067893795
0.0753334890934474,1.00288309926358,2071.31065532766,0.00596274649598243
0.0914152148683431,1.33361741419236,2067.40870435218,0.0165991112449964
0.089241123414629,1.00288309926358,2064.85742871436,0.00372038583571115
0.0860350104112779,1.00577451078852,2066.20810405203,0.00557585840513577
0.0861605527657067,16.7998856852757,2099.67483741871,0.0194467116393353
0.0725776127831605,1.15815301335288,2074.91245622811,0.00981118106262769
0.0877389012835785,1.00288309926358,2065.45772886443,0.00578596981828461
0.0776601419555172,1.00577451078852,2070.11005502751,0.0045599649508908
0.0872467653124291,8.29812065000463,2090.67033516758,0.0195818104005683
0.0918470334739086,1.64079288241399,2069.50975487744,0.0179887108993966
0.0579699580969495,1.00867425853989,2083.76688344172,0.00147939296227235
0.0770101942785543,2.33126636583218,2081.9659829915,0.0127696187234342
0.0857959815868264,2.11388457789867,2075.36268134067,0.0162810025173226
0.0969824788218332,1.1817296425721,2063.80690345173,0.0181950153860275
0.0999795810425281,2.33126636583218,2069.95997999,0.0240996440843608
0.0881853890265893,1.09650345009091,2066.35817908954,0.014404021213565
0.0976537159353017,1.00288309926358,2061.85592796398,0.00189652397736923
0.093387933003821,1.00577451078852,2063.35667833917,0.00130322359183707
0.0778737326696045,1.00288309926358,2069.95997999,0.0106657602272653
0.0598135077940827,1.00288309926358,2081.9659829915,0.00183552646370172
0.0986911255463274,2.63090415150101,2071.76088044022,0.0239391824661632
0.0670850382684356,2.43414579263315,2090.22011005503,0.00949440102543089
0.0918268261372068,4.50726900243269,2080.91545772886,0.0214079040027845
0.0961425242479809,34.1101179217553,2099.82491245623,0.0267720095265617
0.0748236125413471,2.68446171339143,2085.41770885443,0.0121894595518543
0.0796587328018372,1.00288309926358,2069.05952976488,0.00682230033338124
0.0532840066652756,1.00577451078852,2088.4192096048,0.00234067455332333
0.0943803315067066,6.84240540686637,2084.06703351676,0.0238175789110462
0.0912761873764001,1.00288309926358,2064.10705352676,0.0075140055329748
0.0885897406155614,15.7688292262238,2097.12356178089,0.0207847254564345
0.0722292906980087,1.00577451078852,2073.11155577789,0.00377349765210944
0.0493076735418606,1.00288309926358,2093.07153576788,0.00193363993506983
0.0955996622101245,4.77441020717598,2079.5647823912,0.0238861335462327
0.0776173745969335,1.28833114804146,2073.56178089045,0.0115448389342306
0.0719561347923563,1.00577451078852,2073.26163081541,0.00264828363590756
0.0873861137276832,2.57100265798945,2076.86343171586,0.0176071998706642
0.0915446562017959,1.21975208146059,2066.20810405203,0.0162519633030712
0.062255579265742,1.00577451078852,2080.01500750375,0.00148986540187357
0.0824788437602979,1.00288309926358,2067.70885442721,0.00514351285279085
0.0670584293101083,1.00577451078852,2076.4132066033,0.00483402952793151
0.0959463011632395,1.00577451078852,2062.45622811406,0.00896649131519867
0.0973999596786138,34.307087165692,2099.07453726863,0.0275605833528047
0.0947107844086137,1.00577451078852,2062.90645322661,0.00581429178831538
0.0978136413103569,1.00577451078852,2061.85592796398,0.0156748829073035
0.09973372994902,1.33746236557711,2064.25712856428,0.0202427017894546
0.0860815506049851,2.07171057200942,2075.06253126563,0.0162404421808283
0.0558120031152845,1.00288309926358,2085.71785892946,0.00279722720220391
0.0676836211955737,1.00288309926358,2075.96298149075,0.0020281151300272
0.0868033905807818,8.71435120329488,2091.5707853927,0.0193356291313489
0.0846014994676181,1.00577451078852,2066.8084042021,0.00509496038609374
0.0933162562605475,1.00288309926358,2063.35667833917,0.00299061870342128
0.0849436816962004,1.00577451078852,2066.65832916458,0.0123542198083986
0.0570083303515444,1.00867425853989,2084.66733366683,0.00450333505210927
0.0950417781694549,1.00288309926358,2062.75637818909,0.00207261609978299
0.0769659910568503,1.25537852068667,2073.56178089045,0.0112717422780304
0.0829918194054813,6.92165665438525,2091.5707853927,0.0170286058072851
0.0893709280659783,1.09335121002246,2065.75787893947,0.014850042812091
0.0679784863390072,1.00577451078852,2075.81290645323,0.00664127771871703
0.0992176229065771,1.00577451078852,2061.40570285143,0.0107271668953636
0.0734897072407673,2.01872085226992,2082.41620810405,0.0112471067727035
0.0934173616046958,1.00577451078852,2063.35667833917,0.00322042470435906
0.0842165508399755,1.00288309926358,2066.95847923962,0.0100437116480664
0.0787459388085626,1.00288309926358,2069.50975487744,0.00321398860184599
0.0824959140017986,1.00288309926358,2067.70885442721,0.00858761675916941
0.0758995288670575,1.00577451078852,2071.01050525263,0.00831646092878521
0.0721960224385084,1.00577451078852,2073.11155577789,0.00460750358770158
0.0937698273143311,1.00577451078852,2063.20660330165,0.00977303163976661
0.0642495609536895,1.39648494813358,2083.91695847924,0.00794789182768914
0.0703919816455013,1.00288309926358,2074.16208104052,0.00719111700006265
0.0963680677294416,1.00288309926358,2062.30615307654,0.00939601138431808
0.0920977078826869,3.27437776251048,2077.1635817909,0.020854847241009
0.0968731974072754,1.00577451078852,2062.15607803902,0.00782970708479525
0.066544061729721,2.97761447568876,2093.971985993,0.00943077990472959
0.0992074372811919,1.34518555643637,2064.55727863932,0.0199692050931293
0.0896537351837126,1.00288309926358,2064.70735367684,0.0101930684702868
0.0855814947218302,1.00288309926358,2066.35817908954,0.0078768143732642
0.0954451121166237,3.37973166401872,2075.96298149075,0.0227570445238771
0.0990878891636185,1.00288309926358,2061.40570285143,0.00876551572270057
0.0699244444040323,1.15150364314254,2076.56328164082,0.00906269167896118
0.0976010236048783,1.51808232505612,2066.35817908954,0.0201949021186899
0.0778451100930796,1.00288309926358,2069.95997999,0.00304211622952778
0.0858110231645896,2.67674439360146,2078.21410705353,0.0169465366020731
0.0816495612348556,5.92506573979369,2090.67033516758,0.016167177391033
0.0964125978297629,1.00577451078852,2062.30615307654,0.00263248222568729
0.0907994102978802,1.48351801054375,2068.90945472736,0.016901058186131
0.0674691163142307,1.00288309926358,2076.11305652826,0.00239737450368716
0.0950753808267976,4.25507507288674,2078.51425712856,0.0234096821379357
0.0989163047438057,3.75961856902805,2075.36268134067,0.0255931883473963
0.0881663678380983,1.00288309926358,2065.30765382691,0.00529959833828735
0.0776041589709648,1.00577451078852,2070.11005502751,0.00957287322205208
0.0885182517066592,1.00288309926358,2065.15757878939,0.0125114778357303
0.0641126029520631,1.00288309926358,2078.51425712856,0.00664979220716876
0.0913383146063783,18.5275056440599,2096.82341170585,0.0228107168859582
0.0932595080488308,1.51808232505612,2068.00900450225,0.0182465208342068
0.0805625061641844,10.9083594392703,2099.22461230615,0.0159787876659895
0.0897752323799466,4.48139116082693,2081.9659829915,0.020246324193588
0.0981810884702156,1.00288309926358,2061.70585292646,0.0105847974617365
0.0662113633187971,1.00577451078852,2077.01350675338,0.00214903006487013
0.0755418180838184,1.00288309926358,2071.16058029014,0.00496016282354132
0.0973629075858508,1.00577451078852,2062.0060030015,0.00878881528899196
0.0835813793141832,1.00577451078852,2067.25862931466,0.010827277158964
0.0956382596273426,2.82724106811333,2073.86193096548,0.0224017393790197
0.0968504775259203,2.52697328239242,2072.21110555278,0.0224994799007437
0.0617080231156598,1.77853540743712,2090.22011005503,0.00762987784863094
0.0924332522905199,1.00288309926358,2063.65682841421,0.0146153605046852
0.0973221005509766,1.00577451078852,2062.0060030015,0.00283358267712652
0.0577413144310978,1.00577451078852,2083.91695847924,0.00104954083852698
0.0905653701996046,3.52888015319671,2078.8144072036,0.0201664951395547
0.0898088603511166,2.37188579111585,2074.7623811906,0.018439211192588
0.0732079826522773,1.00577451078852,2072.51125562781,0.0072293686851912
0.0739384577077337,1.00288309926358,2072.06103051526,0.0048069909245478
0.0578483645050697,1.37256962462899,2089.46973486743,0.00646484107024785
0.0885874561848855,1.00577451078852,2065.15757878939,0.0125770911945377
0.0489486893075525,1.00288309926358,2093.52176088044,0.00400513070229916
0.098473259986926,2.85998721049474,2072.81140570285,0.0240003286488402
0.0856572865835724,1.00577451078852,2066.35817908954,0.00995263257855276
0.0671015527093397,1.00577451078852,2076.4132066033,0.00644180009127929
0.0609172882159553,1.00288309926358,2081.06553276638,0.00239099336780979
0.0921837468135252,1.00577451078852,2063.80690345173,0.0130117995378701
0.0952060124003838,2.55624161321588,2072.96148074037,0.0217320051682126
0.0908469953360809,1.00288309926358,2064.25712856428,0.00992159651432377
0.0955355801618715,1.00577451078852,2062.60630315158,0.00325151236118914
0.0678204339022081,3.23688695135292,2093.971985993,0.00995008395660264
0.0530969269645955,1.16819913201946,2091.5707853927,0.00534339447746301
0.0855414349811897,1.00288309926358,2066.35817908954,0.0101401969467522
0.0562814255189866,1.00288309926358,2085.26763381691,0.00288959356664073
0.0910515061229975,1.63137250428789,2069.80990495248,0.0175755777847158
0.0755887134930307,2.83539228475476,2085.56778389195,0.0125903738273167
0.0920786518823349,1.00288309926358,2063.80690345173,0.0119460989412943
0.0898030686555618,4.59902389909696,2082.26613306653,0.0202762732039582
0.0812971237999747,1.00577451078852,2068.30915457729,0.00283133061032239
0.0962842236300902,1.00288309926358,2062.30615307654,0.00388804572475642
0.0936970454432988,1.07772542117776,2063.95697848924,0.0162714718107118
0.0576397872458099,1.00867425853989,2084.06703351676,0.00157246598080484
0.0724509062532994,1.00577451078852,2072.96148074037,0.00443273431794979
0.0901619086058693,1.00577451078852,2064.55727863932,0.00542101359574939
0.0825241158475175,1.00288309926358,2067.70885442721,0.00684601374159699
0.0790872549127721,1.00577451078852,2069.35967983992,0.0100448252924025
0.061277094985806,1.10920355497526,2082.41620810405,0.00694535118511321
0.0452006930921288,1.00288309926358,2098.7743871936,0.0034204628054006
0.0929202773303668,1.00577451078852,2063.50675337669,0.0144027769379618
0.0689158668775511,4.37935702804035,2097.42371185593,0.0105621929553025
0.0877568420854112,1.00288309926358,2065.45772886443,0.0105219528445839
0.0856147543650449,2.96051892720402,2079.5647823912,0.0170661784044637
0.0667899621930349,1.00288309926358,2076.56328164082,0.0071731304169781
0.0963200667276912,1.00288309926358,2062.30615307654,0.00868139589145026
0.0764747665052878,1.00577451078852,2070.71035517759,0.00571159852880241
0.0912135632897945,3.19062650772569,2077.46373186593,0.0200734380845899
0.0811878083777331,1.00288309926358,2068.30915457729,0.00535286469719402
0.0705102259530321,1.07462716439149,2075.06253126563,0.00908272161003761
0.058278214802638,2.46943812909056,2099.67483741871,0.00702715943200173
0.0516346062370586,1.00288309926358,2090.22011005503,0.00187954037847685
0.0972182762609028,5.01389279437678,2079.26463231616,0.0250978199068949
0.0756116099814695,1.00577451078852,2071.16058029014,0.00740173433056066
0.0858943285340652,1.00288309926358,2066.20810405203,0.0119156192883308
0.079314116495665,1.00288309926358,2069.2096048024,0.00854899919434511
0.0976943190730333,1.00288309926358,2061.85592796398,0.00969094870811556
0.093722334682424,4.67915618701786,2080.31515757879,0.0226422429692249
0.0685036523280442,1.1028352210931,2076.86343171586,0.00860413949840483
0.0818096475063247,1.00288309926358,2068.00900450225,0.00575832181928738
0.0740262363598795,1.00577451078852,2072.06103051526,0.00321306857126229
0.0805066105458031,1.96143148928283,2077.46373186593,0.0137597792244383
0.0661530379618626,1.92229906736858,2087.36868434217,0.00893129635380168
0.0842873914066324,1.00577451078852,2066.95847923962,0.00792347711803726
0.0892755214713764,1.00288309926358,2064.85742871436,0.00555568153261387
0.0948969943714338,10.3873347090322,2088.11905952976,0.0250034576972936
0.0489260410491178,1.00288309926358,2093.52176088044,0.00194419664587046
0.0943705684029163,1.80952418124502,2069.65982991496,0.0195265445840133
0.0909983291255987,2.2008256876077,2073.26163081541,0.0188560193546583
0.0502631914333275,1.00288309926358,2091.87093546773,0.00437615927559752
0.0579505093927254,2.4062754285944,2099.52476238119,0.00695941415456643
0.0893513028205366,1.00577451078852,2064.85742871436,0.0121419562507465
0.0643760871041861,1.00577451078852,2078.36418209105,0.00173481712867005
0.0620717017496293,1.00577451078852,2080.16508254127,0.00320617576278878
0.0949248043334957,2.12609122719942,2071.16058029014,0.0206386210712278
0.0936490490907369,2.96051892720402,2075.36268134067,0.0212989318830395
0.0932484026199626,1.00288309926358,2063.35667833917,0.00106012149546243
0.0885321070335501,1.00288309926358,2065.15757878939,0.00114432723193623
0.068531074629305,1.00288309926358,2075.36268134067,0.00189792147100467
0.085585278051983,2.69220128298041,2078.51425712856,0.0167247412017379
0.0978217977732499,1.00577451078852,2061.85592796398,0.00978933982524737
0.090510440027613,1.00577451078852,2064.4072036018,0.00145182284128159
0.0905060696900498,1.00577451078852,2064.4072036018,0.00674085829367986
0.0843058730699932,1.00577451078852,2066.95847923962,0.0115859327565376
0.0821188058240498,5.19013667692469,2088.71935967984,0.0162139313791287
0.0855691504951813,1.00288309926358,2066.35817908954,0.00477472570697319
0.0692158561376228,1.00288309926358,2074.91245622811,0.00599947815548482
0.0803252819802276,2.13222095925085,2078.66433216608,0.0138766369936446
0.0709355856427845,1.00288309926358,2073.86193096548,0.00776061296080567
0.072695753165612,1.00577451078852,2072.81140570285,0.00852804707492213
0.0951351658674143,1.00577451078852,2062.75637818909,0.0128860870266125
0.0897770664318579,1.00577451078852,2064.70735367684,0.00297662057240407
0.0615047437160719,1.00577451078852,2080.61530765383,0.00431854149501732
0.081282095378486,1.00577451078852,2068.30915457729,0.00442439447717147
0.0933133952825214,1.00288309926358,2063.35667833917,0.0117800942906708
0.0909173653967963,1.00577451078852,2064.25712856428,0.00451396078313956
0.0959832788749801,1.00577451078852,2062.45622811406,0.0118152136317668
0.0712174568003247,1.00577451078852,2073.71185592796,0.00604042607744241
0.0925681373602691,1.00577451078852,2063.65682841421,0.00400965592068352
0.0897056320986117,1.00577451078852,2064.70735367684,0.0130271924530059
0.0686123796895239,1.00577451078852,2075.36268134067,0.0061708665449221
0.0670420772374564,1.00577451078852,2076.4132066033,0.00620352697404364
0.0897693374051295,1.00577451078852,2064.70735367684,0.00831507409597469
0.095533156136341,3.09116744284691,2074.91245622811,0.0225925992523262
0.0905410713006557,1.00577451078852,2064.4072036018,0.0125098190231664
0.0636806567774834,1.00288309926358,2078.8144072036,0.00522668752995999
0.0759568927488897,1.00577451078852,2071.01050525263,0.00384764701273569
0.0770710313090496,1.20578622343754,2072.96148074037,0.0111646116566287
0.0625892482392704,1.00577451078852,2079.71485742871,0.00682059606269118
0.071735023759496,1.00577451078852,2073.41170585293,0.00804538019756329
0.0972535208133207,1.00288309926358,2062.0060030015,0.0110965368027059
0.0915945618805158,1.00288309926358,2063.95697848924,0.00718468853813314
0.0712037751065469,2.22631645743836,2085.56778389195,0.0106073504081138
0.0997192439369538,1.00577451078852,2061.25562781391,0.0176408560682072
0.0627817672665125,1.00577451078852,2079.5647823912,0.00232159731839925
0.093897538308334,2.07768351923393,2071.31065532766,0.0200538296621089
0.0958185975546515,2.41321295951054,2072.06103051526,0.0218419621485487
0.0973409578544644,1.00577451078852,2062.0060030015,0.0140608349441844
0.0676350302170386,1.17833239331668,2078.51425712856,0.00852147922194555
0.0808797675660948,1.2267955530143,2071.16058029014,0.0124315080136878
0.0859584124653319,1.00288309926358,2066.20810405203,0.00814783858385631
0.0731397528347539,1.00288309926358,2072.51125562781,0.00643636629537616
0.0758150834793172,1.00288309926358,2071.01050525263,0.00136076905410777
0.0913470918601636,8.6145740489714,2088.4192096048,0.0220834543128705
0.0758678553841327,1.00288309926358,2071.01050525263,0.00426232776111094
0.0958445054104678,1.00288309926358,2062.45622811406,0.0114700304448289
0.0681598061103514,1.00577451078852,2075.66283141571,0.00350871172739447
0.0784655430506272,1.00288309926358,2069.65982991496,0.00618189846462333
0.0910877460637922,1.57144459943409,2069.35967983992,0.017421607283575
0.0806238532896049,1.07462716439149,2069.50975487744,0.0118558128013365
0.0818353165723604,1.00288309926358,2068.00900450225,0.00274528907499387
0.0936956839309093,1.00288309926358,2063.20660330165,0.0107949347006556
0.0969918339748506,2.50524216415549,2072.06103051526,0.0225326496906324
0.0812273632267286,1.57144459943409,2074.16208104052,0.0134250250041806
0.0835633471635537,1.441417191251,2071.91095547774,0.0139216759073882
0.0789639597432976,2.02454102487246,2078.8144072036,0.0132385465979481
0.0681851579696543,1.00577451078852,2075.66283141571,0.00673371977777166
0.0990056126099555,5.773515819051,2079.71485742871,0.0270200074890446
0.0762289287729715,1.20231981606127,2073.26163081541,0.0109798944675523
0.0491182670282227,1.23387969717049,2097.87393696848,0.00464837417228652
0.0849018896292465,1.00288309926358,2066.65832916458,0.00709147801851842
0.072968936407193,3.06458444505318,2088.71935967984,0.0116585890584777
0.0955490543286702,1.00577451078852,2062.60630315158,0.0022244203344969
0.0702179004852762,2.90981894079874,2090.22011005503,0.0106534797289181
0.0908582224871154,1.00288309926358,2064.25712856428,0.00248738400124967
0.0995414965437182,1.00288309926358,2061.25562781391,0.0116873015797792
0.0818252256811669,1.00288309926358,2068.00900450225,0.00199090410588809
0.0872101693957382,6.27623830106248,2087.51875937969,0.0191441750422201
0.0753282782333112,1.00288309926358,2071.31065532766,0.0100046162622688
0.0697616403230288,1.00577451078852,2074.61230615308,0.00100444568760648
0.0806698817116255,1.00577451078852,2068.60930465233,0.00666902490558365
0.097326009200091,4.82970917626452,2078.8144072036,0.0250845085955116
0.0928967699891999,3.0557743442915,2076.11305652826,0.0209097638730624
0.0782423908460166,1.00577451078852,2069.80990495248,0.00984849908325454
0.0965075482099485,2.5933041997516,2072.66133066533,0.0223684846301617
0.0949356962586635,1.00288309926358,2062.75637818909,0.0161336437382348
0.0983141116439191,2.15691712397049,2069.80990495248,0.0227254157006638
0.0601752747798161,1.00288309926358,2081.66583291646,0.00165410824251247
0.0813168426113462,1.00577451078852,2068.30915457729,0.00119526483991817
0.0645561888533738,1.00577451078852,2078.21410705353,0.00216994779111956
0.0882467642383769,1.00577451078852,2065.30765382691,0.00669090429934232
0.0805136356289931,4.94223601165526,2089.31965982992,0.0153238790114407
0.0598982759967752,1.00577451078852,2081.9659829915,0.00639613414679026
0.0819703714752706,1.00577451078852,2068.00900450225,0.00630597550734286
0.0977116541846761,1.00288309926358,2061.85592796398,0.0128638327745982
0.0839777330519367,1.23743709481674,2069.65982991496,0.0135652703183931
0.0958519339209646,1.86237664548846,2069.35967983992,0.0204080548134471
0.0969944720798787,1.20578622343754,2064.10705352676,0.0182841626198517
0.0825352894286828,1.86774606222357,2075.66283141571,0.0144499528754069
0.0989506068974851,5.40359972355987,2079.11455727864,0.0266806353857476
0.0489614795306892,1.00288309926358,2093.52176088044,0.00359567628832616
0.0498784159924001,1.00288309926358,2092.32116058029,0.00340437243561947
0.0813721164005509,1.27725193454067,2071.31065532766,0.0128251137389923
0.077690138833858,2.10780755947618,2080.16508254127,0.0128264287359972
0.0790270842476151,1.00288309926358,2069.35967983992,0.00734705953082165
0.0580018787023293,1.00288309926358,2083.6168084042,0.0043252631652656
0.0622005787496691,1.00288309926358,2080.01500750375,0.00577464378058352
0.0918956449110706,2.30457394564778,2073.41170585293,0.0194189105670278
0.0758755116243982,1.00288309926358,2071.01050525263,0.00864235578399238
0.0882644999783528,6.74461616851603,2087.66883441721,0.019836273268887
0.0972485070306171,1.00288309926358,2062.0060030015,0.0162018196844357
0.0937539066535821,1.74807732789242,2069.50975487744,0.0190819612933487
0.0973470508260495,2.2008256876077,2070.41020510255,0.0222977719359011
0.0747699050961027,1.00288309926358,2071.6108054027,0.00244488679314654
0.083504146230186,1.00288309926358,2067.25862931466,0.00243000553160287
0.0825969268326918,1.00577451078852,2067.70885442721,0.00215364139511207
0.086312094397349,1.00288309926358,2066.05802901451,0.00963559248205452
0.0950550467445915,5.64206206761865,2081.66583291646,0.0238351013259531
0.0822396340490766,1.00577451078852,2067.85892946473,0.00117170204764026
0.091633356667712,1.00288309926358,2063.95697848924,0.0120439824762134
0.0883865303117164,2.77882351455518,2077.31365682841,0.0182294613467932
0.0852998446249993,1.61269369477906,2072.3611805903,0.0150845000976088
0.0658718152395209,1.23033252636976,2080.46523261631,0.00818475118213868
0.0792556702218239,1.45811221351425,2074.31215607804,0.0124631243032939
0.0972788662817339,1.00288309926358,2062.0060030015,0.00875027971260119
0.0994085010817328,9.28414544519475,2084.3671835918,0.0282804691824302
0.0670451884101744,1.00577451078852,2076.4132066033,0.00713555492197951
0.0819606106176542,1.00577451078852,2068.00900450225,0.0093277310234509
0.0958678213053384,2.0538945595859,2070.41020510255,0.0209371130227449
0.0499904348799109,1.00288309926358,2092.17108554277,0.00404448138494438
0.0511194531387751,1.00288309926358,2090.8204102051,0.00343757210113962
0.0639835424461437,1.00577451078852,2078.66433216608,0.00139110445060886
0.0949234959416799,1.27358007675926,2065.45772886443,0.0178107196232442
0.0868351248830415,1.52684850782001,2071.01050525263,0.0154244581902858
0.0825493768704253,1.00577451078852,2067.70885442721,0.00825821443230553
0.0842290512608149,1.00577451078852,2066.95847923962,0.00850903980988898
0.0798063150833096,1.6984685687346,2075.96298149075,0.0131400122380562
0.0910762394164204,3.00344307348301,2076.71335667834,0.0199936752968869
0.081466913474697,1.28462743961633,2071.46073036518,0.0127971412517279
0.09417338137248,1.13178371549186,2064.4072036018,0.0167362942135637
0.0885277738793149,1.00288309926358,2065.15757878939,0.00400861532708663
0.0628739284446126,2.25859550568368,2093.07153576788,0.00816727565250824
0.077303538201529,1.42902148939294,2075.06253126563,0.0118028706979901
0.0842788644829457,1.00577451078852,2066.95847923962,0.00235088898835502
0.083961112538714,2.39935784176774,2078.06403201601,0.0156491917126785
0.0609111786962673,1.00288309926358,2081.06553276638,0.00430800973212169
0.0802174131308365,3.02078648791353,2083.16658329165,0.0145989035283126
0.0631961357451859,1.00577451078852,2079.26463231616,0.00326886284673377
0.0933958542235366,1.00577451078852,2063.35667833917,0.0108416546560957
0.0914870479138073,6.72522667244931,2085.56778389195,0.0218916288388198
0.0706595429834054,1.00288309926358,2074.012006003,0.00550253112499719
0.0832249884973033,12.0301229939707,2098.17408704352,0.0174662742790422
0.0874964466873401,1.00577451078852,2065.60780390195,0.00843489585448152
0.0785601328829886,1.54453302690677,2075.36268134067,0.0124788367126519
0.0884111947642311,2.60078095318014,2076.56328164082,0.0180145184744142
0.0865201584006211,5.2653877364201,2085.86793396698,0.0185869460996856
0.0963629538664242,1.00288309926358,2062.30615307654,0.00216714762159128
0.0799268221057903,1.00288309926358,2068.90945472736,0.00605881166844147
0.087805045487537,1.26262771749805,2068.15907953977,0.0150454904803656
0.0910866885445336,12.2397329678754,2092.47123561781,0.0222679310467476
0.0584031274459791,1.00577451078852,2083.31665832916,0.00415998419515488
0.0976441443941604,1.07153781450759,2062.60630315158,0.0175925001447714
0.0788176408842802,1.00577451078852,2069.50975487744,0.00135830416543871
0.0713904454944559,4.88564863828298,2096.67333666833,0.0115183227311174
0.0871313223393868,1.00577451078852,2065.75787893947,0.00486006715320508
0.0909818499943324,1.47076025583445,2068.60930465233,0.0170768356963293
0.0711565743101154,1.00288309926358,2073.71185592796,0.00202110054742562
0.0928526203819415,5.20510035615579,2081.9659829915,0.0223029675912725
0.0922728097355364,1.30325307163827,2066.65832916458,0.0169624601680938
0.0519317518104429,1.017423759841,2090.07003501751,0.00500459760941171
0.0735469865553986,1.96708649096514,2081.9659829915,0.0112493021841355
0.0812188523947027,1.00288309926358,2068.30915457729,0.0114534638975172
0.063476691650647,1.00288309926358,2078.96448224112,0.0059581879749506
0.095583239341639,1.93897358646993,2069.80990495248,0.0206297456153844
0.0493694691481646,1.13831921276723,2095.77288644322,0.00463457963077918
0.0851461120822635,1.11240149892777,2067.85892946473,0.0134206925538017
0.0815355519403606,2.5933041997516,2080.46523261631,0.0147863684664878
0.0775788806765592,4.23064516672908,2089.46973486743,0.0138778638116715
0.0970254193982995,2.25210247070889,2070.86043021511,0.0221161213342827
0.0959208926412649,1.00288309926358,2062.45622811406,0.00425279787086555
0.0986661820745999,1.00288309926358,2061.55577788894,0.00204692104948288
0.0585397852414076,1.00577451078852,2083.16658329165,0.00507955497539445
0.0641864181161009,1.00577451078852,2078.51425712856,0.00174888524829816
0.099719290565969,5.2653877364201,2078.51425712856,0.0270809701575289
