0.0922038270525117,2.89311263070037,2062.75637818909,0.0459538935299734
0.0968399681679349,1.4249133228412,2052.85142571286,0.0308136148628057
0.0961450253418651,7.28980110054726,2071.6108054027,0.0681019880647076
0.082025242199992,2.17562678075294,2062.90645322661,0.0321019568751289
0.0812986596603599,2.07768351923393,2062.60630315158,0.0308314426315094
0.0963543183753613,1.17833239331668,2050.45022511256,0.0252853764010575
0.0864216375281899,1.8199732981517,2058.85442721361,0.0316854402433274
0.0940593922981796,3.95958264771409,2065.75787893947,0.0543813892460315
0.0710861639371996,2.87650223749675,2072.3611805903,0.0274811147468165
0.07819661175205,1.64552345116496,2060.35517758879,0.025285300797595
0.0768819221312425,1.68386231169735,2061.25562781391,0.024910916424875
0.095519984395452,9.17784428848941,2074.31215607804,0.0703294952581757
0.0788965109334102,3.95958264771409,2072.66133066533,0.0371089197608644
0.0779218013784125,5.32637338722108,2077.1635817909,0.0388611931978478
0.0901812927282219,1.7683242002651,2057.35367683842,0.0332271900874603
0.09633622826849,35.7180895734179,2088.26913456728,0.0817538454619597
0.0925474297446829,1.11882507338448,2050.60030015007,0.0229241600546799
0.0940609615806265,1.31834782642385,2052.4012006003,0.0276048995353871
0.0814856086615516,1.1988633739507,2054.50225112556,0.0210773682635257
0.0688671188629104,5.23515726431772,2083.01650825413,0.0297511818307733
0.0720293052826007,2.50524216415549,2069.65982991496,0.0269062032866486
0.0922003625351503,1.46231609576324,2054.20210105053,0.0295862232000244
0.0996521244964197,2.96051892720402,2060.50525262631,0.0542982946237793
0.0965708272769548,1.51808232505612,2053.60180090045,0.0325304471720178
0.083557289858809,3.08228092099346,2066.95847923962,0.0387612527722661
0.0881825234827159,1.17494491051044,2052.25112556278,0.0228510485451042
0.0820061632201877,10.3574730860055,2083.16658329165,0.0486539892946797
0.048827244471719,1.09335121002246,2068.30915457729,0.00970300581973555
0.0802226861489024,1.8199732981517,2061.10555277639,0.0279492434412425
0.0947845531697937,3.40904833026788,2063.80690345173,0.0521067745778059
0.0960521086206822,12.4529951356256,2077.46373186593,0.0737300193983254
0.0839074636178163,1.30701047960937,2054.95247623812,0.023678951364343
0.0684203927460807,1.87853138201008,2067.10855427714,0.0216562589069135
0.0758550147092803,1.86237664548846,2063.20660330165,0.0258422695494256
0.0945101405799898,2.99480874260266,2062.30615307654,0.0491638800677076
0.0888348530343685,1.93339940407185,2058.85442721361,0.0344410283690448
0.0628340234078275,2.95200799512719,2078.36418209105,0.0218703054240917
0.0914392871811904,1.17494491051044,2051.50075037519,0.0238294644701514
0.0981773540520477,2.69996316651677,2060.05502751376,0.0499348299155454
0.0740094202390315,15.4987821679022,2094.57228614307,0.0390718854739765
0.093596872553024,1.94456383978917,2057.50375187594,0.0376497699008372
0.0711221986779173,3.54925770971272,2075.66283141571,0.029073173119142
0.0921958144875315,3.61109912366059,2065.30765382691,0.0505812431455928
0.0749104748723566,1.15482354244809,2056.00300150075,0.0182836837203211
0.0801146550908148,7.52435222533039,2080.31515757879,0.0441048037382194
0.0913348504500685,2.23273514877728,2059.90495247624,0.0393775688838263
0.090183025389771,4.24284253669373,2068.00900450225,0.0510606965482324
0.0531929927031454,1.24817094410403,2068.45922961481,0.0118022033162232
0.0914250014260626,5.70741049859425,2071.01050525263,0.0568323103867717
0.0648879983580303,1.28093437865255,2062.0060030015,0.0161045427859981
0.0873498075081591,5.23515726431772,2071.91095547774,0.0499768758937086
0.0897860739768491,3.99392909131044,2067.55877938969,0.0492976239583145
0.0540911249661002,1.0684573459204,2064.10705352676,0.0110357659009496
0.0741425024511023,13.0025492407616,2092.02101050525,0.0388333624243763
0.0523979537087745,1.02035709353375,2063.95697848924,0.010238860403168
0.0836333698473662,5.60966897361054,2074.61230615308,0.0460127401917502
0.0975677099287476,3.39924796097488,2062.75637818909,0.0554164069672532
0.0684092343441121,1.89482624889294,2067.25862931466,0.0217240801170119
0.0508417937854228,3.6424227310724,2094.27213606803,0.015402758120331
0.0842782415861841,1.11882507338448,2052.55127563782,0.0206008492241134
0.0823027952442196,1.3804955427344,2056.30315157579,0.0240687681370496
0.0475119521137708,1.42902148939294,2076.56328164082,0.0106212340102181
0.0691173901876337,1.40051115285914,2061.55577788894,0.0188345956743034
0.0985657351941238,1.54453302690677,2053.30165082541,0.0339753425995226
0.0956467418299954,44.5822815844455,2091.12056028014,0.0800926073888331
0.0928298835852907,1.09020803204812,2050.15007503752,0.0223418111612531
0.0948463285849241,19.852922906113,2083.01650825413,0.0749907737402225
0.0984747219822871,1.61269369477906,2053.90195097549,0.0351785096071756
0.0699875122062328,3.6740180475533,2076.86343171586,0.0284904137913175
0.0999172355285225,1.27358007675926,2050.75037518759,0.0285743107104207
0.0624687744472907,1.3804955427344,2064.70735367684,0.0159520700798986
0.0841938640019952,33.7195655535441,2096.07303651826,0.0561156457355437
0.0984397059749755,54.8510311331187,2091.42071035518,0.0882964208920115
0.0757223913040838,6.98169689372975,2082.26613306653,0.0381696799218265
0.0891688352033714,2.60078095318014,2062.60630315158,0.0407942675233211
0.0634920625597898,3.56975293664868,2081.2156078039,0.0232613502993089
0.0726354381971447,2.10780755947618,2066.65832916458,0.0254392492562396
0.0574428467584587,2.23273514877728,2077.61380690345,0.0170641782337954
0.0887834438743766,6.0805937181354,2072.96148074037,0.0538677492169152
0.0949260362093549,36.9736199650277,2089.61980990495,0.0777026808657288
0.0961924545857425,1.43727338940046,2053.00150075038,0.030803560463817
0.0806265365284667,2.47655776434198,2065.30765382691,0.0330864407728142
0.0715026918965188,3.40904833026788,2074.7623811906,0.0291585235348088
0.0483155957684069,2.43414579263315,2088.56928464232,0.0129538315485267
0.0679998503288203,1.78880557933512,2066.35817908954,0.0210041265093971
0.0950656701798461,1.63137250428789,2054.95247623812,0.0337602229040918
0.0849625137167694,1.05318733137807,2051.50075037519,0.0195515381034992
0.0945846523310429,2.57841511385935,2060.65532766383,0.0453841155656877
0.0994334161708767,3.56975293664868,2062.60630315158,0.0590877000521758
0.0779439940508061,28.3702534600969,2099.07453726863,0.0459998974570106
0.0762706066871082,2.69220128298041,2068.60930465233,0.0306698840038283
0.0898993858830719,4.70617602490094,2069.35967983992,0.0522643341214422
0.0827662686298611,5.89104782059798,2075.66283141571,0.0454739932834065
0.0811366496170222,1.16484078042324,2054.05202601301,0.0204508635837363
0.0875782430831865,4.71974439753259,2070.56028014007,0.0489204916523931
0.0990884938268354,10.783461436218,2074.46223111556,0.0788901868090289
0.089585292081426,2.00713065465068,2059.15457728864,0.035752751388356
0.0629223449777648,8.49145760309168,2096.07303651826,0.0260327732545011
0.084302543420754,3.07341994620988,2066.65832916458,0.0392749262595405
0.0810966726950078,4.80198009042612,2074.012006003,0.0413988748978552
0.0936647980080997,57.7684111024247,2095.17258629315,0.076241434658262
0.089111251413746,12.2045460501459,2080.91545772886,0.0604838264799966
0.0990955185137948,1.32596064017055,2051.35067533767,0.0295573677531068
0.0821212844969757,10.4172824260824,2083.16658329165,0.0488249985348557
0.0617195097217169,1.54009278652809,2067.25862931466,0.0166184967292685
0.0860660366548633,3.58004488871148,2067.70885442721,0.043622774174143
0.0764776262795862,3.72728711692345,2073.11155577789,0.0342903979170042
0.0663363806654425,1.17494491051044,2059.6048024012,0.0156924675328441
0.090167690469279,19.0138370407198,2085.26763381691,0.0652721889881033
0.0984072900595246,1.31834782642385,2051.50075037519,0.0291348386954553
0.0792126176802307,3.88058521159597,2072.21110555278,0.0372343233792069
0.0860370107118637,9.25745528268664,2079.41470735368,0.0536333278897327
0.0725646735499899,1.79913505645155,2064.25712856428,0.0234659512171355
0.0953139809163852,2.77083492243083,2061.25562781391,0.0478347416707526
0.0755795513510444,1.3804955427344,2058.70435217609,0.0212711181211976
0.0764057488417831,4.39198314906283,2075.36268134067,0.0358266678417811
0.0985958481016874,17.4405585739443,2079.71485742871,0.0821694389798044
0.087304493501548,6.0805937181354,2073.71185592796,0.0517156762453469
0.0807003090338528,2.09570588324384,2062.90645322661,0.0305772555103643
0.0868689954346099,1.39247031798524,2055.10255127564,0.02614178127461
0.090863752405087,1.83048275359669,2057.50375187594,0.0344897716179597
0.0989576135906483,11.0984240743995,2074.7623811906,0.0793487565456268
0.0999542458087934,13.4984086137474,2076.4132066033,0.0830896857934567
0.0787561370642761,4.39198314906283,2074.012006003,0.0382484488377244
0.0836383635016904,5.28056837192541,2073.86193096548,0.0453775276783962
0.0785283298021102,1.1028352210931,2054.05202601301,0.0186420733571973
0.0799516482894049,3.1450272019994,2068.90945472736,0.0357142372211155
0.0756738503400905,2.15071639511557,2065.60780390195,0.0275250565904374
0.0736528136783879,1.02920793476607,2054.35217608804,0.0161801712968898
0.080323934661935,6.1687553886527,2077.61380690345,0.0429393509347558
0.0819064250931591,1.91677282105974,2061.25562781391,0.0298513345597004
0.0818515777702557,1.4920846013006,2057.65382691346,0.0253397662534372
0.0948707325613632,6.31248050684326,2070.56028014007,0.0639171056686041
0.0774218316793167,5.29579277470977,2077.31365682841,0.0384492525016453
0.0973538672577953,8.41843393067599,2072.66133066533,0.0721513121131279
0.0880237262576724,8.81528401319323,2077.76388194097,0.0561983172912583
0.0794740525389197,2.13836836392825,2063.80690345173,0.0299853929851925
0.0803738769929202,1.3686237465133,2056.90345172586,0.0230649066047545
0.0643180094875798,6.24020417473294,2089.76988494247,0.0262307159965477
0.0725276975156146,1.8463608342542,2064.70735367684,0.0237233946673762
0.0782289347760509,1.43314150019665,2058.25412706353,0.0230410266839034
0.0792062437652982,1.39247031798524,2057.50375187594,0.022951379439987
0.0705965422697788,5.22010717715947,2081.81590795398,0.0311229814703915
0.0486608013326668,1.18855355314224,2070.71035517759,0.0101051280026183
0.0795449917776641,1.68386231169735,2060.20510255128,0.026338577253998
0.0690015857444123,1.24817094410403,2059.6048024012,0.017322343136709
0.0989141261457246,2.5933041997516,2059.30465232616,0.0497186621344529
0.0984551681254556,2.39935784176774,2058.55427713857,0.0469953270707162
0.0658604752479621,4.82970917626452,2084.21710855428,0.0266246543270354
0.088400000972385,5.79016143825715,2072.51125562781,0.0529367948009871
0.0716982137872784,9.72180569368846,2089.91995997999,0.0351651896755309
0.0849181047656666,9.33775684323017,2080.16508254127,0.0520198644337478
0.0602487279882368,1.03813555048354,2059.90495247624,0.0125335635442837
0.0768290829131745,8.370100693918,2083.91695847924,0.0405502696979476
0.0766583258480753,1.21274904899342,2056.15307653827,0.0196773210797654
0.0958111362897623,2.43414579263315,2059.45472736368,0.045323859753225
0.0776751754480705,10.690727303607,2086.61830915458,0.0426197205219008
0.0833085795610586,1.94456383978917,2060.95547773887,0.0309285213437097
0.0955804973840322,5.04284557241036,2067.85892946473,0.0610446518723031
0.0880074907299387,1.12528574084121,2051.65082541271,0.0217922012741493
0.0997302944445983,5.64206206761865,2067.40870435218,0.0700616777083713
0.0932122805715641,1.82522046182733,2056.90345172586,0.0357246216429673
0.0919512989670726,2.21353437928443,2059.6048024012,0.0396825381565104
0.0771262735908449,2.04799000112185,2064.10705352676,0.0278803648215606
0.0821882296500224,1.88937898174206,2060.95547773887,0.0297588667615433
0.0945458525696081,1.52684850782001,2054.20210105053,0.0317598022590734
0.071545475237172,1.74305193613896,2064.25712856428,0.0224889700151671
0.0909104409015526,2.13222095925085,2059.45472736368,0.0380411564018638
0.094569490914496,1.36076598863131,2052.70135067534,0.0287016127747227
0.0419010157870596,1.45811221351425,2083.31665832916,0.00886267090553462
0.0708980210590185,3.34103457688672,2074.7623811906,0.0286247452707973
0.0989472036081958,5.11596107896008,2066.65832916458,0.0667852371023761
0.0790148248494935,2.38558227120577,2065.45772886443,0.0313924128214393
0.0996540500167183,2.92662172166501,2060.50525262631,0.0536197537858079
0.0858892004209459,8.27426512232383,2078.06403201601,0.0528965565607136
0.0846679047127826,2.33126636583218,2062.90645322661,0.0350315494354736
0.0790229501141738,1.1715671660767,2054.8024012006,0.0198819955764316
0.0906302416413311,1.74807732789242,2057.05352676338,0.0331633224689338
0.0795245560468862,3.48847535295163,2070.56028014007,0.0364659692812498
0.0915727890938693,30.5753433592029,2089.61980990495,0.0702840931748419
0.0551154621882894,5.23515726431772,2096.3731865933,0.0188132224044675
0.099780431456097,1.85168407581574,2055.25262631316,0.0401344371986428
0.0905002980010654,4.37935702804035,2068.30915457729,0.0517456113443643
0.0934620602498312,1.28093437865255,2052.25112556278,0.0266105676125269
0.0925744449174505,3.60071789654471,2065.15757878939,0.0508818709083572
0.0942424594020793,13.9728926204603,2079.5647823912,0.0713646254312656
0.0774839988424572,4.21848286189654,2074.16208104052,0.0365901958974079
0.0851698459430317,9.91971340151178,2080.76538269135,0.0527357023287461
0.0981216219190503,1.47076025583445,2052.85142571286,0.0323022879787134
0.0975460496571806,3.19062650772569,2062.0060030015,0.0539475339464187
0.0854022864770718,2.08968112513086,2061.10555277639,0.0336854545763821
0.0958757010741589,1.54453302690677,2054.05202601301,0.0326493782627805
0.0743540511966559,4.71974439753259,2077.76388194097,0.0341096245485684
0.0870564062805659,2.78683513858361,2064.25712856428,0.0402546777673648
0.055340270719854,1.36468921205103,2068.90945472736,0.0131560033238346
0.088934385104654,8.76467231833321,2077.1635817909,0.0577853870661616
0.0707601174764604,6.38559396992509,2084.66733366683,0.0322832421851864
0.0830035796590257,1.19198027101602,2053.90195097549,0.0215172512510344
0.0977321500466401,3.6424227310724,2063.50675337669,0.0571443374941292
0.04591179721311,1.5896456468007,2080.91545772886,0.0105171147741842
0.0762369542992148,13.6547521301788,2090.97048524262,0.0416377578487184
0.0815213941600425,8.20310923201435,2080.61530765383,0.0463118916538248
0.0904269426340241,4.92802801770652,2069.65982991496,0.0536665193010685
0.0373295241745314,1.91126246166401,2098.47423711856,0.00804771179145621
0.0930470113170183,16.8968968064112,2082.26613306653,0.0703347334801264
0.0820334883115996,1.11882507338448,2053.15157578789,0.0199846705978725
0.0809302085558693,1.65026765861521,2059.45472736368,0.0267278401576566
0.0945468742486112,3.01210229799636,2062.45622811406,0.0490458604021358
0.0637773919136047,2.0598161414781,2071.46073036518,0.0199164629155271
0.0895615062151438,1.26262771749805,2053.00150075038,0.0249539653579453
0.0943421199707406,1.78880557933512,2056.30315157579,0.0358520733231512
0.086417693195901,5.01389279437678,2071.76088044022,0.0484651084998598
0.0633866117696641,6.2943333190863,2090.67033516758,0.0256306722763308
0.0940151447656395,1.76324060258228,2056.15307653827,0.0353854478980032
0.0700238379886749,3.82512526006857,2077.46373186593,0.0287999863655001
0.0940353093591337,1.34131840233837,2052.70135067534,0.028096337401939
0.0829855029014439,1.41673238639154,2056.45322661331,0.024902848025565
0.0894553845024747,2.83539228475476,2063.50675337669,0.0429034476638124
0.0922340513163716,7.20633469066447,2073.26163081541,0.0612222533648741
0.0909685891458173,1.93339940407185,2058.25412706353,0.0357851550732239
0.0894237676660268,4.27964604980107,2068.45922961481,0.0501991960536304
0.0697851913976246,1.5850757161707,2063.50675337669,0.0205082166189028
0.0745002766575227,6.25819530279368,2081.51575787894,0.0363563672665389
0.0906578971164546,2.07768351923393,2059.30465232616,0.0371877751984653
0.0563830497290415,2.35148837301477,2079.41470735368,0.0168284262924956
0.069177748788632,1.17494491051044,2058.40420210105,0.0166490312102863
0.0955823678438463,5.70741049859425,2069.2096048024,0.0632235370307992
0.0873388370285907,1.45392041663176,2055.55277638819,0.0273270030841336
0.0976799468114842,3.41887695499837,2062.75637818909,0.0557543341151248
0.0997165193117454,31.6501005279053,2085.11755877939,0.0892786522063254
0.0843966555957003,4.12243473196511,2070.26013006503,0.0437009097131781
0.0897611535156346,4.27964604980107,2068.30915457729,0.0506001764584667
0.0938000464738499,1.19541686845759,2051.20060030015,0.0249045310897284
0.0908079116356269,1.74305193613896,2056.90345172586,0.033260419537991
0.0634025674347498,1.74807732789242,2068.60930465233,0.0184541052323024
0.0969447474650799,2.78683513858361,2060.65532766383,0.0498993109304426
0.0658049548720126,1.13831921276723,2059.30465232616,0.0151601354455881
0.0748148150816181,2.16313573014221,2066.05802901451,0.0270580604726026
0.0605850441005597,1.13504676028852,2061.70585292646,0.0134697192295017
0.0725322960197611,2.2456281019818,2067.70885442721,0.026094988457224
0.0508791134668059,2.37188579111585,2084.96748374187,0.0141046237730926
0.0877339778550279,1.07462716439149,2051.05052526263,0.0207204395509153
0.087748140064025,4.77441020717598,2070.56028014007,0.0494895861025525
0.0917246982868092,1.75817161928149,2056.75337668834,0.0339880375652385
0.0603433515162704,6.09812467340626,2093.2216108054,0.0230196430269243
0.0988271447305292,28.4520477169552,2084.51725862931,0.0865648961968204
0.0944702077898658,3.1450272019994,2062.90645322661,0.0501333667506865
0.0855727678647702,2.48369792620856,2063.35667833917,0.0369002183389971
0.0880198349205257,2.44820179377353,2062.15607803902,0.038833753710126
0.0482372570534163,3.66345594042931,2097.87393696848,0.0140032281917836
0.0806563073740605,2.49085867387056,2065.45772886443,0.0330502754021755
0.0959210446672405,4.13432012050498,2065.45772886443,0.0580100811134248
0.0965402715793297,2.66137624774655,2060.35517758879,0.0480561872050788
0.0786173035602694,2.46233896144414,2066.20810405203,0.0313053029628908
0.0735355678823995,1.07772542117776,2055.25262631316,0.0168091023446871
0.0680615907946644,1.47500060364494,2063.05652826413,0.0189314643183274
0.0597078860056957,1.3686237465133,2066.05802901451,0.0148295787625079
0.0901835938923125,2.5933041997516,2062.15607803902,0.0416884028804219
0.0919175704025034,1.10601480450688,2050.60030015007,0.022420920571092
0.0918188369020794,1.16149208345279,2051.20060030015,0.02363623498841
0.0913919930396149,10.0635379267258,2077.46373186593,0.0631856251611291
0.0960774724907222,1.83048275359669,2056.00300150075,0.0376979901448984
0.094209523796494,1.14489244934213,2050.45022511256,0.0238972994352025
0.0786167243909843,10.5076446271293,2085.71785892946,0.0437816094461597
0.0724963518716099,1.07153781450759,2055.40270135068,0.0164401491751629
0.0915798939859002,24.4961185033437,2087.21860930465,0.0691909883905939
0.0747489477336398,1.1028352210931,2055.25262631316,0.0175160456249107
0.0981788701578388,3.98244730043134,2064.25712856428,0.0600985077354998
0.0615934344937035,1.34518555643637,2064.70735367684,0.0153516538048473
0.0612422364956439,1.11882507338448,2061.10555277639,0.0135483485179355
0.0973967708298262,2.14453349218355,2057.65382691346,0.0428516185872872
0.0861735598923856,1.83576021707557,2059.15457728864,0.0315898789453521
0.0771955499645381,7.83381828565906,2082.86643321661,0.0403966389578275
0.0961610753457211,1.73304445225245,2055.40270135068,0.0360600971073529
0.0872713478133289,1.04413027541975,2050.75037518759,0.0199458143023794
0.0989595340479771,2.012917411563,2056.45322661331,0.0421601427443142
0.0576423912233131,2.2008256876077,2077.1635817909,0.0170796371138963
0.0846984188829876,2.27818714703702,2062.45622811406,0.0349129940571965
0.0872883130664624,5.43480286846039,2072.3611805903,0.0504538845335861
0.0506986708386684,2.82724106811333,2089.01950975488,0.0145916647688888
0.057217361085668,1.01158236655188,2060.95547773887,0.0114686622854979
0.0865321603637159,3.68461060628057,2068.00900450225,0.0442400451304155
0.0675348532548457,12.8536732852339,2097.87393696848,0.0313610765079268
0.0454070355730819,2.11997911696849,2088.86943471736,0.0112845624891596
0.0843916581138489,5.20510035615579,2073.26163081541,0.0462488258032043
0.0917292174856255,2.29794873135268,2060.20510255128,0.0402841774174695
0.0824556905703012,7.37423424898408,2078.66433216608,0.0469678250736438
0.0977352533202482,3.72728711692345,2063.65682841421,0.0579449530099288
0.0628317250374495,5.65832869261085,2089.46973486743,0.0247754169672913
0.0995694383016777,3.29328569222577,2061.70585292646,0.0571106408784144
0.0993123075861934,1.31077872056062,2051.20060030015,0.0292622234995357
0.0755977481246237,1.4249133228412,2059.15457728864,0.0217751760521376
0.082809124047914,25.65088039011,2093.82191095548,0.0532418674129812
0.0774243756161208,3.51873529007318,2071.76088044022,0.0346578133044207
0.0951692490824934,9.44591016576076,2074.91245622811,0.0692123052785478
0.0869366514781608,1.06232295058138,2051.05052526263,0.0202635624600717
0.073456972760151,4.20635552139048,2076.56328164082,0.0326289027586531
0.0780967630804931,1.39648494813358,2057.95397698849,0.0224874252770445
0.0995932952699732,1.31077872056062,2051.05052526263,0.0293387072522249
0.0966188263929971,1.5896456468007,2054.20210105053,0.033871664863294
0.0581560394730541,5.32637338722108,2093.2216108054,0.0209362097777648
0.0967483116974543,5.23515726431772,2067.85892946473,0.0633097603940402
0.0622172649828441,4.14623977579979,2084.81740870435,0.0230758216361438
0.0911087283387829,67.2910010723591,2098.62431215608,0.0711947870925665
0.0972032496532563,3.43861929685961,2063.05652826413,0.0551476551871798
0.0860038656835103,1.06232295058138,2051.35067533767,0.0200180241172883
0.0653792587417765,3.79223047250718,2080.61530765383,0.0251182182592692
0.0438949970229464,1.7230944249062,2085.41770885443,0.0100757358673263
0.0806367184554721,2.10174801133249,2063.05652826413,0.0305337796604111
0.0958692507824092,5.57746185992785,2068.75937968984,0.0636659937615351
0.0588531801793196,1.34131840233837,2066.20810405203,0.0143240523515389
0.0923523320562211,3.22758151346831,2063.95697848924,0.0484476702341822
0.0802401351486422,3.94819959636536,2071.91095547774,0.0384302535463487
0.0634633328299709,3.29328569222577,2079.86493246623,0.0228034707396586
0.0871491487681545,1.79913505645155,2058.55427713857,0.0317660409717047
0.0967250980856219,2.09570588324384,2057.50375187594,0.0417590304029883
0.0925602436780161,1.29950646550457,2052.55127563782,0.026680866170356
0.066160049888111,3.21830282695794,2077.46373186593,0.0245827134226145
0.0822668784362413,1.6984685687346,2059.30465232616,0.0279816481998064
0.064668934936167,1.67902152597229,2067.10855427714,0.0187319244896952
0.096057653695829,1.48779514022745,2053.45172586293,0.0317474760436412
0.0871206695003974,12.7798757548119,2082.56628314157,0.057637398517474
0.0918509100174455,30.9294781934387,2089.61980990495,0.070575369394152
0.0909984516789575,32.7626366009394,2090.8204102051,0.0689793183243075
0.0476762872872442,1.75817161928149,2081.51575787894,0.0115648455952136
0.0824601178636259,3.54925770971272,2069.35967983992,0.0395137662758958
0.095571128485501,3.66345594042931,2064.25712856428,0.054819968773552
0.077963131423047,5.07196553857306,2076.4132066033,0.0386797572487821
0.0848016618139102,1.76324060258228,2059.00450225113,0.0300371839780049
0.0938965019542345,1.54453302690677,2054.50225112556,0.0317516287435166
0.086943334507296,5.92506573979369,2073.56178089045,0.0509979548606107
0.0771533148463948,1.31834782642385,2057.35367683842,0.0211940678320929
0.0792637236345102,28.7815897627645,2098.17408704352,0.0477579211358602
0.0766328922661836,3.86942926293753,2073.56178089045,0.0347650764770098
0.0845179794225538,3.35066711121492,2067.55877938969,0.041032123102939
0.0570726818597794,1.63607591315362,2071.6108054027,0.0150336887862874
0.0712509582074005,1.58051892322707,2062.75637818909,0.0211756705865905
0.0779698361510047,1.43314150019665,2058.40420210105,0.0228683258295981
0.0982409364487337,17.8469041306121,2080.01500750375,0.082361179427168
0.0641781789647959,1.91126246166401,2069.80990495248,0.0195707235235765
0.0989449425332303,4.65229147967714,2065.75787893947,0.064265577562187
0.0586790490486739,6.04568285725226,2094.87243621811,0.0217111184252203
0.0849100295458475,2.82724106811333,2065.30765382691,0.0385715957887279
0.0942508159751862,2.75492656923522,2061.40570285143,0.0469372139650302
0.0946302988978816,1.36076598863131,2052.70135067534,0.0287031700624916
0.0875851568589832,4.43008034640065,2069.65982991496,0.0484867495297246
0.0992069009496814,6.02830266228601,2068.30915457729,0.0703797081523931
0.0844488176451989,35.9243440670047,2096.67333666833,0.0564806975240521
0.0419055619960395,2.012917411563,2092.32116058029,0.00979125709062214
0.0730742257694113,2.04799000112185,2066.05802901451,0.0253207459196423
0.0960710191750593,10.0925521055113,2075.21260630315,0.0716548044184282
0.0615674230543436,2.51246502599404,2076.56328164082,0.0200299091385858
0.080355035162545,2.31788173275986,2064.55727863932,0.0317801879492858
0.0859599560327443,9.94831291991456,2080.31515757879,0.0540492548447493
0.0818637246569394,1.08707389011608,2052.85142571286,0.0193726069199344
0.0988738817670418,52.9884291843805,2090.8204102051,0.0891542525345542
0.0732012969401101,3.66345594042931,2074.7623811906,0.031211256061605
0.0437924496427793,2.94352153037066,2099.37468734367,0.0114048942442223
0.0976334412407486,8.1325652583707,2072.21110555278,0.0720161317948379
0.0975075000119611,9.04667778353943,2073.26163081541,0.0739157517805778
0.0986712975473347,1.51808232505612,2053.15157578789,0.0335120122304097
0.0898873179300644,1.70336542221432,2056.90345172586,0.0321831538346423
0.0992957772245775,3.59036651349369,2062.75637818909,0.0589162128623013
0.0692970832965638,1.669381663546,2064.55727863932,0.020898642434659
0.0995843598866098,4.30435891208667,2064.70735367684,0.0633760491692401
0.0965794390224556,2.86823283751515,2061.10555277639,0.0502708200136179
0.0901032609905392,1.3804955427344,2054.05202601301,0.027238720558605
0.098070749664398,2.15691712397049,2057.50375187594,0.0435999295588563
0.0642840688395907,1.45392041663176,2064.70735367684,0.017177835069661
0.0885011953529438,4.26734287669584,2068.90945472736,0.0486640813695525
0.0811040821281494,1.15815301335288,2054.05202601301,0.0203481826624142
0.0766814772604229,1.21274904899342,2056.15307653827,0.0196844753853915
0.0889816540876894,3.46844676966084,2066.20810405203,0.0459522274622736
0.0933664841378155,1.50070065992818,2054.35217608804,0.0307884380099693
0.0622983904820642,1.35295334494457,2064.4072036018,0.0157082938146269
0.0724915504560198,2.22631645743836,2067.70885442721,0.0257979748935635
0.0816561159848612,15.2772790540943,2088.26913456728,0.0498760816296326
0.0958431722678134,4.58580257506987,2066.65832916458,0.0598851753106063
0.0922769039119396,2.49804006667886,2060.95547773887,0.0428103883460358
0.080429558293927,5.46618619625777,2075.96298149075,0.0421128622894412
0.0806369131983835,7.81129753947542,2080.46523261631,0.0450472160020719
0.0846605623959251,1.14489244934213,2052.85142571286,0.0212254013252378
0.0614646672605963,1.5896456468007,2068.00900450225,0.016775183263245
0.0729220203371088,1.07153781450759,2055.25262631316,0.0165550957335255
0.0816632148953419,1.12853005133194,2053.45172586293,0.0199876749275384
0.05190961675286,1.70336542221432,2076.56328164082,0.0131375645749492
0.0913298073727186,1.54898606893921,2055.25262631316,0.0306592434504727
0.0917673308963537,5.20510035615579,2069.80990495248,0.055964184686233
0.0772477249717642,1.2517695448338,2056.45322661331,0.0203795381052145
0.0720674056066698,1.41673238639154,2060.50525262631,0.0201650311009535
0.0626539253741844,2.78683513858361,2077.61380690345,0.0213019831215069
0.0933272234215737,2.80292774815717,2062.0060030015,0.0463027689436678
0.0689394608604702,6.06311316104581,2085.26763381691,0.0303896862360987
0.0901111130165518,1.47500060364494,2054.95247623812,0.0288299160954872
0.0584673017022119,1.32214875407135,2066.20810405203,0.0140446336578945
0.0978361766091968,1.25537852068667,2050.90045022511,0.0275101973755744
0.0975712261503538,3.6952337044061,2063.65682841421,0.0574751747446497
0.0728428533964673,2.98619923379083,2071.91095547774,0.029157126305364
0.0844428090552683,4.39198314906283,2071.16058029014,0.0442352808718901
0.0862039862992477,2.80292774815717,2064.70735367684,0.0395267438329592
0.0872517484205882,3.28381811862624,2066.20810405203,0.0432935434449405
0.072837978956161,1.62668261683323,2062.45622811406,0.0223457518476827
0.0760367919936953,1.1817296425721,2056.00300150075,0.0190267458412809
0.0967862557269604,66.9046593948815,2094.57228614307,0.0842068778595095
0.0908538692505068,8.27426512232383,2075.51275637819,0.0604091012488886
0.0755599630562007,1.06538573309788,2054.35217608804,0.0172195821322069
0.0959279383338733,2.2456281019818,2058.55427713857,0.0431256054582093
0.0928711097198834,18.4742425689144,2083.31665832916,0.0706605192789058
0.054840513650982,3.72728711692345,2090.07003501751,0.0177531807335622
0.0925568923420601,2.17562678075294,2059.15457728864,0.0397399361908823
0.0976772335422338,2.37188579111585,2058.70435217609,0.0459677785410406
0.0456776682005554,1.59882507273807,2081.36568284142,0.0104513142150941
0.0914249783319694,8.44270511134198,2075.36268134067,0.0620015546095479
0.0990267228675448,3.28381811862624,2061.85592796398,0.0563238406714442
0.0363548400371681,1.12853005133194,2082.56628314157,0.00651210682850169
0.0824068789712858,3.03823005207779,2067.25862931466,0.03754045021945
0.0835220061144578,1.53125056362849,2057.50375187594,0.0265585215482515
0.0838896831091919,3.77045792255574,2069.35967983992,0.042001089531762
0.090635916487576,3.90299369276608,2066.95847923962,0.0498349685541088
0.090505059751383,3.61109912366059,2066.05802901451,0.0484072537349112
0.0911596297642807,12.3104114379469,2079.86493246623,0.0642369727451401
0.0540088765641538,1.53566531100084,2072.51125562781,0.013399483563503
0.0936252342093157,3.99392909131044,2066.05802901451,0.0538716185772426
0.0870626004532014,3.51873529007318,2067.10855427714,0.0443040905004265
0.0767173589468698,2.47655776434198,2067.10855427714,0.0301068803436459
0.0872561969720818,1.24458268867087,2053.30165082541,0.0238486827744145
0.0794336632448868,15.4542261000141,2090.07003501751,0.0465303015238445
0.0580861944946926,1.19198027101602,2064.10705352676,0.0131149050728446
0.0925351073457026,1.42081696649143,2053.75187593797,0.0290050815135702
0.0782375076743875,2.76286929599819,2068.00900450225,0.0325418511691176
0.0898327659005212,11.5882005855279,2079.86493246623,0.0616593889519047
0.0870194702225563,6.34893199363231,2074.31215607804,0.0519496068094598
0.0899074859780105,3.81412874828321,2066.95847923962,0.0487019695903425
0.085865436009576,3.42873391662958,2067.25862931466,0.0427629589232382
0.0587218539976934,1.30701047960937,2065.75787893947,0.0140678408483125
0.0505349338916733,1.09020803204812,2066.95847923962,0.0101533993401145
0.0874744615952087,1.035151107089,2050.60030015007,0.0198339703332909
0.0982506546743549,6.20437693319619,2069.05952976488,0.0689654410770386
0.0486064318400207,1.11240149892777,2068.90945472736,0.00973311640221079
0.0897611600193176,49.879774465365,2096.3731865933,0.0674044379738136
0.0833428244303235,1.23743709481674,2054.35217608804,0.0223841706104421
0.0700913587766053,2.33798763817471,2069.65982991496,0.0249164503420654
0.0776736557177575,1.84105289600553,2062.30615307654,0.0266873119705885
0.0974880245541558,10.3574730860055,2074.7623811906,0.0751738118549224
0.0852142013353775,3.06458444505318,2066.20810405203,0.0401526486258913
0.0948852855689931,2.28475538672293,2059.00450225113,0.0428294413767564
0.0810658418610735,1.11882507338448,2053.45172586293,0.019682753393909
0.0819266531539884,2.74700667630971,2066.20810405203,0.0355383613780466
0.0688111141581968,7.10334430368878,2087.81890945473,0.0308045088587939
0.0773640918979374,2.60827926283097,2067.55877938969,0.0312117041661312
0.0897907414970392,3.54925770971272,2066.05802901451,0.0474777622956848
0.0834388527966587,20.1988354669711,2090.52026013007,0.0532224602983125
0.0873634108127745,11.1625120439526,2080.76538269135,0.0574619877746517
0.0909240790830728,7.83381828565906,2074.7623811906,0.0603672061768408
0.0909941950473558,1.47076025583445,2054.65232616308,0.0291628621299833
0.0350440318136691,1.37256962462899,2091.5707853927,0.0066812612597663
0.0727884611612108,2.97761447568876,2071.91095547774,0.0290893282156379
0.0950305592578875,1.76324060258228,2055.85292646323,0.0360196142325837
0.0797800880763088,3.16318819550752,2069.05952976488,0.0356449657826939
0.0953202123400016,6.61005466738882,2070.86043021511,0.0654339977781988
0.0988012039582255,1.40051115285914,2052.10105052526,0.0310506733753942
0.0794986058884624,3.09116744284691,2068.90945472736,0.0350362632566745
0.0712809599998558,1.37652687910296,2060.35517758879,0.0194568939963832
0.0992082879881871,4.26734287669584,2064.70735367684,0.0628431392399389
0.0765119675369732,2.16313573014221,2065.30765382691,0.028125742823426
0.0963648351098096,45.2286737958236,2090.8204102051,0.0818179002798041
0.0920700831250647,5.97646129188652,2071.16058029014,0.0587869575239408
0.0692227275065274,1.57144459943409,2063.50675337669,0.0202329037757036
0.0900671773041138,1.24458268867087,2052.70135067534,0.0247633933109648
0.0986721681206083,1.28833114804146,2051.05052526263,0.0285367709074684
0.0853305643920542,9.74983462452457,2080.46523261631,0.0528415865582709
0.0851524719161197,5.85722521042959,2074.31215607804,0.0485363727106788
0.0883427828626977,3.23688695135292,2065.60780390195,0.044141898447126
0.0642655163171698,1.19198027101602,2060.80540270135,0.0151833785531885
0.0878322322051241,18.0017127911777,2086.16808404202,0.060355899715572
0.0350906075758941,1.46653209822205,2093.82191095548,0.0068403403302254
0.0908692751651681,2.74700667630971,2062.60630315158,0.043601319961771
0.0941238314122429,3.50861959151272,2064.25712856428,0.0522731683897834
0.0909738804264894,1.27358007675926,2052.70135067534,0.0256639736823905
0.090904576326787,4.69264665877481,2068.90945472736,0.0534725072097355
0.0612199922899338,3.15409462760941,2080.91545772886,0.0210748026069386
0.0887529453728943,35.513019260565,2093.2216108054,0.064931068685723
0.0665824007758998,8.54049161663095,2092.62131065533,0.0292566764155126
0.0889987532581046,2.75492656923522,2063.35667833917,0.0417933454030267
0.0942377997991985,3.52888015319671,2064.4072036018,0.0521515372469556
0.0546079797176543,1.06538573309788,2063.65682841421,0.0111555408503244
0.088616095834215,7.6115020308696,2075.66283141571,0.0560682125488586
0.0988784863145197,8.08587329578959,2071.6108054027,0.0743728078262689
0.0930442086592036,34.1101179217553,2089.91995997999,0.0734394799514243
0.0748651085062526,3.02949571521225,2071.01050525263,0.0309090604205737
0.0930416698352951,5.13071090257931,2069.05952976488,0.0577284367385501
0.0955753802956817,4.09876636139165,2065.60780390195,0.0568335318739129
0.0983793952785718,2.32456441587663,2058.25412706353,0.0460678237817062
0.0714977123775341,1.36076598863131,2060.05502751376,0.0194025894015057
0.0956912777990194,7.58962040187813,2072.21110555278,0.0680160559341706
0.0978268573838973,1.86774606222357,2055.85292646323,0.0392076323373937
0.0832232073162582,1.4920846013006,2057.2036018009,0.0260054231003729
0.0913965126843192,3.80316384938978,2066.35817908954,0.0502765347115541
0.098355589639878,33.7195655535441,2086.61830915458,0.0854002414927017
0.0988234092965665,12.4888983567305,2076.11305652826,0.0799117939217059
0.0830211953783505,15.1023580078497,2087.21860930465,0.0517533116732158
0.0764940917728957,2.60078095318014,2068.00900450225,0.0304149555683154
0.0628663060111685,1.37652687910296,2064.4072036018,0.016075352816498
0.0914797546519927,47.0888657531278,2094.42221110555,0.0713512988701293
0.0676174823499,5.48194575365476,2084.81740870435,0.0286746557240303
0.0938454523279475,1.51371812544339,2054.35217608804,0.0312184285155107
0.0815130481749267,7.65545473146367,2079.71485742871,0.0459539170856473
0.093322882645019,8.54049161663095,2074.61230615308,0.0651817611214733
0.0921864111310814,1.37256962462899,2053.45172586293,0.0279513738138956
0.0766006823274537,1.3804955427344,2058.25412706353,0.0217531396871774
0.0979530083511102,2.67674439360146,2059.90495247624,0.0497682592957811
0.0889722582412712,1.16484078042324,2051.95097548774,0.0228992797876597
0.081158040812123,2.60827926283097,2065.75787893947,0.0342754936082146
0.0710711774937383,9.80613514975012,2090.67033516758,0.0342848756024634
0.0951408050575656,2.63848930932274,2060.65532766383,0.0466526890718134
0.091759453352036,1.36076598863131,2053.45172586293,0.027584944033002
0.0558957733347884,1.54009278652809,2071.16058029014,0.0141612579060257
0.0865552659403336,1.09966477838038,2051.65082541271,0.0208939447353338
0.0997796712188233,4.760684680679,2065.60780390195,0.0664653749944586
0.0991460093635284,3.25557838997471,2061.70585292646,0.0563361084369719
0.0726911820560476,3.59036651349369,2074.7623811906,0.0306354918438943
0.0987445960053953,43.1925507507629,2088.86943471736,0.0877579728588418
0.0761103212649769,8.81528401319323,2085.11755877939,0.0399533484455581
0.0983436588024744,2.42714808378022,2058.70435217609,0.0472354647792644
0.0904126880566167,7.56780167843215,2074.7623811906,0.0585555091497136
0.0875968688005191,13.4984086137474,2082.86643321661,0.0589910035331719
0.0958819891923473,1.73304445225245,2055.40270135068,0.0360289973372897
0.0768135101017254,9.97699489356779,2086.31815907954,0.0412674085762904
0.0943704610336657,1.96143148928283,2057.35367683842,0.0384395325901683
0.0994008487457358,6.44098426295101,2068.90945472736,0.0720688977028821
0.0637340706652963,3.73803325566538,2081.81590795398,0.0236493429998575
0.0783848634147629,2.54156531687388,2066.65832916458,0.0317396786569185
0.0943015249020101,3.03823005207779,2062.60630315158,0.0491320034103986
0.0990766127855994,2.80292774815717,2060.20510255128,0.0518090079073921
0.087549105243162,1.65502554408647,2057.2036018009,0.0302932137089843
0.0896969104740672,1.3804955427344,2054.20210105053,0.0270904289221506
0.0859672647286972,7.37423424898408,2076.71335667834,0.0517303349235063
0.0978701063301478,1.441417191251,2052.70135067534,0.0315341275603539
0.0970932594875796,1.71320152422168,2054.95247623812,0.0363431773572996
0.0906372847586486,1.05926897298544,2050.15007503752,0.0211136583310838
0.0740587386983742,1.00867425853989,2053.90195097549,0.0159626090114418
0.0880954110018886,2.31121826109334,2061.40570285143,0.0377668846085594
0.0564789169403999,3.39924796097488,2086.61830915458,0.0183994185934432
0.0886182810817795,5.87411217212038,2072.66133066533,0.0531224049405029
0.0604299978856556,1.30325307163827,2064.70735367684,0.0146490510332494
0.0818327542775641,12.4171951294921,2085.56778389195,0.0492356899427474
0.0802983039319348,1.54453302690677,2058.70435217609,0.0252375577979012
0.0737834155281302,1.42902148939294,2059.90495247624,0.0210643108006332
0.0993635597173597,3.77045792255574,2063.35667833917,0.0600283672362706
0.0799509186311059,1.6741946565908,2060.05502751376,0.026393639318397
0.0991346753410188,2.35148837301477,2058.10405202601,0.0470090232487992
0.0404082766277506,1.3804955427344,2083.6168084042,0.00823329314805652
0.0883821272159192,1.03217524340486,2050.30015007504,0.019981732592196
0.09860791193771,2.92662172166501,2060.80540270135,0.0525409098727333
0.0897332002902944,4.52026390637434,2069.05952976488,0.0510629299237048
0.0956077381655915,2.10174801133249,2057.80390195098,0.0411231138525178
0.0847797836274136,2.7391095515787,2064.85742871436,0.0380867509345326
0.0507698751071001,2.07171057200942,2082.11605802901,0.0135105942192876
0.093328168855657,2.42714808378022,2060.20510255128,0.0430951119338554
0.076675926470605,2.81911328467833,2069.05952976488,0.0315358177246327
0.0952224399110825,4.17018228211692,2065.90795397699,0.0568583350236716
0.0559089734889143,4.67915618701786,2093.2216108054,0.0191348866180903
0.0978794701616667,1.89482624889294,2056.00300150075,0.0396732669569746
0.0796878738087985,3.36032741709575,2069.95997999,0.0362002780258846
0.0911648233882065,1.96708649096514,2058.40420210105,0.0363619552830841
0.0900913808516212,2.14453349218355,2059.75487743872,0.0376211879041194
0.0551273130881738,1.52245910708953,2071.46073036518,0.0138019546634492
0.0732488323085429,1.0232988843187,2054.35217608804,0.0159761815463423
0.0797494759675907,2.76286929599819,2067.25862931466,0.0338174965793144
0.0718416203263255,2.01872085226992,2066.35817908954,0.0244677185434175
0.093596062205787,6.31248050684326,2071.16058029014,0.0616624364015713
0.0858149113508872,14.257340102472,2084.66733366683,0.0560880880926387
0.0814489840092314,1.47925317679908,2057.65382691346,0.0250119904158159
0.0988167001050971,1.2232687477884,2050.45022511256,0.0269953498273445
0.0777586708074288,1.63137250428789,2060.50525262631,0.0248400777715796
0.0971691346191694,8.54049161663095,2072.81140570285,0.0724983836089816
0.0949626274457498,1.57144459943409,2054.50225112556,0.0327266792936441
0.088430693404751,1.37652687910296,2054.50225112556,0.0265174190356572
0.0809940848511215,2.25210247070889,2063.80690345173,0.0319569722146465
0.0845921528639597,1.54009278652809,2057.2036018009,0.0272389281664669
0.097853188170462,4.58580257506987,2065.90795397699,0.062702863325415
0.0930104283998018,5.29579277470977,2069.50975487744,0.0578903610635583
0.0823662336313641,2.66904925964653,2065.60780390195,0.035503315528384
0.0516965391171377,3.44853317762211,2092.17108554277,0.0156511086798172
0.0838675225769203,6.27623830106248,2075.81290645323,0.0476231048805706
0.0956715855572308,12.9651693704974,2078.06403201601,0.0734198294616193
0.0995836429311584,2.81911328467833,2060.05502751376,0.0526335051185999
0.0684775884479176,1.61269369477906,2064.4072036018,0.0201006027823742
0.0939072878171882,15.9974592566334,2081.2156078039,0.0716242290461339
0.0442762776360574,2.10780755947618,2090.22011005503,0.0108187523932437
0.0621634116657807,1.71814085427452,2069.05952976488,0.0177213458327953
0.0791252110244171,1.02920793476607,2052.70135067534,0.0176051718938308
0.0628625568237822,1.00577451078852,2057.95397698849,0.0129396211839916
0.0957275330836057,7.00182581890258,2071.31065532766,0.0669734682434544
0.0730802955583967,3.23688695135292,2072.96148074037,0.0301346305872616
0.0911346057363393,2.03623175886238,2058.85442721361,0.0370880223708395
0.0835918969576479,5.2653877364201,2073.86193096548,0.0452774952424307
0.0983058133818994,4.62558101221893,2065.90795397699,0.0632752999426002
0.0875790851758439,2.4062754285944,2062.15607803902,0.0380284333159123
0.0912787848360625,59.9714412603752,2097.27363681841,0.0710970656418494
0.0825254432915277,1.39648494813358,2056.45322661331,0.0243960454752262
0.0960306254751873,20.1988354669711,2082.56628314157,0.0775291599484991
0.064734488973466,1.64079288241399,2066.65832916458,0.0185479174587827
0.0963205212820539,1.70336542221432,2055.10255127564,0.0357029091497644
0.0811211623222342,1.62668261683323,2059.15457728864,0.0265283676685439
0.0525337754537603,1.85168407581574,2077.91395697849,0.013789244797543
0.0737729337156174,6.27623830106248,2082.11605802901,0.0354787486397045
0.0962253532918238,18.1056638759021,2081.2156078039,0.0779007606791133
0.0762159526143505,6.47817779606607,2080.91545772886,0.0382744918575061
0.0470177292684734,3.16318819550752,2096.3731865933,0.0130162949840881
0.0941602704444765,30.2252632807581,2087.81890945473,0.076131239075379
0.0837557987448042,4.87160332233193,2072.81140570285,0.0446174623656009
0.0991343081339158,1.70827639380871,2054.50225112556,0.0372332789501565
0.0660631645337063,2.42017049201696,2072.66133066533,0.0226304861770426
0.0872698255408746,1.3490638599235,2054.50225112556,0.0256108479039018
0.0874907427969671,7.18561784115829,2075.51275637819,0.0540177908053299
0.0959362580277482,27.0930697176532,2085.71785892946,0.0788542959788516
0.0933254190054852,10.9398093223365,2077.31365682841,0.0678379608234816
0.0828439557236082,3.99392909131044,2070.71035517759,0.0413816228183448
0.0841333280841928,2.55624161321588,2064.25712856428,0.0363754102201447
0.0994008924937827,1.64552345116496,2053.90195097549,0.0362948227829479
0.0928436483945247,5.56142771178757,2070.11005502751,0.0585137263109072
0.0817134209099248,1.98987000774274,2061.85592796398,0.0303774886653053
0.0733417061816377,2.41321295951054,2068.45922961481,0.0273257022208686
0.0755815092929194,2.10174801133249,2065.30765382691,0.0271694851987699
0.0963227206511783,2.44116367657533,2059.45472736368,0.0455369275210612
0.0982897402833717,1.88937898174206,2055.85292646323,0.0398201546246339
0.0978968437067992,8.22675961020021,2072.21110555278,0.0726923753469214
0.0698792239666144,2.66904925964653,2071.91095547774,0.0259509422323627
0.0895409928462041,8.20310923201435,2076.11305652826,0.0580191272754689
0.0955523432267605,4.45566189315493,2066.50825412706,0.0586100121569137
0.0358313277157398,1.01158236655188,2079.41470735368,0.00606636638759241
0.0872480510313255,1.2517695448338,2053.45172586293,0.0239213379866734
0.096557104479328,1.90576794350953,2056.45322661331,0.0390446945055013
0.0927030238707086,6.1687553886527,2071.31065532766,0.0598942992187608
0.0902253974968835,1.97275779657863,2058.70435217609,0.0357798637687022
0.0899094721063999,2.39246014169509,2061.25562781391,0.0397697389633749
0.0970121443930685,77.9332756634849,2096.07303651826,0.0844920816593407
0.0843579125944047,16.3231210310229,2087.21860930465,0.0543971077806138
0.0591807325652856,1.69358579278262,2070.71035517759,0.0162598020370342
0.0987488286599829,7.00182581890258,2070.11005502751,0.0720491740608839
0.0897695298667402,5.60966897361054,2071.46073036518,0.0545909101104979
0.0829828707083835,11.0029813692926,2083.31665832916,0.0503087286371438
0.0671667741516704,3.41887695499837,2077.61380690345,0.0258512970049798
0.0917595510615668,3.56975293664868,2065.45772886443,0.0495509939353816
0.0787146111358385,3.25557838997471,2069.95997999,0.0350693227610588
0.0753334890934474,1.02920793476607,2053.75187593797,0.0166360506037803
0.0914152148683431,3.70588742997801,2065.90795397699,0.0501478847445092
0.0327620043316906,1.3490638599235,2095.32266133067,0.00602847378022726
0.0895565381277354,1.72806227717372,2057.2036018009,0.0323176805682353
0.0861605527657067,27.485888313414,2092.17108554277,0.0591197763979057
0.0875201273254091,1.42902148939294,2055.25262631316,0.0269759015907027
0.0725776127831605,2.92662172166501,2071.76088044022,0.0287612554027996
0.0964825545857942,1.30701047960937,2051.80090045023,0.0282422776443766
0.0591681681327193,5.2653877364201,2091.87093546773,0.0217188995051646
0.0984646460353584,1.80432214140788,2055.25262631316,0.0386414701335401
0.0872467653124291,17.5412692675873,2086.16808404202,0.0595454300291877
0.0918470334739086,4.70617602490094,2068.60930465233,0.054526075436455
0.0770101942785543,5.41917883794353,2077.91395697849,0.0380823603615051
0.0857959815868264,5.67464221589759,2073.56178089045,0.0491456243696466
0.0969824788218332,3.44853317762211,2063.05652826413,0.0551760758737852
0.0999795810425281,6.8227347852315,2069.35967983992,0.0737797005397669
0.0881853890265893,3.08228092099346,2065.00750375188,0.0432318476591773
0.0922721651327724,2.31121826109334,2060.05502751376,0.0409385287249506
0.0895253774432291,1.48351801054375,2055.25262631316,0.0287500474120814
0.0932295188064878,1.36468921205103,2053.15157578789,0.0282335658856621
0.0778737326696045,2.55624161321588,2066.95847923962,0.0314537650996032
0.0667515512532738,1.99560700049668,2069.05952976488,0.0213196272021517
0.0986911255463274,7.6115020308696,2071.01050525263,0.0732741365372264
0.0670850382684356,4.82970917626452,2083.16658329165,0.0277631813130014
0.0918268261372068,11.4885459675579,2078.66433216608,0.0652988756252114
0.0961425242479809,65.7588922489258,2094.87243621811,0.0821994820699889
0.0748236125413471,6.09812467340626,2081.06553276638,0.0362544616017327
0.0796587328018372,1.12205075712963,2053.90195097549,0.0193442339270916
0.0943803315067066,15.4097981223956,2080.46523261631,0.0728910020485017
0.0912761873764001,1.07153781450759,2050.15007503752,0.0215235790764959
0.0885897406155614,22.7949928263862,2088.26913456728,0.0633354363695883
0.0827452495031994,1.87853138201008,2060.65532766383,0.0300048901478088
0.0918518325856551,1.5896456468007,2055.40270135068,0.031592150377544
0.0608560443799461,7.2688443008963,2095.77288644322,0.0237835022764685
0.0955996622101245,12.2750213329814,2077.46373186593,0.0731069961045688
0.0776173745969335,3.35066711121492,2071.01050525263,0.0342234651352471
0.0873861137276832,6.94161247758823,2075.21260630315,0.0533240543870241
0.0915446562017959,3.50861959151272,2065.30765382691,0.0490541309548818
0.0959463011632395,1.21975208146059,2051.05052526263,0.0260999041437766
0.0973999596786138,49.5933968601569,2091.12056028014,0.0846840297417135
0.0978136413103569,2.47655776434198,2059.15457728864,0.0472359324476684
0.09973372994902,3.90299369276608,2063.50675337669,0.0616276905695144
0.0860815506049851,5.56142771178757,2073.26163081541,0.0490178315286373
0.0890985596174671,1.47500060364494,2055.25262631316,0.0283836114711806
0.0868033905807818,16.9456122371505,2086.0180090045,0.0587697904138391
0.0783805124064268,17.0434648578319,2092.17108554277,0.0452568391372305
0.0849436816962004,2.52697328239242,2063.80690345173,0.036773569259338
0.0570083303515444,1.09020803204812,2062.75637818909,0.0120379049587005
0.0769659910568503,3.21830282695794,2070.71035517759,0.0333630236157122
0.0829918194054813,13.7336016436691,2086.0180090045,0.0515010867900765
0.0893709280659783,3.1450272019994,2064.85742871436,0.04463712118878
0.0939906200596191,1.60343464412786,2054.95247623812,0.0328603703118751
0.0679784863390072,1.45392041663176,2062.75637818909,0.0187738887028071
0.0992176229065771,1.42081696649143,2052.25112556278,0.0316472381634743
0.0734897072407673,4.69264665877481,2078.21410705353,0.0332854049002988
0.0842165508399755,1.74807732789242,2059.15457728864,0.0294938860144559
0.0997423205813817,2.13836836392825,2056.90345172586,0.0446353550639559
0.0927587985575018,2.50524216415549,2060.80540270135,0.0433240310340349
0.0824959140017986,1.43727338940046,2056.90345172586,0.0249061897891639
0.0871789427902703,2.74700667630971,2063.95697848924,0.040249291421403
0.0890256648435956,1.18855355314224,2052.25112556278,0.0233573482082982
0.0854403469030266,1.74807732789242,2058.70435217609,0.0302048621518905
0.0758995288670575,1.64079288241399,2061.25562781391,0.0240518632002822
0.0937698273143311,1.37652687910296,2053.00150075038,0.0286410585910455
0.097999224193201,2.44820179377353,2059.00450225113,0.0471164135688608
0.0642495609536895,3.02078648791353,2077.76388194097,0.0228906180872398
0.0703919816455013,1.54453302690677,2062.75637818909,0.0205062590412933
0.0963680677294416,1.27358007675926,2051.50075037519,0.0274531865533309
0.0920977078826869,8.81528401319323,2075.51275637819,0.0635563680196173
0.0363965178670418,1.64552345116496,2095.32266133067,0.00746191299386843
0.076364617436317,1.72806227717372,2061.85592796398,0.0250464716844385
0.0914934895162504,37.4018619842125,2091.87093546773,0.0708530829365523
0.066544061729721,5.32637338722108,2085.26763381691,0.0275627312066823
0.0656471600495788,7.06256146630704,2090.52026013007,0.0278122184149628
0.0992074372811919,3.91424641100743,2063.80690345173,0.0607659886495854
0.0896537351837126,1.55345194953386,2055.70285142571,0.0299644623036434
0.0855814947218302,1.21274904899342,2053.45172586293,0.0226666754226132
0.0954451121166237,8.86618796583124,2074.012006003,0.0695495923355032
0.0699244444040323,2.80292774815717,2072.66133066533,0.0264030011802886
0.0976010236048783,4.45566189315493,2065.75787893947,0.0614770888671053
0.0911580685042162,44.9689998212073,2094.12206103052,0.0706763546618869
0.0858110231645896,7.14436264200497,2076.4132066033,0.0512425125818741
0.0495122398893293,4.31676880609627,2099.67483741871,0.0150452664776717
0.0816495612348556,11.9955386652786,2085.26763381691,0.048786997259419
0.0857598923759285,1.54009278652809,2056.75337668834,0.0278548237003427
0.0907994102978802,4.06351835261943,2067.25862931466,0.0510992244220564
0.0950753808267976,12.2397329678754,2077.76388194097,0.0716058478318522
0.068447570586523,1.9841495077581,2068.00900450225,0.0222015197020049
0.0989163047438057,10.4473164853735,2074.16208104052,0.0784853879438512
0.0776041589709648,2.01872085226992,2063.65682841421,0.0280104224804381
0.0885182517066592,2.23917234584048,2060.95547773887,0.0372690397564105
0.0641126029520631,1.75311720834914,2068.30915457729,0.0188007151732714
0.0913383146063783,30.9294781934387,2089.91995997999,0.0697186970379505
0.0932595080488308,4.44285270778494,2067.40870435218,0.0553383533132544
0.0805625061641844,15.9056121278034,2089.61980990495,0.0481934405914738
0.0897752323799466,12.2750213329814,2080.61530765383,0.0616391036236333
0.0851643674220732,2.30457394564778,2062.45622811406,0.0354418420048688
0.0981810884702156,1.41673238639154,2052.4012006003,0.0311986769342384
0.0833718200782304,1.21274904899342,2054.05202601301,0.021936014531848
0.0866971584458773,34.0120577830084,2094.27213606803,0.0606140414206699
0.0973629075858508,1.17833239331668,2050.15007503752,0.0255401029653171
0.0835813793141832,2.03037797761035,2061.40570285143,0.0319626540624894
0.0956382596273426,8.15601225127809,2073.11155577789,0.0684301377695143
0.0968504775259203,6.92165665438525,2070.71035517759,0.0687380873585076
0.0617080231156598,3.50861959151272,2082.41620810405,0.0218886562354125
0.0924332522905199,2.62334079957365,2061.55577788894,0.0438977111791453
0.0988709326074138,1.5850757161707,2053.60180090045,0.0349018303720604
0.0962630924007809,1.7230944249062,2055.25262631316,0.0359665658816375
0.0905653701996046,9.6938573407282,2077.46373186593,0.0613875874259943
0.0898088603511166,6.22226476776323,2072.66133066533,0.0559454599218527
0.0732079826522773,1.41673238639154,2060.05502751376,0.0206267780492326
0.0826312397157866,1.25537852068667,2054.8024012006,0.0223897220823531
0.0578483645050697,2.6460963359074,2080.46523261631,0.0182179924131097
0.0885874561848855,2.23917234584048,2060.80540270135,0.0374757667773106
0.0489486893075525,1.25537852068667,2071.91095547774,0.0104682200209426
0.098473259986926,8.06262793911584,2071.76088044022,0.0734667888936062
0.0856572865835724,1.65026765861521,2057.80390195098,0.0292069245625635
0.0671015527093397,1.42081696649143,2062.75637818909,0.0181453975478663
0.0921837468135252,2.11997911696849,2059.00450225113,0.0388453958042483
0.0952060124003838,7.37423424898408,2072.21110555278,0.0663200162834095
0.0908469953360809,1.46653209822205,2054.65232616308,0.0291091397026639
0.0678204339022081,5.97646129188652,2086.0180090045,0.0291988946577891
0.0530969269645955,2.11997911696849,2080.31515757879,0.0146846675317328
0.0855414349811897,1.70336542221432,2058.25412706353,0.0297978807911372
0.0984243251355381,1.4963864293158,2053.00150075038,0.0329601955793575
0.0910515061229975,4.54636621906863,2068.45922961481,0.0532244231573239
0.0755887134930307,6.42246765119551,2081.2156078039,0.0375176161682581
0.0920786518823349,1.85168407581574,2057.35367683842,0.035487708993119
0.0956272884859684,1.66458250694606,2054.95247623812,0.0347507595455723
0.0898030686555618,11.1946946742062,2079.41470735368,0.0617334635193204
0.072339297790042,1.60805750536954,2062.45622811406,0.0219876435394446
0.0936970454432988,3.13598584352336,2063.20660330165,0.0491155961159412
0.0825241158475175,1.0808326105459,2052.55127563782,0.0194189474050316
0.0790872549127721,2.10174801133249,2063.65682841421,0.0294973947568847
0.061277094985806,2.46233896144414,2076.4132066033,0.0197319283914526
0.0844313416822008,1.08394875824941,2052.10105052526,0.0199935822094807
0.0746261071009593,1.13504676028852,2055.70285142571,0.017955850850783
0.0452006930921288,1.07462716439149,2070.86043021511,0.00862611568824846
0.0929202773303668,2.48369792620856,2060.65532766383,0.0432279273387837
0.0879132888651609,1.53566531100084,2056.15307653827,0.0287428677966971
0.0820864874995677,1.3804955427344,2056.45322661331,0.0240055749007795
0.0476984932764906,1.97844545312916,2084.3671835918,0.012014953021915
0.0689158668775511,7.24794774808137,2087.96898449225,0.0311274572564326
0.0877568420854112,1.70827639380871,2057.65382691346,0.0310006733459493
0.0856147543650449,7.72186012504483,2077.46373186593,0.0516194662058445
0.0667899621930349,1.81474121907939,2067.40870435218,0.0204495889849995
0.0963200667276912,1.17494491051044,2050.45022511256,0.025201658288131
0.0912135632897945,8.49145760309168,2075.66283141571,0.0610943939651462
0.0760761915918323,15.2333597657718,2092.47123561781,0.0420253970821462
0.0579157923896873,3.83615347588896,2087.36868434217,0.0198316456456169
0.0705102259530321,2.68446171339143,2071.6108054027,0.0264661091823103
0.0836591154379256,1.11240149892777,2052.70135067534,0.0203187153964998
0.058278214802638,3.80316384938978,2086.91845922961,0.0199896804021972
0.0814605616618505,2.34472828861258,2064.25712856428,0.0327372294451207
0.071161355764383,14.716073490575,2096.3731865933,0.0356118455127341
0.0686599161517489,8.29812065000463,2090.22011005503,0.0313550949513182
0.0972182762609028,13.1910713679069,2077.46373186593,0.0769246380628194
0.0756116099814695,1.36468921205103,2058.40420210105,0.0211698478908076
0.07890855544078,2.29794873135268,2065.00750375188,0.0307470646544869
0.0858943285340652,2.23917234584048,2061.85592796398,0.0353916772098093
0.079314116495665,1.54453302690677,2059.00450225113,0.0247845180095805
0.0456469247088511,1.32978351631576,2076.4132066033,0.00972464614317177
0.0976943190730333,1.295770630155,2051.35067533767,0.0283824411351586
0.093722334682424,11.6216105181022,2077.76388194097,0.0691878888071469
0.0685036523280442,2.65372529430481,2072.66133066533,0.0249582477347002
0.0805066105458031,5.07196553857306,2075.06253126563,0.0412020441317919
0.0661530379618626,4.12243473196511,2081.51575787894,0.0259890159092382
0.0842873914066324,1.24458268867087,2054.20210105053,0.0228136950294325
0.076087815974664,1.0808326105459,2054.35217608804,0.0176369485958336
0.0948969943714338,26.4000896312366,2086.0180090045,0.076627332470925
0.0943705684029163,5.08658851868221,2068.45922961481,0.0593713048537406
0.0909983291255987,6.22226476776323,2072.21110555278,0.0572586911174165
0.0502631914333275,1.4455729400936,2074.31215607804,0.0116372141559922
0.0579505093927254,3.82512526006857,2087.36868434217,0.0197762363774011
0.0893513028205366,2.0598161414781,2059.6048024012,0.0361047936667356
0.0760682884128514,20.8487379146156,2096.67333666833,0.0427722118682952
0.0949248043334957,5.95928009583079,2069.95997999,0.0628751074846903
0.0936490490907369,8.25047817477399,2074.16208104052,0.0649555388095765
0.0808173681043196,2.012917411563,2062.30615307654,0.0300010770406656
0.0948644092197734,1.61269369477906,2054.8024012006,0.0334055935039702
0.0918456053370421,1.27725193454067,2052.55127563782,0.0260537963081703
0.0684371844511651,1.15815301335288,2058.40420210105,0.0162274085690055
0.078656813177711,2.09570588324384,2063.80690345173,0.0291726833940786
0.066872723384101,7.28980110054726,2089.76988494247,0.0292632877365602
0.085585278051983,6.8227347852315,2075.96298149075,0.0505437051561606
0.0978217977732499,1.30701047960937,2051.50075037519,0.0286924405452999
0.0918666980738033,2.75492656923522,2062.30615307654,0.0444898653989677
0.0896007013214304,1.59882507273807,2056.15307653827,0.0305083084782505
0.0892523314928539,42.2091252249533,2094.87243621811,0.0660191904006751
0.0843058730699932,2.26510726072284,2062.60630315158,0.0343529388219679
0.0821188058240498,11.1304219326752,2084.06703351676,0.0489343043451999
0.0692158561376228,1.18513668643434,2058.55427713857,0.0167517804898837
0.0803252819802276,5.29579277470977,2075.66283141571,0.0415702261443596
0.0709355856427845,1.75311720834914,2064.55727863932,0.0223005613833603
0.072695753165612,1.9841495077581,2065.75787893947,0.0247185044826314
0.0951351658674143,1.93339940407185,2057.05352676338,0.0384493152893271
0.0933133952825214,1.7683242002651,2056.45322661331,0.0349646806418396
0.0959832788749801,1.6741946565908,2054.95247623812,0.0350753306206352
0.0712174568003247,1.13504676028852,2056.90345172586,0.016880794490572
0.0897056320986117,2.30457394564778,2060.80540270135,0.0388938940300187
0.0928038511106364,1.18855355314224,2051.35067533767,0.0245320137245259
0.0686123796895239,1.25899790157518,2059.90495247624,0.0172917713059189
0.0670420772374564,1.33361741419236,2061.70585292646,0.0173946740278087
0.0897693374051295,1.21274904899342,2052.4012006003,0.0240474937270435
0.095533156136341,8.32204495553973,2073.26163081541,0.0690314770963702
0.0891350636060727,2.2071708865269,2060.50525262631,0.0374933930627847
0.0905410713006557,2.08367368705817,2059.30465232616,0.0372638133606613
0.0636806567774834,1.11882507338448,2059.90495247624,0.0143169607108328
0.0770710313090496,3.11798102843626,2070.26013006503,0.033025488781159
0.0625892482392704,2.0538945595859,2072.06103051526,0.0193388643071092
0.071735023759496,1.82522046182733,2064.85742871436,0.0231977732251994
0.0972535208133207,1.51808232505612,2053.45172586293,0.0328110063646899
0.0734841351681324,12.8536732852339,2092.32116058029,0.0382042226552147
0.0932709175011353,52.3817248465878,2094.42221110555,0.0749509073057821
0.0712037751065469,4.70617602490094,2079.71485742871,0.0312697341625504
0.0997192439369538,2.87650223749675,2060.20510255128,0.0534300944614749
0.0975160053741021,1.28093437865255,2051.20060030015,0.0280181269915847
0.0993357828353277,1.6741946565908,2054.20210105053,0.0367722701611725
0.093897538308334,5.94214829246472,2070.41020510255,0.0610326140039048
0.0958185975546515,6.8227347852315,2071.01050525263,0.0666664560844685
0.0973409578544644,2.08367368705817,2057.2036018009,0.0421505758515398
0.0655108515606015,12.1344753910871,2099.07453726863,0.0291949383106252
0.0676350302170386,2.80292774815717,2074.16208104052,0.0246978112472257
0.043039813946878,1.41265954868704,2081.06553276638,0.00910061171273384
0.0808797675660948,3.25557838997471,2068.90945472736,0.0370170800431259
0.0859584124653319,1.2517695448338,2053.75187593797,0.0235205873189993
0.0731397528347539,1.18855355314224,2057.05352676338,0.0181282773689934
0.0913470918601636,17.3404260963733,2083.46673336668,0.0674273218076741
0.0958445054104678,1.61734325078285,2054.65232616308,0.0339877671549404
0.0985147231794921,1.295770630155,2051.20060030015,0.0286763741941409
0.0784655430506272,1.02035709353375,2052.70135067534,0.0173265294090872
0.0910877460637922,4.50726900243269,2068.45922961481,0.0527393106194829
0.0806238532896049,2.88479547897935,2067.40870435218,0.0352032458124302
0.0772200236797751,1.63137250428789,2060.65532766383,0.0245802192398644
0.0936956839309093,1.55345194953386,2054.65232616308,0.0318607531664492
0.0688100086989537,8.27426512232383,2090.07003501751,0.0314588757117456
0.0969918339748506,6.862132740856,2070.56028014007,0.0688425949156911
0.0812273632267286,4.09876636139165,2071.76088044022,0.0401473390542677
0.0844188391153869,23.9383809351586,2091.72086043021,0.0560140229282697
0.0835633471635537,3.83615347588896,2069.80990495248,0.041712129571223
0.0789639597432976,5.08658851868221,2075.96298149075,0.0395598043496995
0.0681851579696543,1.48351801054375,2063.05652826413,0.019065144505308
0.0990056126099555,17.0434648578319,2079.26463231616,0.0829808455134282
0.0762289287729715,3.15409462760941,2070.86043021511,0.0324435031169456
0.0491182670282227,1.92229906736858,2082.11605802901,0.0124948775291219
0.0849018896292465,1.08707389011608,2051.95097548774,0.0201923280035512
0.072968936407193,6.22226476776323,2082.56628314157,0.0345818559376696
0.0702179004852762,5.75691805285236,2083.46673336668,0.0314150731185089
0.0975344438959049,2.14453349218355,2057.50375187594,0.0430659418375223
0.0935185350062417,1.10920355497526,2050.15007503752,0.0229384118423056
0.0995414965437182,1.55793070570556,2053.30165082541,0.0346723200458795
0.0791895588327128,1.52684850782001,2058.85442721361,0.0245469209677057
0.0872101693957382,14.1754836193795,2083.76688344172,0.0581665789001456
0.0753282782333112,2.55624161321588,2068.30915457729,0.0293707087715318
0.0806698817116255,1.07772542117776,2053.00150075038,0.0188613113463595
0.097326009200091,13.0400368809022,2077.31365682841,0.0768826983146257
0.0928967699891999,8.22675961020021,2074.46223111556,0.0637293930247171
0.0782423908460166,2.10174801133249,2064.10705352676,0.0288788327280622
0.0965075482099485,7.24794774808137,2071.46073036518,0.0683253625333861
0.0949356962586635,2.90145376159538,2061.85592796398,0.0486813432848495
0.0983141116439191,6.38559396992509,2069.35967983992,0.0694499398788039
0.0911783072691058,1.06538573309788,2050.15007503752,0.0213651694629338
0.0805136356289931,10.2094477434412,2084.06703351676,0.0461300297620733
0.0598982759967752,2.08968112513086,2074.31215607804,0.0180015185446816
0.0789975457511171,17.5918424880948,2092.02101050525,0.0464744104830104
0.0923267872026952,1.74807732789242,2056.60330165083,0.034110000235348
0.0977116541846761,1.8199732981517,2055.55277638819,0.0383791991528437
0.0839777330519367,3.44853317762211,2068.30915457729,0.0405892078524715
0.0958519339209646,5.23515726431772,2068.15907953977,0.0621486658505867
0.0952233735904166,1.16484078042324,2050.45022511256,0.0246244890225894
0.0969944720798787,3.48847535295163,2063.20660330165,0.0554569507200806
0.0825352894286828,4.88564863828298,2073.41170585293,0.0433765638540216
0.0989506068974851,14.0131778568844,2077.1635817909,0.0819115909413967
0.0813721164005509,3.43861929685961,2069.35967983992,0.0382572076707975
0.077690138833858,5.19013667692469,2077.01350675338,0.038261350812046
0.0790270842476151,1.24817094410403,2055.85292646323,0.0209975848231367
0.0720212240020762,1.31455782572457,2059.30465232616,0.0191048766076246
0.0622005787496691,1.41265954868704,2065.30765382691,0.0160433982127974
0.0918956449110706,6.44098426295101,2072.21110555278,0.0590321839783067
0.0758755116243982,1.7683242002651,2062.45622811406,0.025078655209839
0.0882644999783528,14.1347317845805,2083.01650825413,0.0603471623540276
0.0972485070306171,2.67674439360146,2060.20510255128,0.0488961442112359
0.0937539066535821,4.87160332233193,2068.15907953977,0.0579705629790439
0.0973470508260495,6.44098426295101,2069.80990495248,0.0681025691131131
0.0647996984827458,1.15150364314254,2059.90495247624,0.0149536679551671
0.0673770375405998,1.38846722913941,2062.30615307654,0.0179605171867033
0.086312094397349,1.54898606893921,2056.75337668834,0.028208031107843
0.0950550467445915,13.4209094274668,2078.66433216608,0.0729462096571126
0.0857701229995542,45.0986499114755,2098.32416208104,0.0592339987596939
0.091633356667712,1.90028922105573,2057.80390195098,0.0357961091716312
0.0883865303117164,7.3318961356485,2075.36268134067,0.0552846042433209
0.0852998446249993,4.31676880609627,2070.41020510255,0.0453758222253429
0.0658718152395209,2.87650223749675,2075.81290645323,0.0236368872861904
0.0760210695844944,1.47925317679908,2059.6048024012,0.0225302580395016
0.0792556702218239,3.74881037659201,2071.6108054027,0.0371166930103779
0.0972788662817339,1.17494491051044,2050.15007503752,0.0254186895054558
0.0994085010817328,25.2115995346114,2083.01650825413,0.0869521631775199
0.0670451884101744,1.7683242002651,2066.8084042021,0.0203312004391135
0.0875779628029277,1.07772542117776,2051.20060030015,0.0207178687998903
0.0687319651411309,14.505756572389,2098.47423711856,0.0329133854193028
0.0819606106176542,1.65502554408647,2059.15457728864,0.0272380566492289
0.0958678213053384,5.82359678794962,2069.35967983992,0.0638155615785114
0.0499904348799109,1.20926262481036,2070.11005502751,0.0105922016237974
0.0949234959416799,3.6424227310724,2064.4072036018,0.0539652810047421
0.0935991280639086,2.41321295951054,2060.05502751376,0.0431957410847137
0.0705445552889676,1.40051115285914,2060.95547773887,0.0193989707151978
0.0957937751313625,1.90028922105573,2056.60330165083,0.0384177263091765
0.0906274042045667,1.40859841962076,2054.20210105053,0.0280030896278932
0.0927055511477428,2.03037797761035,2058.25412706353,0.0382166941509982
0.0694064717560858,2.08968112513086,2068.30915457729,0.0233096931779285
0.0868351248830415,4.13432012050498,2069.2096048024,0.0464469230652839
0.0825493768704253,1.35685404373703,2056.00300150075,0.0238683468415106
0.0842290512608149,1.36468921205103,2055.55277638819,0.0246586185791023
0.0798063150833096,4.3416960341386,2073.26163081541,0.0392493536267525
0.0757582557977791,11.9610537599916,2089.46973486743,0.0408547750104648
0.0910762394164204,7.99329205722658,2074.91245622811,0.0608430865518354
0.081466913474697,3.45847564108692,2069.50975487744,0.0381690751766768
0.09417338137248,3.24621921773864,2063.35667833917,0.0505801050564334
0.0628739284446126,4.08698318318596,2083.91695847924,0.0235818273983136
0.0864862906771716,1.05015961695978,2051.05052526263,0.0198825213939245
0.089751058873504,37.2943387037601,2093.07153576788,0.06704227587478
0.0750132521540612,13.4209094274668,2091.72086043021,0.0400332672552876
0.0700471357697188,13.932723196473,2096.67333666833,0.0341274047101829
0.077303538201529,3.72728711692345,2072.66133066533,0.0350364419251742
0.083961112538714,5.92506573979369,2075.06253126563,0.0471549875878911
0.0802174131308365,7.41681684421187,2080.16508254127,0.0438458604316698
0.0933958542235366,1.57597523020146,2054.95247623812,0.032007953026055
0.0437876905281988,2.11997911696849,2091.12056028014,0.01060781325029
0.0914016910970897,1.1817296425721,2051.65082541271,0.0239397719355308
0.0914870479138073,15.9974592566334,2082.56628314157,0.0668229401771036
0.0706595429834054,1.017423759841,2055.10255127564,0.0151860569691692
0.0832249884973033,20.4327857832706,2090.8204102051,0.052880042249037
0.0874964466873401,1.27358007675926,2053.60180090045,0.0244250143360377
0.0785601328829886,4.02857346483847,2072.96148074037,0.0371661978617801
0.088825381898051,1.1988633739507,2052.4012006003,0.0235049561283518
0.0884111947642311,6.66739199053658,2074.16208104052,0.0546073869741816
0.0865201584006211,12.66997313217,2082.86643321661,0.0564109260675025
0.08875138155739,1.77853540743712,2057.80390195098,0.0325661072381396
0.087805045487537,3.55949057200184,2066.95847923962,0.0452529152121109
0.0910866885445336,23.8009421380058,2087.21860930465,0.0680085498733144
0.0976441443941604,3.12697047724319,2061.85592796398,0.0532777401821564
0.0713904454944559,8.15601225127809,2087.66883441721,0.0341399209336576
0.0909818499943324,4.14623977579979,2067.40870435218,0.051653043974736
0.0928526203819415,12.5972302899552,2079.11455727864,0.0681189389862012
0.0922728097355364,3.78132852701561,2065.90795397699,0.0512926827213914
0.0519317518104429,1.90028922105573,2079.11455727864,0.0136172253447218
0.0296444145193731,1.08394875824941,2092.77138569285,0.00485241249978854
0.0735469865553986,4.54636621906863,2077.61380690345,0.0332923219500159
0.0654665611445065,1.37652687910296,2063.05652826413,0.0170940504879765
0.0702427753498967,10.9083594392703,2092.92146073037,0.0337432179953827
0.0876164913001715,1.03813555048354,2050.60030015007,0.0199339846675955
0.0812188523947027,2.54889290196729,2065.45772886443,0.0339355711839584
0.063476691650647,1.42081696649143,2064.70735367684,0.0166216881402553
0.0911622615712735,2.60078095318014,2061.85592796398,0.0425992904348631
