0.0935165737232887,1.00288309926358,2068.45922961481,0.00466920921311073
0.0865806470426602,1.00867425853989,2071.6108054027,0.00320384860512631
0.0817842126172843,1.00577451078852,2074.012006003,0.00756031030512886
0.0943860016026309,5.35713058780925,2086.31815907954,0.0153193606951719
0.0788915820977974,1.00867425853989,2075.66283141571,0.00139223270051555
0.0846969065295927,1.1817296425721,2074.46223111556,0.00972199897022663
0.0826265561051695,1.00577451078852,2073.56178089045,0.00876286828426595
0.0678481029246428,1.00577451078852,2083.01650825413,0.00165166972247415
0.0628732491565288,1.00577451078852,2087.21860930465,0.00110579256513315
0.0947131562936566,1.00577451078852,2068.00900450225,0.011899862620968
0.0578752024886018,1.00577451078852,2092.17108554277,0.00206137184531849
0.0786176935114172,1.00867425853989,2075.81290645323,0.00566505851692403
0.0766355090199764,1.23743709481674,2079.71485742871,0.00783246913972795
0.0639372616419705,1.37652687910296,2091.42071035518,0.00532930806505347
0.0882613351686601,1.1715671660767,2072.51125562781,0.0107172798819286
0.0561565286327234,1.00867425853989,2094.12206103052,0.00171453034812414
0.0796161931997992,1.00577451078852,2075.21260630315,0.00417081578602225
0.0966198970993198,1.00577451078852,2067.25862931466,0.00994918722884481
0.0694544468391552,1.00577451078852,2081.81590795398,0.00110552145184378
0.0859152486776964,7.2688443008963,2095.32266133067,0.0121722345007438
0.0625698825734492,1.00577451078852,2087.51875937969,0.00144868933604397
0.0740938705847287,3.37001557459736,2095.32266133067,0.00805141975984499
0.0720414296213852,1.08707389011608,2081.06553276638,0.00665693817449797
0.0947786997673259,1.00867425853989,2068.00900450225,0.011386300593342
0.0880348126987379,1.00288309926358,2070.86043021511,0.00323868921921805
0.0927959528028076,1.00288309926358,2068.75937968984,0.00983356866987799
0.0815949170298635,1.00867425853989,2074.16208104052,0.0050528623370875
0.0817733511350451,1.00577451078852,2074.012006003,0.00563683118716391
0.0924847063844648,1.00577451078852,2068.90945472736,0.00536812934964336
0.0935618252688637,1.65979714701382,2074.012006003,0.0132208687455996
0.0767623301055534,1.01449885892793,2077.01350675338,0.00396820989757779
0.0771251764142272,1.00867425853989,2076.71335667834,0.00674351043647805
0.0924548193666165,10.7215497316231,2095.02251125563,0.0149257528167039
0.0875114820324941,1.00867425853989,2071.16058029014,0.00597073640133707
0.0986872715817338,1.00867425853989,2066.50825412706,0.00440368848205207
0.0723763433260165,1.00577451078852,2079.71485742871,0.00662766149112133
0.097528751730756,1.70827639380871,2072.51125562781,0.0147933444044198
0.0981177108444469,1.00288309926358,2066.65832916458,0.00347887023331327
0.0619210717291523,1.00577451078852,2088.11905952976,0.00143931681585951
0.085837372199171,1.00288309926358,2071.91095547774,0.00858731686193297
0.0758288405025772,1.00577451078852,2077.46373186593,0.00190681314825391
0.0670532641579758,1.00288309926358,2083.6168084042,0.00341661060359236
0.0896489053297359,9.07276025359497,2095.17258629315,0.0136544743732083
0.0966381591451422,1.00577451078852,2067.25862931466,0.00374569740176895
0.0811599700571145,1.00288309926358,2074.31215607804,0.00574819686556434
0.0994563937998959,1.00577451078852,2066.20810405203,0.00780548518349828
0.0935589641983163,1.00288309926358,2068.45922961481,0.00255709384625989
0.0995106255605153,1.00867425853989,2066.20810405203,0.00575406393349354
0.089257205719371,7.94739971184986,2093.971985993,0.0134250061084889
0.0933896232615706,11.9266679922861,2095.47273636818,0.0154607454439878
0.090294562770158,2.17562678075294,2078.66433216608,0.0126245512102828
0.0939895555832317,1.00577451078852,2068.30915457729,0.00402059741138527
0.0620232470946945,1.00288309926358,2087.96898449225,0.00371102018777178
0.0686026459243915,1.00288309926358,2082.41620810405,0.00186501126721697
0.0942401044499748,1.00288309926358,2068.15907953977,0.00976636695974914
0.0853887074655858,1.48779514022745,2076.86343171586,0.0103869969271537
0.093060323218967,2.0657547958787,2076.71335667834,0.0134494108422076
0.0694101563023527,1.00577451078852,2081.81590795398,0.00575988832161226
0.0723483933620347,1.00577451078852,2079.71485742871,0.00576651861132204
0.0900652790846847,1.00577451078852,2069.95997999,0.00208709765527882
0.0928968644807725,1.00577451078852,2068.75937968984,0.00971374574124331
0.0873578980631809,1.00288309926358,2071.16058029014,0.00140882859640279
0.0539458984390829,1.00577451078852,2096.67333666833,0.0022426141761686
0.0834865086499303,1.00577451078852,2073.11155577789,0.00723302547255384
0.0762655420889133,1.01449885892793,2077.31365682841,0.00244705986375503
0.0979168087733414,2.66904925964653,2077.01350675338,0.0160200785115132
0.0532377679615592,1.00577451078852,2097.57378689345,0.00193492265642473
0.0558542898617005,1.00577451078852,2094.42221110555,0.00378083003667304
0.0655710593102901,1.00288309926358,2084.81740870435,0.00474654194754539
0.0717358384644466,1.00577451078852,2080.16508254127,0.00561745642409284
0.080410826541893,1.00577451078852,2074.7623811906,0.00700524803261699
0.0584228167968382,1.00577451078852,2091.5707853927,0.00102020255891599
0.0613126061542147,1.52684850782001,2095.77288644322,0.00494391240468829
0.0784647568030733,1.00288309926358,2075.81290645323,0.00129363511874894
0.0645166660507441,1.00288309926358,2085.71785892946,0.00320212135686161
0.0885104173679184,1.00867425853989,2070.71035517759,0.00966369899653334
0.0738945612328742,1.62668261683323,2085.41770885443,0.00749970320768566
0.0820035419377459,7.04225793763313,2098.17408704352,0.0106589626728458
0.0990336197396679,1.58051892322707,2071.01050525263,0.01517842965054
0.0874594570774836,1.00577451078852,2071.16058029014,0.00234975309932009
0.0627334680768612,1.00577451078852,2087.36868434217,0.00139761834467157
0.084197404454661,1.05318733137807,2073.26163081541,0.00936842746489758
0.0859915258351278,2.2456281019818,2081.51575787894,0.0111615238976418
0.081117758266075,1.09335121002246,2075.36268134067,0.00869816063162969
0.0962870583340207,1.00867425853989,2067.40870435218,0.00767985509336996
0.0798596356077501,1.00577451078852,2075.06253126563,0.00272787397462483
0.0643932325480801,1.00577451078852,2085.86793396698,0.00324441518121771
0.0683906585052645,1.00288309926358,2082.56628314157,0.0032296618648629
0.0931256649632698,1.00288309926358,2068.60930465233,0.00636234357007037
0.0906892511023441,1.00288309926358,2069.65982991496,0.00209779493923987
0.0702607702253116,1.33361741419236,2085.41770885443,0.00650289491590945
0.084869508735695,1.00288309926358,2072.3611805903,0.003710229995367
0.0915320583455914,1.00867425853989,2069.35967983992,0.00907228301982206
0.0924069353202436,1.78880557933512,2075.36268134067,0.013014314789958
0.0520867870623918,1.00577451078852,2099.07453726863,0.00117492778803989
0.0666691382658377,1.00288309926358,2083.91695847924,0.00399219138876517
0.0965360572664949,1.00288309926358,2067.25862931466,0.0103846964358363
0.0995901722363551,1.52684850782001,2070.41020510255,0.015290281504779
0.0600411184634004,1.00577451078852,2089.91995997999,0.00383070798736941
0.0948205569598423,1.00867425853989,2068.00900450225,0.0100572544811916
0.0796648452599998,1.00867425853989,2075.21260630315,0.00492856980895481
0.0943855664788661,1.00867425853989,2068.15907953977,0.0103920941827817
0.0908971716751421,4.7881753057283,2087.21860930465,0.0137427529748291
0.0886506687444524,1.00288309926358,2070.56028014007,0.00102540181302745
0.0604276055858689,1.00288309926358,2089.46973486743,0.00131856739220621
0.0829158684941661,1.00577451078852,2073.41170585293,0.00193305386355537
0.0857865501199039,1.00288309926358,2071.91095547774,0.00828092334313198
0.0878079382714768,1.00867425853989,2071.01050525263,0.00627553561862899
0.0717166742901334,1.00577451078852,2080.16508254127,0.0052139777414
0.0819840466909034,1.00288309926358,2073.86193096548,0.00769355773464882
0.0750484492753185,1.00288309926358,2077.91395697849,0.00153022451601457
0.0632795743126885,1.25537852068667,2090.52026013007,0.00516158016685472
0.094982226546682,1.00288309926358,2067.85892946473,0.0114880013152261
0.076983667410556,1.00288309926358,2076.71335667834,0.00736350992677357
0.0922010203566841,1.00867425853989,2069.05952976488,0.00897166463495845
0.0572818139711968,1.01158236655188,2092.92146073037,0.00404078720141612
0.0756744660432622,1.9841495077581,2086.7683841921,0.00813318155465532
0.0942178958199362,1.00288309926358,2068.15907953977,0.00610591245815121
0.0830844737078274,4.39198314906283,2091.5707853927,0.0107745386943585
0.0747903664247654,1.00288309926358,2078.06403201601,0.00313071401503916
0.0942851386480835,1.00288309926358,2068.15907953977,0.0119146129377467
0.0690077050796349,1.00577451078852,2082.11605802901,0.00358926596041162
0.0931573767615233,1.00288309926358,2068.60930465233,0.0100957711835426
0.090158445042901,1.10601480450688,2071.01050525263,0.0110621953410817
0.0971285902406829,1.00867425853989,2067.10855427714,0.00457161453967887
0.0644992300469349,1.00288309926358,2085.71785892946,0.00390917078409685
0.0739829786202607,3.02949571521225,2093.971985993,0.00796142285643098
0.0798053895552128,1.00288309926358,2075.06253126563,0.00484607333428695
0.0798592520167435,1.00577451078852,2075.06253126563,0.00543262337860869
0.0539474550221609,1.00577451078852,2096.67333666833,0.00153608326998675
0.0870804655570091,1.00288309926358,2071.31065532766,0.00475254708141493
0.0810993658653935,1.82522046182733,2081.9659829915,0.00945347707825719
0.0974958251429666,1.00867425853989,2066.95847923962,0.00338665660751736
0.0774524322459853,1.00288309926358,2076.4132066033,0.00525771806329898
0.0773362817969945,1.39648494813358,2080.91545772886,0.00814285346124023
0.0598948465000136,1.00577451078852,2090.07003501751,0.00186664121766564
0.0954811730168938,1.00577451078852,2067.70885442721,0.0081204890417494
0.0834571859768901,1.00577451078852,2073.11155577789,0.00437743472399262
0.0974580059326321,1.13504676028852,2068.15907953977,0.0134411506615521
0.0931170453583805,1.00288309926358,2068.60930465233,0.00792308929121391
0.06496701161249,2.22631645743836,2098.024012006,0.00578923922249424
0.0989413695596123,1.00288309926358,2066.35817908954,0.00842695929206327
0.0886920255458582,1.00288309926358,2070.56028014007,0.00409365717699539
0.0970758786803569,1.00867425853989,2067.10855427714,0.00240645937114826
0.0908349181602536,1.00867425853989,2069.65982991496,0.00446918388347309
0.0751071961133707,1.00577451078852,2077.91395697849,0.00619773084346247
0.0860042897097317,5.17521601544173,2091.27063531766,0.0120265967794339
0.070472302529857,1.31077872056062,2084.96748374187,0.00654137524431027
0.0874224717135203,1.00577451078852,2071.16058029014,0.00901825460095851
0.0787185139071249,1.00288309926358,2075.66283141571,0.00302401420026542
0.0544001269119195,1.00288309926358,2096.07303651826,0.00214269845023771
0.0750302502278312,1.88937898174206,2086.61830915458,0.00791285354260491
0.069816981875101,2.15071639511557,2092.77138569285,0.00678678219785753
0.0897304016438637,1.00577451078852,2070.11005502751,0.00283315336625964
0.0968436108321249,3.20905081491668,2079.41470735368,0.0159498992208552
0.0744280679142361,1.00577451078852,2078.36418209105,0.0020176647387661
0.092736836072215,3.00344307348301,2080.91545772886,0.0140578405263776
0.0541420293700326,1.00288309926358,2096.3731865933,0.00329108243750086
0.0753533535472398,1.80432214140788,2085.71785892946,0.0079654772046943
0.0838622813036798,1.00867425853989,2072.96148074037,0.00516810657521149
0.0851743899919307,3.82512526006857,2088.4192096048,0.0113900562917536
0.0789810086969491,1.00288309926358,2075.51275637819,0.00323155053043759
0.0818104640679853,1.1028352210931,2075.06253126563,0.00889560598174843
0.0950736004840314,1.00577451078852,2067.85892946473,0.0045778755366317
0.0713024910004067,1.00577451078852,2080.46523261631,0.00502204594990565
0.0856377307900455,1.00867425853989,2072.06103051526,0.00648817774281493
0.0918137471564721,1.21624552488348,2071.31065532766,0.011860368470945
0.0824844380583653,1.70827639380871,2080.31515757879,0.00972114345341838
0.0885042344201477,1.00867425853989,2070.71035517759,0.0103264842076384
0.0750843817447245,1.00577451078852,2077.91395697849,0.00536059481408558
0.0677800867375844,1.00288309926358,2083.01650825413,0.00546512060902979
0.0828127149046164,1.00288309926358,2073.41170585293,0.00267755991204765
0.0931531589089061,1.00288309926358,2068.60930465233,0.00929974380796326
0.0967715361569397,1.84105289600553,2073.71185592796,0.0146083222658018
0.0684606269136446,1.50502732889567,2088.71935967984,0.00623463709551496
0.0880863604990014,1.00577451078852,2070.86043021511,0.00857085653949981
0.0810149174591481,3.11798102843626,2088.71935967984,0.00998930554459255
0.0571320783727037,1.00288309926358,2092.92146073037,0.00357491481305735
0.0971002624312123,1.00867425853989,2067.10855427714,0.00949166800394972
0.0852480211202925,1.00577451078852,2072.21110555278,0.00655607366179659
0.0709345191431853,1.25899790157518,2083.91695847924,0.00663907294419127
0.0816973284369036,1.00288309926358,2074.012006003,0.0035950929580652
0.0811540676419318,1.00288309926358,2074.31215607804,0.00768354817899947
0.0928215828269278,1.00288309926358,2068.75937968984,0.0111093392485136
0.0951867012169989,15.8598865007128,2097.27363681841,0.0163802619396067
0.0951269809941465,1.00577451078852,2067.85892946473,0.00186567940005639
0.0814366738471922,1.00288309926358,2074.16208104052,0.00689572563283258
0.0652020741829485,1.00288309926358,2085.11755877939,0.00461581570341549
0.0924640604862706,1.00288309926358,2068.90945472736,0.00955345753532183
0.0915539614937082,1.00867425853989,2069.35967983992,0.00687886932266979
0.0953709490726861,2.90145376159538,2079.11455727864,0.0151258652232418
0.0932228857846681,1.00577451078852,2068.60930465233,0.00462499648998891
0.0975024211107541,1.00867425853989,2066.95847923962,0.00813347970758195
0.068164983023353,1.18855355314224,2085.26763381691,0.00602177676302034
0.0963555060155603,1.54898606893921,2071.91095547774,0.0141318951612356
0.0865800185243455,1.00867425853989,2071.6108054027,0.00803308015364546
0.0932549053429167,1.00577451078852,2068.60930465233,0.00473259179544997
0.0928021411204789,1.00288309926358,2068.75937968984,0.00378721550860255
0.0801491382632357,1.00577451078852,2074.91245622811,0.00217414689707648
0.0977812544343667,1.00577451078852,2066.8084042021,0.00664125884468976
0.0913493140558559,1.00288309926358,2069.35967983992,0.0106167017727085
0.0790702918598839,1.00577451078852,2075.51275637819,0.00108228342790849
0.0561836967748324,1.00288309926358,2093.971985993,0.00378349991054481
0.0628779617539156,1.00577451078852,2087.21860930465,0.00273637675486289
0.094317383665316,1.00577451078852,2068.15907953977,0.00781932651861896
0.0861517319505261,1.00577451078852,2071.76088044022,0.00214462170686604
0.0626765578588962,1.00288309926358,2087.36868434217,0.00124887308261519
0.0998682411286139,1.00577451078852,2066.05802901451,0.0126597058127047
0.0923130617656383,6.45955425993623,2089.61980990495,0.0145623727449651
0.0907213814702027,1.00288309926358,2069.65982991496,0.00651162093721708
0.088142925330862,1.00867425853989,2070.86043021511,0.00211412529642729
0.0993696645671368,1.00288309926358,2066.20810405203,0.0114915956154687
0.0874545413483695,1.00577451078852,2071.16058029014,0.00596341230912143
0.0667918359474463,1.55793070570556,2090.67033516758,0.00595083717624855
0.080124083057248,1.77342245446464,2082.26613306653,0.00912516879468135
0.0524895729283906,1.00288309926358,2098.47423711856,0.00121287256271083
0.0998173787848091,1.00577451078852,2066.05802901451,0.00315574958765187
0.0663792967442052,1.00577451078852,2084.21710855428,0.0013238440259216
0.0965749484939759,6.11570617216135,2086.31815907954,0.0166174023784992
0.0688111558159311,1.00577451078852,2082.26613306653,0.00125998456226136
0.0648648628543965,1.75311720834914,2094.27213606803,0.00567683892124684
0.0913957749211504,1.00288309926358,2069.35967983992,0.00120962934201207
0.089115901833397,1.00867425853989,2070.41020510255,0.00745136773328381
0.0831717905728983,1.00577451078852,2073.26163081541,0.00513058670179543
0.083005328179996,1.00867425853989,2073.41170585293,0.00861102445553288
0.0921448447324734,1.00577451078852,2069.05952976488,0.00871013464573985
0.0849506793583168,1.00577451078852,2072.3611805903,0.00244360482820017
0.097289277389149,1.00288309926358,2066.95847923962,0.00551520808439952
0.078662825338463,3.79223047250718,2093.07153576788,0.00936303691290783
0.0654694975782952,1.00577451078852,2084.96748374187,0.00168786809591321
0.0701328522489059,1.59882507273807,2088.11905952976,0.00666105916843191
0.0939279914142986,1.00577451078852,2068.30915457729,0.0114649442442698
0.0958073229565274,1.00288309926358,2067.55877938969,0.00518232354890523
0.0862714379717141,1.95017021036364,2079.71485742871,0.0110234086325584
0.0866687515587967,1.12853005133194,2072.81140570285,0.0102100466631098
0.0609138592492537,1.00288309926358,2089.01950975488,0.00371599679289955
0.0837355143117647,1.00288309926358,2072.96148074037,0.0045717679178693
0.0841757231162537,2.26510726072284,2082.71635817909,0.010605828456173
0.0860783331066051,1.00288309926358,2071.76088044022,0.00226926626961025
0.091361797826355,1.00288309926358,2069.35967983992,0.00836226109150859
0.0981150730451228,1.00288309926358,2066.65832916458,0.0121429903409131
0.0602926504473386,1.00288309926358,2089.61980990495,0.00419801509924009
0.0887917796713139,1.00867425853989,2070.56028014007,0.0102112971854133
0.0623715082894161,1.77853540743712,2097.12356178089,0.00521643362738691
0.0650443166819336,1.00288309926358,2085.26763381691,0.00406330105421795
0.0780568799755851,1.00577451078852,2076.11305652826,0.00355062746498548
0.0992648101287119,1.35295334494457,2069.35967983992,0.0146639761140828
0.0832054004712173,1.00577451078852,2073.26163081541,0.00211620203320056
0.0831297791828043,1.00288309926358,2073.26163081541,0.0052161510357001
0.0976983601284737,1.00288309926358,2066.8084042021,0.00954692303166915
0.0812783859658859,1.00867425853989,2074.31215607804,0.0053659422043775
0.0908854102887059,1.65026765861521,2075.21260630315,0.0123088560261872
0.0707502802663026,1.57597523020146,2087.36868434217,0.00679402101342235
0.0885876028367885,1.72806227717372,2077.01350675338,0.0115612901277993
0.0649128584313363,1.00577451078852,2085.41770885443,0.00525757563578329
0.0855790162616962,1.68386231169735,2078.21410705353,0.0106871030010435
0.0994803012436293,1.9841495077581,2073.26163081541,0.0159490238588905
0.0569598462630406,1.00867425853989,2093.2216108054,0.00355738657099107
0.0647858216261692,2.21353437928443,2098.17408704352,0.00573393902763544
0.0582709360097473,1.00577451078852,2091.72086043021,0.00214958570707936
0.0947583654464285,3.31230280598519,2080.91545772886,0.0149913209496497
0.0699951523105095,1.00288309926358,2081.36568284142,0.00217452891201119
0.0857991076570595,1.00288309926358,2071.91095547774,0.00838237357839253
0.0915016501547257,2.49085867387056,2079.5647823912,0.0132489760916883
0.0773055198124657,1.00577451078852,2076.56328164082,0.00502967311438281
0.0739017333852988,1.00288309926358,2078.66433216608,0.00298881413128155
0.0804100308502151,1.00577451078852,2074.7623811906,0.00299908825512667
0.0534164918375171,1.00288309926358,2097.27363681841,0.00110941524974329
0.0787800400942729,1.01449885892793,2075.81290645323,0.00266063709578749
0.0539691587192998,1.00577451078852,2096.67333666833,0.00309580710232232
0.0973338410624321,1.00288309926358,2066.95847923962,0.00849810651115612
0.0845305438693722,7.99329205722658,2097.57378689345,0.0116516672801208
0.0826200704033622,1.00577451078852,2073.56178089045,0.00707616226469094
0.0526634968067056,1.00577451078852,2098.32416208104,0.00226980631450051
0.0844358796817111,2.89311263070037,2085.56778389195,0.0109040641458051
0.0954803893310381,9.39167782086193,2091.5707853927,0.0162706133426856
0.0953759603023711,1.00288309926358,2067.70885442721,0.00726638159718026
0.0682638617296826,1.00577451078852,2082.71635817909,0.00103094740041393
0.0961268218897504,1.60343464412786,2072.51125562781,0.014023858539921
0.0675517188362957,1.83048275359669,2092.47123561781,0.0061948722102423
0.0997336613044324,1.00288309926358,2066.05802901451,0.0105847127838575
0.0555842677713864,1.00577451078852,2094.72236118059,0.00213739465677392
0.0644094820826113,1.00577451078852,2085.86793396698,0.00508830433183481
0.0890810908551834,1.65979714701382,2076.26313156578,0.0116669980102961
0.0932226397577406,5.19013667692469,2086.61830915458,0.0148544195737801
0.078571942863566,2.0598161414781,2085.26763381691,0.00885652967704501
0.0805895365234242,1.00288309926358,2074.61230615308,0.00266975347765462
0.0795763929528544,1.00577451078852,2075.21260630315,0.00795063453311767
0.0922278251260284,4.92802801770652,2086.61830915458,0.0144321785883758
0.0846823099695769,1.50070065992818,2077.31365682841,0.0102327046149516
0.086399275555733,1.00288309926358,2071.6108054027,0.0055766916412706
0.0927843222280026,2.38558227120577,2078.36418209105,0.0137050271570771
0.0954732248981379,1.92229906736858,2074.7623811906,0.0142177037293995
0.0817231412774502,1.00288309926358,2074.012006003,0.00366339833813266
0.0855859714753722,1.00577451078852,2072.06103051526,0.00376008825094353
0.0912042333996663,1.00867425853989,2069.50975487744,0.0105904214005452
0.0575563054454547,1.01158236655188,2092.62131065533,0.00121088741356319
0.0968946466941373,1.00288309926358,2067.10855427714,0.0113912625720829
0.0865220592002071,1.00577451078852,2071.6108054027,0.00692855013672636
0.0592844896691448,1.26262771749805,2094.72236118059,0.00451279183894687
0.08905226870482,1.00577451078852,2070.41020510255,0.00292610014324051
0.0986585304346115,1.00867425853989,2066.50825412706,0.0105690908323666
0.0906463657325829,1.20926262481036,2071.76088044022,0.0115005066104195
0.0782632892140469,1.01449885892793,2076.11305652826,0.00378370792200846
0.0945646149381783,1.5896456468007,2073.11155577789,0.0134318299654379
0.0576702947075375,1.00288309926358,2092.32116058029,0.00183092109003702
0.0725188370162866,1.00288309926358,2079.5647823912,0.00269478776737397
0.0832468796011276,1.00867425853989,2073.26163081541,0.0068002544535345
0.0904340758728645,1.00577451078852,2069.80990495248,0.00275705947423596
0.0791406038216099,1.00867425853989,2075.51275637819,0.00769419528075536
0.0517977362904231,1.00288309926358,2099.37468734367,0.00152581731892477
0.0958441645820252,1.00577451078852,2067.55877938969,0.00690359440410678
0.093237062376959,1.52684850782001,2073.26163081541,0.0128810913505534
0.0810633753318614,1.11240149892777,2075.66283141571,0.00868813742202337
0.0973361441933736,3.0557743442915,2078.66433216608,0.0160688219403443
0.0891023212234811,1.00577451078852,2070.41020510255,0.0069899882559231
0.0852706758412658,7.22711126890421,2095.77288644322,0.0119057694262947
0.0846580005858713,1.00577451078852,2072.51125562781,0.00256122589999422
0.0900277021732402,1.00288309926358,2069.95997999,0.00406740441639565
0.0961800616543847,1.00288309926358,2067.40870435218,0.0117068517621629
0.0922125697584678,1.00867425853989,2069.05952976488,0.00417039573204162
0.0993836305653309,1.00288309926358,2066.20810405203,0.00305624671915888
0.0862597079521683,1.00867425853989,2071.76088044022,0.00951564142081135
0.0705549150631747,2.23273514877728,2092.62131065533,0.00698650968034121
0.0811820830936054,1.00577451078852,2074.31215607804,0.00237630582659798
0.0548063804078167,1.00577451078852,2095.6228114057,0.00351583590579968
0.0748017455012321,1.00288309926358,2078.06403201601,0.00631261124704049
0.0862639238834535,1.00867425853989,2071.76088044022,0.00455363978167542
0.0893962404165975,1.00577451078852,2070.26013006503,0.0054189468247401
0.0858321472598825,1.00288309926358,2071.91095547774,0.00157349677452819
0.0829661269592308,1.00867425853989,2073.41170585293,0.00222103953757405
0.0782197137738394,2.96051892720402,2090.22011005503,0.00907515303529669
0.0961858244494641,3.0557743442915,2079.26463231616,0.015544746706455
0.0779894499575755,2.54156531687388,2088.4192096048,0.00889091272442029
0.0961859066828653,1.00288309926358,2067.40870435218,0.00695368478583309
0.0884679954463988,1.00867425853989,2070.71035517759,0.00853516772784346
0.0817686199891091,1.00577451078852,2074.012006003,0.00380641969445305
0.0808839850602274,2.44820179377353,2085.86793396698,0.00967353649237132
0.0724505824200833,2.10780755947618,2090.22011005503,0.00736244287151442
0.0832279307175983,1.00867425853989,2073.26163081541,0.00304945922042037
0.0748161235714523,1.00288309926358,2078.06403201601,0.0044230066652477
0.0954092382535757,1.00288309926358,2067.70885442721,0.00362557328012155
0.0878046524099725,1.00867425853989,2071.01050525263,0.00188384453752343
0.0772773330081453,1.00577451078852,2076.56328164082,0.00633291862784165
0.0950778898309216,1.47076025583445,2071.91095547774,0.0135202094734435
0.099402060926964,1.00577451078852,2066.20810405203,0.0059881198973271
0.078768634114162,1.00288309926358,2075.66283141571,0.00252024566450959
0.082430428165766,1.00867425853989,2073.71185592796,0.00453051803131016
0.0698948341630194,1.87313095952011,2090.67033516758,0.00671756619177961
0.0924248062619421,1.00288309926358,2068.90945472736,0.00143812869819382
0.0870368063109571,1.00288309926358,2071.31065532766,0.00463318895917486
0.078249175503487,1.00288309926358,2075.96298149075,0.0051589110877711
0.0811249345972005,1.00288309926358,2074.31215607804,0.0032132398446519
0.096223389695583,8.1325652583707,2089.61980990495,0.0164970888772288
0.0970178011943045,1.00577451078852,2067.10855427714,0.0104392552085733
0.0777294406412377,1.00288309926358,2076.26313156578,0.00595114898704114
0.0673671713435239,1.16819913201946,2085.71785892946,0.00583575755012794
0.0935175282091938,1.00288309926358,2068.45922961481,0.0115263137915937
0.0982542399731746,1.00867425853989,2066.65832916458,0.0124758182854776
0.0983072617541466,1.00867425853989,2066.65832916458,0.0108862303090085
0.0958910932317933,1.00867425853989,2067.55877938969,0.0062538159787838
0.0566035387258032,1.01158236655188,2093.67183591796,0.0018189357713906
0.0613737925268465,1.00288309926358,2088.56928464232,0.00176077276826611
0.0594385381043061,1.00577451078852,2090.52026013007,0.00168076502684049
0.0675784626940791,1.31077872056062,2087.36868434217,0.00595941652253747
0.0780697784129291,1.00577451078852,2076.11305652826,0.00179914416359249
0.0514917143609446,1.01158236655188,2099.97498749375,0.00271819309061814
0.0897145979904578,1.00577451078852,2070.11005502751,0.00563276842638094
0.0790570324811784,1.00577451078852,2075.51275637819,0.00115101059821681
0.0801481948552022,1.00577451078852,2074.91245622811,0.00182619597115265
0.093653920873945,1.00867425853989,2068.45922961481,0.00837712645221459
0.0894225951910263,1.00577451078852,2070.26013006503,0.0053779881882848
0.0933085656231608,1.00867425853989,2068.60930465233,0.0101997054261827
0.0596875115035673,1.00288309926358,2090.22011005503,0.00123291349112959
0.0700438675814095,1.00577451078852,2081.36568284142,0.0044213518397384
0.0901093865593526,1.00577451078852,2069.95997999,0.00137435250017755
0.0765899843799599,1.00867425853989,2077.01350675338,0.00182503010523864
0.0918304765803905,1.00577451078852,2069.2096048024,0.00231690157146552
0.0886390036816608,1.00288309926358,2070.56028014007,0.00516103623712247
0.0674696423837061,2.012917411563,2093.971985993,0.00624125825499402
0.0993669326224621,1.00288309926358,2066.20810405203,0.00269970446397888
0.0588114413972397,1.00288309926358,2091.12056028014,0.0012041690905275
0.0823960084310321,1.00867425853989,2073.71185592796,0.00287534795249131
0.0763679232834556,1.00867425853989,2077.1635817909,0.00400689334785568
0.0962021522295255,1.00577451078852,2067.40870435218,0.00798410719088581
0.0607344272115823,1.00288309926358,2089.1695847924,0.00161824998891562
0.0528349499039586,1.00288309926358,2098.024012006,0.00269862961935168
0.079626081159641,1.00577451078852,2075.21260630315,0.00389867825462092
0.0556730732487799,1.00288309926358,2094.57228614307,0.00204710974730666
0.0990923475606376,1.00867425853989,2066.35817908954,0.00188867619142944
0.0872124664051183,1.00867425853989,2071.31065532766,0.00373575484639761
0.0530609872756077,1.00288309926358,2097.72386193097,0.00197452000117442
0.0803057714112664,1.00288309926358,2074.7623811906,0.0042751479499459
0.0875531930772668,1.00867425853989,2071.16058029014,0.00779571134447842
0.0659873414982757,1.00577451078852,2084.51725862931,0.00455001168588158
0.0641909553653048,1.00288309926358,2086.0180090045,0.00288030310490563
0.0999611287738992,1.00867425853989,2066.05802901451,0.00880565231354682
0.0752765510718383,1.00288309926358,2077.76388194097,0.00335317564434188
0.0773303113129528,1.00867425853989,2076.56328164082,0.00193641600055688
0.0794582031208364,1.34518555643637,2079.11455727864,0.00858484016338044
0.0847009084180278,1.00867425853989,2072.51125562781,0.00636802995744968
0.0935270319401786,1.00288309926358,2068.45922961481,0.00618168251081058
0.0870289207566548,2.51246502599404,2082.26613306653,0.0116181393543607
0.089373125312637,1.00577451078852,2070.26013006503,0.00247433971059676
0.0623556163102244,1.00577451078852,2087.66883441721,0.00239971418679369
0.0943624842689411,1.00577451078852,2068.15907953977,0.00900879932416071
0.0865041188473406,1.00577451078852,2071.6108054027,0.00609326246007197
0.0616721848105886,1.00288309926358,2088.26913456728,0.00280430730250932
0.0690140632522321,1.00577451078852,2082.11605802901,0.00221670695403688
0.0868004415544642,1.00577451078852,2071.46073036518,0.00746414595043449
0.0740870972406132,1.00288309926358,2078.51425712856,0.00628153490388474
0.0896480969857387,1.00288309926358,2070.11005502751,0.00631906520173803
0.0946652778380167,1.00288309926358,2068.00900450225,0.00817055010069849
0.0857753382639241,1.08394875824941,2072.81140570285,0.00984692560113698
0.0883632830502483,1.00288309926358,2070.71035517759,0.00131284559148059
0.0958537372524442,1.00577451078852,2067.55877938969,0.00768178714590213
0.0843815775398147,1.00577451078852,2072.66133066533,0.00491769745710438
0.0867706512268814,1.00288309926358,2071.46073036518,0.00570547981440285
0.0994825865744621,1.295770630155,2068.75937968984,0.0146544197081888
0.0855582170998878,1.00577451078852,2072.06103051526,0.00783953667902378
0.0854913859647134,1.00288309926358,2072.06103051526,0.00114628304739773
0.0994201872675983,1.00577451078852,2066.20810405203,0.0092700738562622
0.0969080257248826,1.00288309926358,2067.10855427714,0.0010844386119737
0.0925907894814855,1.00867425853989,2068.90945472736,0.00925692126661296
0.0977768885025066,1.00577451078852,2066.8084042021,0.00812562900300185
0.0553942920737012,1.00288309926358,2094.87243621811,0.00278232206559165
0.0700506900840445,1.00577451078852,2081.36568284142,0.0037192193125574
0.0960853165689308,1.59882507273807,2072.51125562781,0.0139741013423133
0.0940085988105219,1.00867425853989,2068.30915457729,0.00581648134677045
0.0845755447502176,1.00288309926358,2072.51125562781,0.0010891210090511
0.0777684470193146,1.00577451078852,2076.26313156578,0.00617652699867148
0.0752575261444334,1.00288309926358,2077.76388194097,0.00672470558380435
0.0955931527071328,3.13598584352336,2079.86493246623,0.0152995920372922
0.076543305791006,1.00577451078852,2077.01350675338,0.00177803009552837
0.0990746536819874,3.33142973427318,2078.8144072036,0.0168550193575217
0.0684076710602238,1.00288309926358,2082.56628314157,0.00320528372708866
0.0892488244032725,1.54453302690677,2075.36268134067,0.0115605810660204
0.0852554884120517,1.00577451078852,2072.21110555278,0.00397352944070718
0.0824227685808571,1.00867425853989,2073.71185592796,0.00540041740027272
0.0835353424147461,1.00867425853989,2073.11155577789,0.00874091521988529
0.0914276573321893,1.00577451078852,2069.35967983992,0.00292191491499071
0.0758745434660053,2.09570588324384,2087.36868434217,0.00822165365291665
0.0938971650474138,1.00288309926358,2068.30915457729,0.00181892714511294
0.0902594223222978,1.09966477838038,2070.86043021511,0.0111034749227605
0.0550022395176728,1.00867425853989,2095.47273636818,0.00203530040337146
0.0966832224423628,1.00867425853989,2067.25862931466,0.00376318694371488
0.0594584899017624,1.00577451078852,2090.52026013007,0.00365428045232496
0.0947918608578193,1.00867425853989,2068.00900450225,0.00737328034739834
0.0980936409064094,1.00288309926358,2066.65832916458,0.0103890628913984
0.0915446832656356,1.65979714701382,2074.91245622811,0.0125850004435811
0.069435170509393,1.00577451078852,2081.81590795398,0.00238619615480254
0.0645591478524908,1.00577451078852,2085.71785892946,0.00131828336615409
0.090821333679842,1.00867425853989,2069.65982991496,0.00417110296457263
0.083007888569132,1.00867425853989,2073.41170585293,0.00758524260334553
0.0999205105839624,1.00867425853989,2066.05802901451,0.0132198979817168
0.0979040303253741,1.00867425853989,2066.8084042021,0.00604767638971009
0.0738544022369429,1.00288309926358,2078.66433216608,0.00397159497480849
0.0951784018638501,1.17833239331668,2069.50975487744,0.0128131837162331
0.096157821069196,1.00288309926358,2067.40870435218,0.00232658462603496
0.0949010475053212,1.11240149892777,2069.05952976488,0.01247331428762
0.0852897148925528,1.00577451078852,2072.21110555278,0.00780723471409045
0.0859640020932432,1.00867425853989,2071.91095547774,0.00436259587071916
0.0844015878748721,1.00867425853989,2072.66133066533,0.0086330413004957
0.0891318625235692,1.00867425853989,2070.41020510255,0.00526356930149301
0.0906583755837476,1.72806227717372,2075.81290645323,0.0123622554491056
0.0849463197452373,1.00577451078852,2072.3611805903,0.00772524583025331
0.0932972442765325,1.00867425853989,2068.60930465233,0.00315053066013958
0.098648382850491,2.50524216415549,2075.96298149075,0.0162704173716634
0.0807379752803683,1.00867425853989,2074.61230615308,0.0055757185746905
0.0999287933421184,1.00867425853989,2066.05802901451,0.0108979037209658
0.0748162428512973,1.00288309926358,2078.06403201601,0.00506020318732038
0.0904964424580028,1.00867425853989,2069.80990495248,0.00381705318998418
0.0858340920921238,1.00288309926358,2071.91095547774,0.00505658669373868
0.0885007532311958,1.00867425853989,2070.71035517759,0.00776355993509321
0.0835489486425405,1.00867425853989,2073.11155577789,0.00730760091341059
0.0930252719980334,1.46653209822205,2072.81140570285,0.012798717456738
0.0846560967042698,1.00577451078852,2072.51125562781,0.00617415458259842
0.0587018309470721,1.00577451078852,2091.27063531766,0.00280275944293224
0.0899967665576038,1.47500060364494,2074.31215607804,0.0118213891191005
0.0954262775421551,1.32978351631576,2070.71035517759,0.0132990628954754
0.0668793062802301,1.00288309926358,2083.76688344172,0.00534748949360434
0.0630395541316249,1.00577451078852,2087.06853426713,0.00133035196673599
0.0965792219753701,1.00288309926358,2067.25862931466,0.00729291099747352
0.0800273923674369,1.01158236655188,2075.06253126563,0.0012702083541373
0.0980079246833099,2.67674439360146,2077.01350675338,0.0160406476219046
0.0625221564851536,1.00577451078852,2087.51875937969,0.00132545545951021
0.0822672923743501,1.00288309926358,2073.71185592796,0.0040647354335809
0.0939742605503852,1.00577451078852,2068.30915457729,0.0075314228677971
0.0820859807614268,1.00867425853989,2073.86193096548,0.00455574765108544
0.0896164330713506,2.83539228475476,2082.11605802901,0.0126896802064016
0.0872245636428435,1.00867425853989,2071.31065532766,0.00685861891327662
0.0830071262712154,5.48194575365476,2094.27213606803,0.0109204420728865
0.0833802809602312,1.00288309926358,2073.11155577789,0.00881297581292704
0.0799302831866629,1.00867425853989,2075.06253126563,0.00501231372709658
0.0993980287743337,1.00577451078852,2066.20810405203,0.0134848982138278
0.0738917107267411,1.21274904899342,2081.36568284142,0.00715125082424175
0.0947394737624751,2.54889290196729,2078.06403201601,0.0146181790172847
0.0816594264951687,1.81474121907939,2081.51575787894,0.00961538155024095
0.0789730905508188,1.01158236655188,2075.66283141571,0.00248630795934437
0.0856219344220384,1.00867425853989,2072.06103051526,0.00484837270124345
0.0864413095883864,1.00288309926358,2071.6108054027,0.00777392263742658
0.069237815809335,1.00577451078852,2081.9659829915,0.0019595333510392
0.0908060990102925,1.00867425853989,2069.65982991496,0.0031347135407627
0.0603526103858284,1.00577451078852,2089.61980990495,0.00364445976625418
0.0983299923624903,1.00867425853989,2066.65832916458,0.00579518141290214
0.076139515028319,1.00867425853989,2077.31365682841,0.00512926148721679
0.0924285128225748,1.00288309926358,2068.90945472736,0.00749566548640379
0.0957612433571867,1.00288309926358,2067.55877938969,0.00453876645650074
0.0752750647534348,1.00288309926358,2077.76388194097,0.00501083941111381
0.0817751283346297,1.00577451078852,2074.012006003,0.00265660782164755
0.0970703506713057,2.11997911696849,2075.06253126563,0.0150813246024337
0.0997787854750398,3.49853297367273,2078.96448224112,0.0172811661590437
0.0819686923653948,1.00288309926358,2073.86193096548,0.00243411628731001
0.0772443788365894,1.00288309926358,2076.56328164082,0.00684580996570662
0.0925799492595352,2.21991621862324,2077.76388194097,0.0133991253794237
0.0978619632680837,2.87650223749675,2077.76388194097,0.0162127186884191
0.0855756077006156,3.26496454563336,2086.16808404202,0.0114842927327478
0.0966670596127821,3.49853297367273,2080.46523261631,0.0159420414252663
0.09190642031771,1.00867425853989,2069.2096048024,0.00368413751881948
0.0822397384948611,1.57144459943409,2079.41470735368,0.00953751439786974
0.0557786990951493,1.00288309926358,2094.42221110555,0.0030669629387252
0.0682814204368088,1.7683242002651,2091.27063531766,0.00632565748680684
0.0877160139518143,1.00288309926358,2071.01050525263,0.00821037059806571
0.0947565293604698,1.00867425853989,2068.00900450225,0.00101046748634477
0.0712679292747011,1.00288309926358,2080.46523261631,0.00119445400374126
0.0555446688850213,1.00288309926358,2094.72236118059,0.00223112185326676
0.0974694911326814,1.00867425853989,2066.95847923962,0.00537456284020933
0.0906821120651301,1.00288309926358,2069.65982991496,0.00528927888406248
0.0862870264903592,1.00867425853989,2071.76088044022,0.00511263355761473
0.0645697078057868,1.00577451078852,2085.71785892946,0.00499368871746138
0.0841680106366577,1.00867425853989,2072.81140570285,0.00842222728529197
0.0648998895509311,1.50070065992818,2091.87093546773,0.00556178793729596
0.081228582257494,2.0598161414781,2083.46673336668,0.00959421238013283
0.0869860229794777,1.1028352210931,2072.3611805903,0.0102535865460343
0.0771435307693255,2.80292774815717,2090.37018509255,0.00872072822137485
0.0933410729097362,1.00867425853989,2068.60930465233,0.00366763342580817
0.0986643471512476,2.18189932872234,2074.61230615308,0.0158435583401111
0.0812042369831463,4.73335188912938,2093.82191095548,0.0102920774732349
0.0775445060878246,1.00577451078852,2076.4132066033,0.00432372014561665
0.0807516054072207,1.00867425853989,2074.61230615308,0.00501539705168082
0.0864395133416017,1.00288309926358,2071.6108054027,0.00157471815268264
0.0822503386304581,1.00288309926358,2073.71185592796,0.00517329965271975
0.0949900351042961,1.00288309926358,2067.85892946473,0.00442817955574179
0.074581954012106,1.00288309926358,2078.21410705353,0.00320409812784342
0.0945906323340851,1.00288309926358,2068.00900450225,0.00414756683835459
0.0935951573495991,1.26262771749805,2071.01050525263,0.0124626715218787
0.0838416191095167,1.00867425853989,2072.96148074037,0.00609840476771874
0.0791124485464598,1.00867425853989,2075.51275637819,0.00132845638032864
0.0590003142930005,1.00577451078852,2090.97048524262,0.00123753082213325
0.0528387335178837,1.00288309926358,2098.024012006,0.00102846273289201
0.0848867212110155,1.00288309926358,2072.3611805903,0.00742959763776607
0.0996995940976395,2.90145376159538,2077.01350675338,0.0170183610539724
0.092534486105254,4.73335188912938,2086.0180090045,0.0144934338193846
0.0518325713152936,1.01158236655188,2099.52476238119,0.00201636258187365
0.0782388219850365,1.00288309926358,2075.96298149075,0.00600169482955977
0.0966695208920569,1.00867425853989,2067.25862931466,0.00325636170545238
0.0895504448235056,1.15815301335288,2071.76088044022,0.0110625214183487
0.0993655145078988,3.33142973427318,2078.66433216608,0.0170004229031399
0.0681286052739253,1.87853138201008,2092.32116058029,0.00633172217771262
0.0862069168237145,1.00577451078852,2071.76088044022,0.00673462490292735
0.0989381161241934,1.00288309926358,2066.35817908954,0.0123975541179124
0.0993534152823056,1.95017021036364,2073.11155577789,0.0158787623434887
0.0653966209520005,1.00288309926358,2084.96748374187,0.00205334813543919
0.0858376869509331,1.00288309926358,2071.91095547774,0.00264392312708086
0.0519120139567299,1.00288309926358,2099.22461230615,0.00140482266217596
0.0998783492410909,13.6154972999402,2092.62131065533,0.0186933528446283
0.0866023084751056,1.00867425853989,2071.6108054027,0.00367766019382607
0.0778291112525693,1.00867425853989,2076.26313156578,0.00368574132343855
0.0946545948906408,2.39935784176774,2077.46373186593,0.014463336074089
0.0986453297645934,1.00577451078852,2066.50825412706,0.00805149440833946
0.0823245123698038,1.00577451078852,2073.71185592796,0.00512878332707543
0.0757877265414806,1.00577451078852,2077.46373186593,0.00381055786015737
0.0847598091076121,1.00867425853989,2072.51125562781,0.00118174202960783
0.0931308250266561,1.00288309926358,2068.60930465233,0.00577224432765182
0.0908478212881967,1.00867425853989,2069.65982991496,0.00698691020061329
0.0803991632505616,1.00577451078852,2074.7623811906,0.00521302846089046
0.0620537329115192,1.00577451078852,2087.96898449225,0.00305067433045749
0.0827050254769873,1.00867425853989,2073.56178089045,0.0044028922703624
0.0916222824379021,5.01389279437678,2087.21860930465,0.0141462784543777
0.0621745572832799,1.00288309926358,2087.81890945473,0.00395268525441686
0.0903475058829537,1.00288309926358,2069.80990495248,0.00700368374101483
0.0927912730323769,1.00288309926358,2068.75937968984,0.00728449285102014
0.0928790692779036,1.00577451078852,2068.75937968984,0.00594797056550628
0.0997398063356041,1.00288309926358,2066.05802901451,0.0132746268521227
0.0963292173508157,1.00867425853989,2067.40870435218,0.0106542678708283
0.0921173663155696,1.00288309926358,2069.05952976488,0.00363440741697431
0.0867092811104807,1.00288309926358,2071.46073036518,0.00724907220967441
0.0559357021064516,1.00288309926358,2094.27213606803,0.00276511554929991
0.0867748990247294,1.00577451078852,2071.46073036518,0.00400739988057362
0.0893582056999093,1.00288309926358,2070.26013006503,0.0101397192713635
0.0959509337070881,1.00867425853989,2067.55877938969,0.00869125841741259
0.0972851893956711,1.00288309926358,2066.95847923962,0.00635354098238242
0.0539079468992223,1.00288309926358,2096.67333666833,0.00157478786607155
0.0915629239931414,1.41265954868704,2073.11155577789,0.0121847642075959
0.0945639968401266,1.64552345116496,2073.41170585293,0.0135983116369964
0.0825961237340753,1.00577451078852,2073.56178089045,0.00196533375912189
0.0921776266766527,1.60805750536954,2074.31215607804,0.0126688222098932
0.0782771131146926,1.00577451078852,2075.96298149075,0.0020550175110101
0.0542858330319473,1.00288309926358,2096.22311155578,0.0035817025350445
0.0899675098708144,1.00288309926358,2069.95997999,0.00246953616789179
0.0728008210144449,2.1944987299355,2090.52026013007,0.00745973395265993
0.0932976094060152,1.00867425853989,2068.60930465233,0.00187588448050116
0.0988202835384911,2.57841511385935,2076.26313156578,0.0162963003647413
0.0793487077548445,1.97844545312916,2084.21710855428,0.00901959580384377
0.059517246639616,1.00288309926358,2090.37018509255,0.00151336571088688
0.0998929060411038,1.00867425853989,2066.05802901451,0.00911728362929503
0.0978681874151754,1.00867425853989,2066.8084042021,0.00279478627502993
0.0932984175781992,1.00867425853989,2068.60930465233,0.00854252594390001
0.093959498604575,1.00577451078852,2068.30915457729,0.0113366214680469
0.0826770522916285,1.00867425853989,2073.56178089045,0.00536925424980586
0.097771904156161,1.00577451078852,2066.8084042021,0.00736613229290866
0.0793521589834246,1.37652687910296,2079.41470735368,0.00862987855163811
0.0944090630777237,1.00867425853989,2068.15907953977,0.010815018233198
0.0894228901731449,2.33126636583218,2079.86493246623,0.0124805399267452
0.0889198785476823,4.00544398533237,2086.46823411706,0.0128012664510778
0.0694439881742226,1.00577451078852,2081.81590795398,0.0048951011699753
0.0656000562973075,1.01158236655188,2084.81740870435,0.00542405016006624
0.0949990788882221,1.00288309926358,2067.85892946473,0.00842718280089541
0.0709271234436547,1.56242237457588,2087.21860930465,0.00677670401710921
0.0913385227175044,2.43414579263315,2079.41470735368,0.0131315571421106
0.0897116771301278,2.54889290196729,2080.76538269135,0.0126677717675506
0.0744759654894191,1.31834782642385,2082.11605802901,0.00738587913992015
0.0601103219372993,1.017423759841,2090.07003501751,0.00245252848008994
0.0929557901081895,1.00867425853989,2068.75937968984,0.00675775864166992
0.062860067519259,1.00577451078852,2087.21860930465,0.00413481043920641
0.0823269578882916,3.08228092099346,2087.66883441721,0.0103657809432168
0.0991280958595384,1.5896456468007,2071.01050525263,0.0152660289729843
0.0622127800227959,1.00577451078852,2087.81890945473,0.00290707282785324
0.0622054701832455,1.20231981606127,2090.8204102051,0.004960988019351
0.0589936402465,1.00577451078852,2090.97048524262,0.00260168855602383
0.0955728880992354,1.00867425853989,2067.70885442721,0.00931445984196785
0.0947161470148564,1.00577451078852,2068.00900450225,0.0092910816091129
0.0962153683220086,1.00577451078852,2067.40870435218,0.00992476117410046
0.0954001982494381,1.00288309926358,2067.70885442721,0.0101058541607237
0.0970349063066713,1.00577451078852,2067.10855427714,0.00631605118780498
0.0889962386345459,1.00288309926358,2070.41020510255,0.00884292394518292
0.0984947712210828,1.40859841962076,2070.11005502751,0.0145066471316122
0.0815635892091473,1.15150364314254,2075.81290645323,0.00888170965365673
0.0806846450442612,1.00577451078852,2074.61230615308,0.0027024891314658
0.0995328967164187,1.00867425853989,2066.20810405203,0.00811529262132249
0.0940870606180336,1.56242237457588,2073.11155577789,0.0132480445513519
0.0598701668624977,1.00577451078852,2090.07003501751,0.00374480094821005
0.0552547802859889,1.00867425853989,2095.17258629315,0.00320238167805759
0.0890003387848287,2.10780755947618,2078.96448224112,0.0121520603088238
0.0916607515365941,1.98987000774274,2077.01350675338,0.0128855694232744
0.0772441400030319,1.60343464412786,2082.86643321661,0.00826350482049028
0.0798550598724435,1.00577451078852,2075.06253126563,0.00424680025921946
0.0616677487778852,1.60805750536954,2096.22311155578,0.00503964549960207
0.0914718481237971,1.00577451078852,2069.35967983992,0.00400919376714027
0.0728208751616872,1.00577451078852,2079.41470735368,0.00142764693083453
0.0861543603830941,1.00577451078852,2071.76088044022,0.00802896578885302
0.0905814440711186,2.41321295951054,2079.71485742871,0.0128535738329611
0.0650855416923879,1.00577451078852,2085.26763381691,0.00355626668950013
0.0528475328590177,1.00288309926358,2098.024012006,0.00252459297621814
0.0859858067472641,1.00867425853989,2071.91095547774,0.00647681180337611
0.0832098435119382,1.00577451078852,2073.26163081541,0.00456244968521418
0.0746284796795829,1.00577451078852,2078.21410705353,0.0014137999962348
0.0946532837472679,4.44285270778494,2084.06703351676,0.0153799128502074
0.0989111511570988,1.00288309926358,2066.35817908954,0.00779189572783867
0.0965369919257283,1.90028922105573,2074.16208104052,0.0145754290249528
0.0774599635940467,1.00288309926358,2076.4132066033,0.00366913726010144
0.0985898322176285,1.00577451078852,2066.50825412706,0.00286795128516025
0.098652340456746,1.00577451078852,2066.50825412706,0.0074895585404553
0.0609440555538441,1.00577451078852,2089.01950975488,0.00259004455187777
0.0765048220754697,1.00288309926358,2077.01350675338,0.00244937467634743
0.081011932617078,1.00867425853989,2074.46223111556,0.00204073863531274
0.0932994488765467,1.00867425853989,2068.60930465233,0.00885663331101211
0.0853512753680094,1.00867425853989,2072.21110555278,0.00278769006282607
0.0750913361632442,1.00577451078852,2077.91395697849,0.00404233906768463
0.0887222860449483,1.00577451078852,2070.56028014007,0.00685292102600989
0.08715207358184,1.00577451078852,2071.31065532766,0.00131959753114879
0.0933051028237961,1.00867425853989,2068.60930465233,0.00188907317152403
0.0927195620546971,2.4062754285944,2078.51425712856,0.0136770931390318
0.088060013214063,1.00577451078852,2070.86043021511,0.0096958403372417
0.0774452848658525,1.01158236655188,2076.56328164082,0.00351987631674817
0.0741760916731869,1.00577451078852,2078.51425712856,0.00304818864093398
0.0892044001106012,1.7683242002651,2076.86343171586,0.0118866129224427
0.0914064493718003,1.00288309926358,2069.35967983992,0.00619925547257992
0.0879848277532095,1.00288309926358,2070.86043021511,0.0097909502659856
0.0804860650056605,1.00867425853989,2074.7623811906,0.00672748200190752
0.099740356806423,1.00288309926358,2066.05802901451,0.00153551081461503
0.0768746701134545,1.16819913201946,2078.8144072036,0.00778952386957828
0.0768425827567806,3.0557743442915,2091.72086043021,0.00871567890453752
0.0904810640184666,1.8570226648111,2076.71335667834,0.0124539111759562
0.0594609675049981,1.00577451078852,2090.52026013007,0.00364780154355778
0.0999541630186829,1.00867425853989,2066.05802901451,0.00636928619065943
0.0975242197552477,1.00867425853989,2066.95847923962,0.0111501880104437
0.0618059016862995,1.04112859832463,2088.71935967984,0.00481005580281598
0.0931447191358101,1.00288309926358,2068.60930465233,0.00337717818096324
0.0947501053252672,1.24100474879353,2070.26013006503,0.012832599077824
0.0982799285011154,1.00867425853989,2066.65832916458,0.00278251564390496
0.0636332850315676,1.00288309926358,2086.46823411706,0.00338025715026539
0.0853500128337694,1.00867425853989,2072.21110555278,0.00701076664492027
0.0959364710372086,1.00867425853989,2067.55877938969,0.00347840737853361
0.0976828519042065,1.00288309926358,2066.8084042021,0.0101872727963177
0.0842994626259424,1.00288309926358,2072.66133066533,0.00566386793212929
0.0771287694327613,1.00867425853989,2076.71335667834,0.00694877718897764
0.0947895925961971,1.00867425853989,2068.00900450225,0.00782773986288371
0.0873511447415319,1.00288309926358,2071.16058029014,0.00541406271145208
0.0530564133985256,1.00867425853989,2097.87393696848,0.00323078192079266
0.0796578545945887,1.00867425853989,2075.21260630315,0.00359826794006292
0.0822470428576593,1.00288309926358,2073.71185592796,0.00778595078400391
0.0761224990549158,1.00867425853989,2077.31365682841,0.00222368276602274
0.090415127578591,1.00577451078852,2069.80990495248,0.00775690578494996
0.0880151744642377,1.00288309926358,2070.86043021511,0.00879139257308523
0.0752590186910092,1.00288309926358,2077.76388194097,0.0017904669392905
0.0944139753517656,1.00867425853989,2068.15907953977,0.00853832709298912
0.0867651953129305,1.13178371549186,2072.81140570285,0.0102352144678343
0.0812619530730996,1.00867425853989,2074.31215607804,0.00353142010572421
0.0758461695281576,1.00577451078852,2077.46373186593,0.00458148390420842
0.0798200450888208,1.12853005133194,2076.56328164082,0.00841546633481588
0.097355733506972,1.75311720834914,2072.81140570285,0.0148532080019704
0.0875367610713328,1.00867425853989,2071.16058029014,0.0082657301597472
0.0789990963522725,1.00288309926358,2075.51275637819,0.00779953912073973
0.0822247385868362,1.13178371549186,2075.21260630315,0.00902022679320163
0.0935575211732749,1.13831921276723,2069.80990495248,0.0121862328995815
0.0777870878925577,1.00577451078852,2076.26313156578,0.00769902613501289
0.0631720997678292,1.00288309926358,2086.91845922961,0.00348837562943716
0.0995418588678743,1.00867425853989,2066.20810405203,0.0102395102473515
0.0969853908099788,1.00577451078852,2067.10855427714,0.00774112663818141
0.064912111352661,1.00577451078852,2085.41770885443,0.00210844024285568
0.0993832039973432,1.00288309926358,2066.20810405203,0.00804076065407967
0.0942833032977955,1.00288309926358,2068.15907953977,0.00977474401324433
0.0693664805630898,1.00288309926358,2081.81590795398,0.00386708311746563
0.0985222628187293,1.00288309926358,2066.50825412706,0.00350041011943161
0.0897596893265966,1.00577451078852,2070.11005502751,0.00554299090927289
0.0884252029593448,1.00577451078852,2070.71035517759,0.00603328758329232
0.0894936201507313,1.39648494813358,2074.012006003,0.0114707231150004
0.0530448560785956,1.00867425853989,2097.87393696848,0.00307813498562621
0.0963532364541461,1.00867425853989,2067.40870435218,0.0109084272683258
0.0840836717653485,1.00577451078852,2072.81140570285,0.00450724713282223
0.0761318228404256,1.00867425853989,2077.31365682841,0.00473479150378798
0.0907404136428761,1.00577451078852,2069.65982991496,0.0010836234498991
0.0910220525924519,1.00288309926358,2069.50975487744,0.0105702615651282
0.0997312571267285,1.00288309926358,2066.05802901451,0.0134416776426006
0.0854672087716981,1.00288309926358,2072.06103051526,0.00341889230715579
0.0647382997786073,1.00577451078852,2085.56778389195,0.00181518883878293
0.0858309639174147,1.00288309926358,2071.91095547774,0.00151236474706085
0.0975971682362865,4.3416960341386,2082.26613306653,0.0166105038338969
0.0745638269670598,1.00288309926358,2078.21410705353,0.00280952720735573
0.0910458811212819,1.00288309926358,2069.50975487744,0.00876059461878757
0.0829745594150034,1.00867425853989,2073.41170585293,0.0019984422096654
0.0984967944266892,1.00288309926358,2066.50825412706,0.00673970003690571
0.0848763051052262,1.00288309926358,2072.3611805903,0.00595424865323991
0.0741795410323494,1.00577451078852,2078.51425712856,0.00612006528681311
0.0970211820448368,1.00577451078852,2067.10855427714,0.0107549850559699
0.0645937282409639,1.00577451078852,2085.71785892946,0.004259876244346
0.0941697052360326,3.38947576589033,2081.51575787894,0.0147296273713789
0.0881288817992537,1.00867425853989,2070.86043021511,0.00643646437132902
0.0928296160636435,1.00288309926358,2068.75937968984,0.00456458969523913
0.0907799728528161,1.15482354244809,2071.16058029014,0.0114163457607892
0.0881730566266254,1.14160110005127,2072.21110555278,0.0106555595039399
0.0964378572364116,2.1944987299355,2075.66283141571,0.0149729408241228
0.0946271050323935,1.00288309926358,2068.00900450225,0.0093066175496392
0.0787470196353908,1.00288309926358,2075.66283141571,0.00549087353464512
0.0915628921559386,1.00867425853989,2069.35967983992,0.00740191587780342
0.0924878319526032,1.61734325078285,2074.16208104052,0.0128532948172275
0.0797995319510265,1.00288309926358,2075.06253126563,0.00717021888186038
0.0820286670244157,1.00577451078852,2073.86193096548,0.00713489097880348
0.0901753489236905,1.00867425853989,2069.95997999,0.00429487109010195
0.099347229160383,1.00288309926358,2066.20810405203,0.00279993828829466
0.0921505140466546,2.4062754285944,2078.8144072036,0.0134557598195692
0.0908732333798166,1.00867425853989,2069.65982991496,0.00132773813628157
0.0912818817167846,5.23515726431772,2087.96898449225,0.0139701022819852
0.0823006950793647,1.00577451078852,2073.71185592796,0.00786332779852129
0.07435968441688,1.00288309926358,2078.36418209105,0.00440637258705889
0.0582551755817866,1.00288309926358,2091.72086043021,0.00195958493221631
0.0894135279612253,1.00577451078852,2070.26013006503,0.00115651725286986
0.0858960956416686,1.00577451078852,2071.91095547774,0.0055123931097172
0.0889097047416245,4.36676720472819,2087.36868434217,0.0129673728767879
0.0998201718728863,1.00577451078852,2066.05802901451,0.0134040617343837
0.0585211835496811,1.00288309926358,2091.42071035518,0.0017688070899035
0.0986395697144559,1.00577451078852,2066.50825412706,0.00629352397126682
0.0822365137429847,1.00288309926358,2073.71185592796,0.00192641248472635
0.0585071552343131,1.00288309926358,2091.42071035518,0.00176600547571944
0.0969824647612604,1.00577451078852,2067.10855427714,0.00186674058348858
0.0899818696816058,1.65026765861521,2075.66283141571,0.0120090018464187
0.091363866798155,1.00288309926358,2069.35967983992,0.00248739538372781
0.0947424517851205,1.00577451078852,2068.00900450225,0.00525583214793442
0.0933238725410165,1.00867425853989,2068.60930465233,0.00309025991469011
0.0948119936387593,1.00867425853989,2068.00900450225,0.00734006837673947
0.0893397316759066,2.26510726072284,2079.71485742871,0.012293421439016
0.0575115096974462,1.00867425853989,2092.62131065533,0.00398354801151422
0.0877114200270964,1.00288309926358,2071.01050525263,0.00284910875030442
0.0891440359910471,1.00867425853989,2070.41020510255,0.00646931796715508
0.0944234445925217,1.00867425853989,2068.15907953977,0.00552167577979482
0.0859655940294238,1.00867425853989,2071.91095547774,0.00133697527004772
0.0847408571975089,6.38559396992509,2094.72236118059,0.011647243141004
0.0961187592647514,4.23064516672908,2082.71635817909,0.0159993125240099
0.0551967170319119,1.00577451078852,2095.17258629315,0.00365936229464383
0.062733231073627,1.00577451078852,2087.36868434217,0.00413579751601303
0.0585633213221303,1.00577451078852,2091.42071035518,0.00169602661183083
0.097006826564309,1.00577451078852,2067.10855427714,0.00483458511612306
0.0844568757947421,1.00867425853989,2072.66133066533,0.00328745556650306
0.0976832070611431,1.83576021707557,2073.26163081541,0.014971342533404
0.0814124607463968,1.00288309926358,2074.16208104052,0.00799287589104082
0.0694473529927024,1.00577451078852,2081.81590795398,0.00471166711732801
0.0974284658465516,1.00577451078852,2066.95847923962,0.00898886807621709
0.0901563469587128,1.60805750536954,2075.36268134067,0.011944929335658
0.0891515800731317,1.00867425853989,2070.41020510255,0.00801323144775453
0.0734320343401245,1.00288309926358,2078.96448224112,0.00223400613742991
0.057698993383301,1.01158236655188,2092.47123561781,0.00193096225728363
0.0760591180845285,1.00577451078852,2077.31365682841,0.002562510271499
0.0998620250868079,4.65229147967714,2081.81590795398,0.0177565100995466
0.0941285813856366,1.62200621191813,2073.41170585293,0.0134399824861023
0.0923739581957976,3.78132852701561,2083.6168084042,0.0142367163709127
0.0602857111320853,1.00288309926358,2089.61980990495,0.00196377064362094
0.0922359227227844,1.00867425853989,2069.05952976488,0.00767681964265052
0.0837702655371711,1.03217524340486,2073.26163081541,0.00919888412298404
0.080626120574056,1.00288309926358,2074.61230615308,0.005859317544742
0.0996173984163985,2.04210241714683,2073.41170585293,0.0161981376378166
0.079405000197047,1.00867425853989,2075.36268134067,0.00269648370144921
0.0860933303604545,1.00288309926358,2071.76088044022,0.00813595161030902
0.0777933628320657,1.00577451078852,2076.26313156578,0.00299590159067115
0.0519175343753886,1.00288309926358,2099.22461230615,0.00320706357920861
0.092447839220211,1.00288309926358,2068.90945472736,0.00949928815830573
0.0959681441458616,1.00867425853989,2067.55877938969,0.00523105613348655
0.0897739480344152,1.00577451078852,2070.11005502751,0.00282708690116576
0.0923561737965374,1.55793070570556,2073.86193096548,0.0126654955877883
0.0901003665110302,1.00577451078852,2069.95997999,0.0079344719753784
0.0620325417336681,1.00577451078852,2087.96898449225,0.00303053501531605
0.0988999822043066,1.00288309926358,2066.35817908954,0.0109816622439713
0.089984773009351,1.00288309926358,2069.95997999,0.00636365847760966
0.0782107605486649,1.00288309926358,2075.96298149075,0.00118936651738206
0.0655956042954631,1.00288309926358,2084.81740870435,0.00505267370985444
0.0938585972089583,1.57597523020146,2073.26163081541,0.0132402173753128
0.0809572430739192,1.00577451078852,2074.46223111556,0.0067490374143368
0.0756618984148546,1.15815301335288,2079.41470735368,0.00753651199736824
0.0998041888901789,1.09020803204812,2066.8084042021,0.0140814910331646
0.0924839559066141,1.00577451078852,2068.90945472736,0.00876763984555217
0.0993265910106875,1.00288309926358,2066.20810405203,0.00778853113448946
0.0919093548602366,1.08707389011608,2069.95997999,0.0115722777582293
0.0879835448253357,1.00288309926358,2070.86043021511,0.00552641598285939
0.0783468559102417,1.00867425853989,2075.96298149075,0.00147649289360119
0.0875155039758496,1.00867425853989,2071.16058029014,0.00815204337374158
0.0837081661959007,1.00288309926358,2072.96148074037,0.00660476358861927
0.0910259557686039,2.09570588324384,2077.91395697849,0.0127613742262276
0.0989209429594333,1.00288309926358,2066.35817908954,0.00451623616388651
0.0829514498569151,1.00867425853989,2073.41170585293,0.00753049309454381
0.0660150197237529,1.00577451078852,2084.51725862931,0.00328398942943636
0.085605099366795,1.00577451078852,2072.06103051526,0.00602394295327643
0.0995293701492948,1.00867425853989,2066.20810405203,0.00486286391130991
0.0885041938288485,1.00867425853989,2070.71035517759,0.0027859168214359
0.0763452348396101,1.00867425853989,2077.1635817909,0.00492275641753337
0.080491545631313,1.00867425853989,2074.7623811906,0.00459949501826012
0.0958911617877876,1.45811221351425,2071.46073036518,0.0137880442102701
0.0951434205500183,1.3490638599235,2071.01050525263,0.0132199848390491
0.0850137350180224,1.00867425853989,2072.3611805903,0.00868342573646108
0.0764716975772726,1.00288309926358,2077.01350675338,0.00527192226079579
0.0672198687422828,1.00288309926358,2083.46673336668,0.00291675084404102
0.0793697579275484,1.017423759841,2075.51275637819,0.00161448526787252
0.0866217989696022,1.02920793476607,2071.76088044022,0.0099404437461285
0.0937104179507469,2.18818996107018,2077.01350675338,0.013825044712082
0.089243777349272,2.60078095318014,2081.36568284142,0.0124166625663179
0.0880063744253467,1.00288309926358,2070.86043021511,0.00740277584342915
0.0939200758937679,1.00288309926358,2068.30915457729,0.00226908335687467
0.0825275535590519,2.85998721049474,2086.61830915458,0.0103556343043991
0.0943350385807042,2.76286929599819,2079.11455727864,0.014622695991471
0.094264658820936,1.34131840233837,2071.31065532766,0.0129269553402095
0.0957466994634096,1.00288309926358,2067.55877938969,0.0077906883175586
0.0820668358849334,1.00577451078852,2073.86193096548,0.00652157683569164
0.0973052100539159,1.00288309926358,2066.95847923962,0.00704160035589109
0.0942480398668072,1.32214875407135,2071.16058029014,0.0128750464380607
0.0908649259313732,1.00867425853989,2069.65982991496,0.00242456752131736
0.092777177577937,1.00288309926358,2068.75937968984,0.00861944983053302
0.0854865148184228,1.00288309926358,2072.06103051526,0.00472210977625507
0.0776167685030635,1.17494491051044,2078.36418209105,0.00799597215544435
0.0883821202167991,1.00577451078852,2070.71035517759,0.00699203496262995
0.092590546666485,1.00867425853989,2068.90945472736,0.0108162745549533
0.0978137911953837,1.38447564841702,2070.11005502751,0.0142994062396936
0.0665640053786119,1.00577451078852,2084.06703351676,0.00151946022071492
0.0989262287564599,3.37973166401872,2078.96448224112,0.0169159079309009
0.0907544336241401,1.00577451078852,2069.65982991496,0.00686964407104237
0.0604757657509331,1.00577451078852,2089.46973486743,0.00117257949025703
0.0556672154387462,1.00288309926358,2094.57228614307,0.00241427242381929
0.0575842376889137,1.00577451078852,2092.47123561781,0.00112542748483314
0.099542743253742,1.00867425853989,2066.20810405203,0.012438711571557
0.0883197228721577,6.66739199053658,2092.62131065533,0.0129899704668419
0.0694488275919259,1.00577451078852,2081.81590795398,0.00465943682781792
0.0788078716000418,2.75492656923522,2088.86943471736,0.00917250782469424
0.0765496507975459,1.00577451078852,2077.01350675338,0.00371254595130472
0.0711341056744276,2.03037797761035,2090.8204102051,0.0070243310904459
0.0582700792003363,1.00577451078852,2091.72086043021,0.0014277427521627
0.080579064047016,1.00288309926358,2074.61230615308,0.00428389370713915
0.0532044528371869,1.01158236655188,2097.72386193097,0.00112429974126128
0.095462297887114,1.05926897298544,2068.15907953977,0.0125831435827798
0.0785903113668955,1.017423759841,2075.96298149075,0.00561458445594147
0.0911905369970005,1.00867425853989,2069.50975487744,0.00300777774454249
0.0776074130528051,1.00867425853989,2076.4132066033,0.00172675283316043
0.0893534660070268,1.00288309926358,2070.26013006503,0.0055214203760247
0.0847574109253498,1.00867425853989,2072.51125562781,0.00556732725149513
0.0791435456001428,1.00867425853989,2075.51275637819,0.00403464206420777
0.0908611425822792,1.71814085427452,2075.66283141571,0.0124037260134771
0.0982491007939438,1.25899790157518,2068.90945472736,0.0141431382511861
0.0969605073390834,1.00288309926358,2067.10855427714,0.00114754685470944
0.0753993953302178,1.09966477838038,2078.96448224112,0.00735903939366001
0.0974191876203988,1.00577451078852,2066.95847923962,0.00871877146904339
0.0896639783753662,1.00288309926358,2070.11005502751,0.00702514687445328
0.0847266084911833,1.00867425853989,2072.51125562781,0.00174130422086399
0.0763031535320374,1.00577451078852,2077.1635817909,0.00371473897876982
0.0966726349964003,1.00867425853989,2067.25862931466,0.00550573410487186
0.0894744864765129,1.28462743961633,2073.11155577789,0.0112152391823112
0.0888156565852602,1.00867425853989,2070.56028014007,0.00148532781104429
0.0564770483151922,1.01158236655188,2093.82191095548,0.00154948747415666
0.0961665251909034,1.00288309926358,2067.40870435218,0.00167210955366835
0.0897547245813567,1.02920793476607,2070.26013006503,0.0108148826402794
0.0765215807387983,3.24621921773864,2092.77138569285,0.00866786964105042
0.0965594218983715,1.00288309926358,2067.25862931466,0.00806429944200693
0.0991411846320398,1.00867425853989,2066.35817908954,0.0113575056702028
0.0770925949436017,1.00867425853989,2076.71335667834,0.00237137431075906
0.096147638529024,1.00288309926358,2067.40870435218,0.00673582563736191
0.0543813535562375,1.00867425853989,2096.22311155578,0.00266384228685399
0.0819006544230608,5.56142771178757,2095.32266133067,0.0105534402971389
0.0990999438729324,1.00867425853989,2066.35817908954,0.0093941814251491
0.0939713503666396,1.16484078042324,2069.95997999,0.0123323301685845
0.08449574250071,1.05318733137807,2073.11155577789,0.00944300535120129
0.0729796618316346,1.00288309926358,2079.26463231616,0.00405109373414464
0.0844160223267272,1.00867425853989,2072.66133066533,0.00149599029677469
0.0971331412755619,10.6293480187976,2091.72086043021,0.017293260306979
0.0532870962904022,1.00867425853989,2097.57378689345,0.0025664020364027
0.0993224876671085,1.00288309926358,2066.20810405203,0.0123128407586275
0.0948714807738523,1.95017021036364,2075.21260630315,0.014006784541284
0.086088196962454,6.78356302734552,2094.42221110555,0.0121657790384838
0.0861157976954984,1.00288309926358,2071.76088044022,0.00965928556293533
0.0793961131038733,1.00867425853989,2075.36268134067,0.00510286357522067
0.0995226441140754,2.80292774815717,2076.71335667834,0.0168978055365926
0.0913093875277252,4.26734287669584,2085.56778389195,0.0139460993537531
0.0980957078748298,1.00288309926358,2066.65832916458,0.00868021273292212
0.0952404852022015,1.59882507273807,2072.81140570285,0.0137455623191884
0.0723572886775866,1.00577451078852,2079.71485742871,0.00630943605058213
0.0942731660816865,3.17230798106454,2080.76538269135,0.0146579561464826
0.0623681614378794,1.00577451078852,2087.66883441721,0.00245712181729951
0.0805872531425297,1.00288309926358,2074.61230615308,0.0052389101966545
0.0978636975086803,1.00867425853989,2066.8084042021,0.00546890308672803
0.0726749243007537,2.78683513858361,2093.971985993,0.00758077043922196
0.0655722208495893,1.00288309926358,2084.81740870435,0.00384908475015806
0.0959473788445907,14.0131778568844,2095.47273636818,0.0166702747762152
0.0862289701861852,1.00867425853989,2071.76088044022,0.00543371473471197
0.0905797984952041,6.04568285725226,2089.91995997999,0.0139039367109556
0.0934916391134444,1.00288309926358,2068.45922961481,0.00386984380195397
0.0576821661758999,1.00288309926358,2092.32116058029,0.00375275579410751
0.0700427340370279,1.00577451078852,2081.36568284142,0.00428102582194808
0.0999887465067134,1.60805750536954,2070.86043021511,0.0155518746950101
0.0768274030147484,1.017423759841,2077.01350675338,0.00435367795635773
0.0931488026506435,1.00288309926358,2068.60930465233,0.00983533480503129
0.0808401986576952,1.00288309926358,2074.46223111556,0.00377728288571908
0.0838776777334812,1.00867425853989,2072.96148074037,0.00259467626214651
0.0878043218280586,1.00867425853989,2071.01050525263,0.00789512042507026
0.0919466825410663,1.88394737445416,2076.26313156578,0.0128721705742133
0.095822747582601,1.00577451078852,2067.55877938969,0.0116467786674476
0.0977755896688962,1.00577451078852,2066.8084042021,0.00318450785346232
0.0914141169663231,1.00288309926358,2069.35967983992,0.00867002487507415
0.0987182211483354,9.47314366240347,2089.61980990495,0.0179419944902637
0.097866412269426,1.00867425853989,2066.8084042021,0.00818869413010628
0.0867288311565714,1.00288309926358,2071.46073036518,0.00944559001766145
0.0676342430020969,1.00288309926358,2083.16658329165,0.00357166229130547
0.0902829679478579,4.85759838400825,2087.66883441721,0.013618898260944
0.0878139162891398,1.01449885892793,2071.01050525263,0.0102251325366557
0.0850925688035033,2.67674439360146,2084.06703351676,0.0111562355652957
0.0808732188006357,1.00288309926358,2074.46223111556,0.00246648024548249
0.0986363107607455,9.89119610131619,2090.07003501751,0.017994672532724
0.0791367419314055,1.00867425853989,2075.51275637819,0.00154936710388158
0.0947589541794176,1.09650345009091,2068.90945472736,0.012425812453007
0.0619148375155168,1.00577451078852,2088.11905952976,0.00206263120812791
0.0843756607334775,1.00577451078852,2072.66133066533,0.0055011746522489
0.0615253769862144,1.00288309926358,2088.4192096048,0.00296698253335235
0.082237332677483,1.00288309926358,2073.71185592796,0.00840679535845379
0.0538890453343441,1.00867425853989,2096.82341170585,0.00341951749015884
0.0880131962945029,1.12528574084121,2072.21110555278,0.0105122248788388
0.0948248554826527,1.18513668643434,2069.65982991496,0.0127738230906869
0.0661652848145607,1.00577451078852,2084.3671835918,0.00530212840613625
0.0761147541509817,1.00867425853989,2077.31365682841,0.00656354946243965
0.0806270014124606,1.00288309926358,2074.61230615308,0.00602644901190703
0.0962723251958738,1.00577451078852,2067.40870435218,0.00983529424116472
0.0991052290387661,1.00867425853989,2066.35817908954,0.0100788069025252
0.080150371250472,1.00577451078852,2074.91245622811,0.00172483335932217
0.0763476459895113,1.98987000774274,2086.31815907954,0.00829637428433236
0.0932774737377973,10.8145512259435,2094.57228614307,0.015262963453353
0.0766820989830418,1.44974067037263,2081.81590795398,0.00805149856680642
0.056185405871227,1.00288309926358,2093.971985993,0.00314623948449609
0.0774773581285404,1.00288309926358,2076.4132066033,0.00645048577651836
0.0675908816764358,1.00288309926358,2083.16658329165,0.00303796365102216
0.0829799391130798,1.00867425853989,2073.41170585293,0.0062749947005183
0.0831987022859786,1.00577451078852,2073.26163081541,0.00868261599930295
0.0837040735878868,4.14623977579979,2090.37018509255,0.010989387773235
0.0995190322669334,1.00867425853989,2066.20810405203,0.0044870467871683
0.0839609565118947,1.05926897298544,2073.41170585293,0.00934810608798664
0.0747620118188392,2.27163778979815,2089.31965982992,0.00800622101342219
0.0704376889543961,1.00577451078852,2081.06553276638,0.005247009292832
0.0993654378305167,1.00288309926358,2066.20810405203,0.011238441390851
0.071228197574223,1.00288309926358,2080.46523261631,0.0032144631070337
0.0924317660299426,1.00288309926358,2068.90945472736,0.00281345993460109
0.0873614984038358,1.00288309926358,2071.16058029014,0.006304687728702
0.0650390602459703,1.00288309926358,2085.26763381691,0.00295600533568972
0.0614341644881924,1.00577451078852,2088.56928464232,0.00461526818919906
0.0823082729637375,1.00577451078852,2073.71185592796,0.00803744105358228
0.0927752258309048,1.00288309926358,2068.75937968984,0.00165437210751726
0.0697757684997093,1.00288309926358,2081.51575787894,0.00377482050730671
0.0796738994672378,1.00867425853989,2075.21260630315,0.00308898562987358
0.0589455186599918,1.00288309926358,2090.97048524262,0.00364380603363061
