0.098181098215164,1.00577451078852,2082.11605802901,0.00109627309060532
0.0963247464591201,1.01158236655188,2083.16658329165,0.00154876525627533
0.0858934639242501,1.54898606893921,2094.57228614307,0.00276002797740178
0.0761401116977091,1.00288309926358,2097.12356178089,0.00108561365762928
0.0818296059194446,1.00288309926358,2092.47123561781,0.00116789499888161
0.0752224622238219,1.00867425853989,2098.024012006,0.00100499305258258
0.0909060973256315,1.0232988843187,2086.46823411706,0.00188138313158496
0.0907129980099255,1.01158236655188,2086.46823411706,0.00307463444054018
0.0861832179772276,1.00288309926358,2089.31965982992,0.00235032117060699
0.0999711644531,1.29950646550457,2083.76688344172,0.00413468143340075
0.0773613764127389,1.00288309926358,2096.07303651826,0.00115758666051829
0.0960270785567222,1.00867425853989,2083.31665832916,0.00248089085070321
0.0963036258282479,1.03813555048354,2083.46673336668,0.00246573958722224
0.0955795367810803,1.26262771749805,2085.86793396698,0.00365533166480318
0.0973510800170641,1.00867425853989,2082.56628314157,0.00150120170902656
0.0846150171857111,1.01158236655188,2090.52026013007,0.00137997457339103
0.0805663711725321,1.00867425853989,2093.52176088044,0.00147173514657319
0.0791828926960524,1.00577451078852,2094.57228614307,0.00186153617257389
0.0943020824179339,1.00288309926358,2084.21710855428,0.00260389992306403
0.0971322304251511,1.01158236655188,2082.71635817909,0.00301704291312171
0.0865327197010844,1.0232988843187,2089.31965982992,0.00261620749146337
0.0885346686735826,1.00867425853989,2087.81890945473,0.00144065191036181
0.0944243689247061,1.43727338940046,2087.96898449225,0.00354848791708749
0.0818740640486284,1.00577451078852,2092.47123561781,0.00229326451886194
0.0911869644563198,1.01158236655188,2086.16808404202,0.00183904210175421
0.0906334614678337,1.00867425853989,2086.46823411706,0.00188324821422448
0.0827695871182653,1.0232988843187,2092.02101050525,0.00178053970907419
0.0959663262806824,1.00577451078852,2083.31665832916,0.00205490689253506
0.0911146036733609,1.00867425853989,2086.16808404202,0.00302178204509959
0.092336780271522,1.02035709353375,2085.56778389195,0.00196079777660437
0.0801558952590804,1.00577451078852,2093.82191095548,0.00114271134593413
0.0824858511633408,1.00577451078852,2092.02101050525,0.00125348989899574
0.0768255232722536,1.00288309926358,2096.52326163082,0.00119202860287532
0.0909182335757144,1.0232988843187,2086.46823411706,0.00161025530948954
0.0987357461440168,1.00577451078852,2081.81590795398,0.00282893950356006
0.0973079378010937,1.00577451078852,2082.56628314157,0.00346994744494129
0.0935264027064742,1.00288309926358,2084.66733366683,0.0024307639890926
0.073858629565371,1.01449885892793,2099.37468734367,0.00180668640476786
0.0788243701704275,1.00577451078852,2094.87243621811,0.00141440548509859
0.0972461781304424,1.00288309926358,2082.56628314157,0.00154596838302066
0.0855132309032324,1.01449885892793,2089.91995997999,0.00132834882260156
0.0973531621743885,1.00867425853989,2082.56628314157,0.00329490609870954
0.0917807538705066,1.017423759841,2085.86793396698,0.00205316499504176
0.0872148347282464,1.01158236655188,2088.71935967984,0.00170537825996088
0.0923096851771962,1.00577451078852,2085.41770885443,0.00123224606242577
0.0794006548761012,1.00577451078852,2094.42221110555,0.00198747264049767
0.0960855604917632,4.99947880072813,2099.97498749375,0.00387729699058669
0.0837923300304473,1.01158236655188,2091.12056028014,0.00146803637144033
0.0957030684440726,1.00577451078852,2083.46673336668,0.00163293971426872
0.08377280933646,1.0232988843187,2091.27063531766,0.00198258489152029
0.0992690770129303,1.00288309926358,2081.51575787894,0.00357185266176075
0.0940292243460032,1.00288309926358,2084.3671835918,0.00283127669778739
0.078158858179184,1.00867425853989,2095.47273636818,0.00175569552101202
0.0814195703592328,1.00288309926358,2092.77138569285,0.0017282230815339
0.0738470182836797,1.00288309926358,2099.22461230615,0.00144173805908767
0.0738949246630584,1.017423759841,2099.37468734367,0.00184799779560556
0.0990087297437176,1.00577451078852,2081.66583291646,0.00302867049029275
0.0905489110341796,1.00288309926358,2086.46823411706,0.00182636482163111
0.0896078098032777,1.017423759841,2087.21860930465,0.00118865610716413
0.0901039610859048,1.00577451078852,2086.7683841921,0.00233016012148431
0.0873757395645502,1.02035709353375,2088.71935967984,0.00108995360197124
0.0913921673192714,1.0232988843187,2086.16808404202,0.00257248650905995
0.0928157579609736,1.00577451078852,2085.11755877939,0.00306742166485532
0.0765807723745669,1.00867425853989,2096.82341170585,0.00160821488834239
0.0952187268026626,1.00867425853989,2083.76688344172,0.00258957866922578
0.084868963947817,1.02624915657849,2090.52026013007,0.00162952781690406
0.0959658317002296,1.00577451078852,2083.31665832916,0.0022150103179928
0.0850924977972488,1.01449885892793,2090.22011005503,0.00133928333069628
0.0932501747314278,1.00288309926358,2084.81740870435,0.00126840416182464
0.0944261159589444,1.00867425853989,2084.21710855428,0.00341163120016064
0.0892533474903422,1.0232988843187,2087.51875937969,0.00175543813173459
0.0954339704281225,1.00577451078852,2083.6168084042,0.0019432355219007
0.0985384839529666,1.41673238639154,2085.41770885443,0.00399233562128783
0.081484302702671,1.00577451078852,2092.77138569285,0.0019110274531853
0.0837511480989311,1.00867425853989,2091.12056028014,0.00141809561219446
0.082828233477261,1.01449885892793,2091.87093546773,0.00202837883330894
0.0975875920237492,1.00577451078852,2082.41620810405,0.00167714171831532
0.098170770055586,1.00577451078852,2082.11605802901,0.00129307033638536
0.0944489504747118,1.01158236655188,2084.21710855428,0.00233460140567483
0.0832357535133325,1.00288309926358,2091.42071035518,0.00192117378584587
0.0979680394929836,1.01158236655188,2082.26613306653,0.00204087049587379
0.0807334091644407,1.00867425853989,2093.37168584292,0.00102315653596626
0.0744826691982749,1.00288309926358,2098.62431215608,0.00129375252693476
0.0999975494614332,1.01158236655188,2081.2156078039,0.00267657090092215
0.0878147088513328,1.02035709353375,2088.4192096048,0.00150075368381481
0.0758084418346761,1.00288309926358,2097.42371185593,0.00154409934544706
0.0954686784068144,1.00867425853989,2083.6168084042,0.00273885988026465
0.0929030888118563,1.01158236655188,2085.11755877939,0.00268416145050907
0.0786685504880878,1.00577451078852,2095.02251125563,0.0018725396205184
0.0918057743691206,1.00577451078852,2085.71785892946,0.00318209993360755
0.0869813176892073,1.0232988843187,2089.01950975488,0.00189584683940457
0.0756960246475456,1.00577451078852,2097.57378689345,0.00142631622720637
0.0833778813861968,1.01158236655188,2091.42071035518,0.00205051451195167
0.099127311118867,1.01158236655188,2081.66583291646,0.00237064912533781
0.0822082530765761,1.0808326105459,2093.07153576788,0.00241912636057726
0.0821589327543136,1.035151107089,2092.62131065533,0.00204328303428644
0.0888050606451279,1.01158236655188,2087.66883441721,0.00126508493035447
0.0991159103964726,2.26510726072284,2089.76988494247,0.00418272236779373
0.0890001047733839,1.24458268867087,2089.76988494247,0.00302177987361791
0.0964883610599883,1.00577451078852,2083.01650825413,0.00301719970302335
0.0921555665603949,1.01158236655188,2085.56778389195,0.00269588811036233
0.0913253015339325,1.00577451078852,2086.0180090045,0.0025919822698935
0.0767518348459995,1.00867425853989,2096.67333666833,0.00167274979332969
0.084460119239565,1.01449885892793,2090.67033516758,0.00155960314567779
0.0888793465220303,1.00288309926358,2087.51875937969,0.00209825120936339
0.0807494059944463,1.00867425853989,2093.37168584292,0.00221391495929903
0.0852377097646598,1.0232988843187,2090.22011005503,0.00149267201024156
0.0858067890048833,1.00867425853989,2089.61980990495,0.00268985225391782
0.0921341004061117,1.0232988843187,2085.71785892946,0.00191176068543624
0.0933947804928223,1.00867425853989,2084.81740870435,0.00315391420512662
0.0896172959642985,1.017423759841,2087.21860930465,0.00192164980359636
0.0840487829642936,1.01449885892793,2090.97048524262,0.00196375424023277
0.0946543648431065,1.00867425853989,2084.06703351676,0.00302826237778112
0.0884138347785884,1.00288309926358,2087.81890945473,0.00117642914712236
0.0933336374807982,1.00577451078852,2084.81740870435,0.00288615288535423
0.0908989840208191,1.00867425853989,2086.31815907954,0.00182224706143806
0.0829691067921086,1.0232988843187,2091.87093546773,0.00156751882108753
0.0982628314203016,2.6460963359074,2091.87093546773,0.00410273747265974
0.0909470879278764,1.01158236655188,2086.31815907954,0.00135648162544536
0.099264081690723,1.00288309926358,2081.51575787894,0.00139473685013093
0.0904454556356029,1.01158236655188,2086.61830915458,0.00203990746336905
0.0984586694071273,1.00577451078852,2081.9659829915,0.00157888324706382
0.0978493403511329,1.00577451078852,2082.26613306653,0.00322719986109355
0.0910228381119825,1.00288309926358,2086.16808404202,0.00272106509374289
0.0964927729743746,1.00577451078852,2083.01650825413,0.00116427656191173
0.0892099046307156,1.00867425853989,2087.36868434217,0.00147279612735421
0.084416865610521,1.01158236655188,2090.67033516758,0.00141809534098596
0.0898825831039149,1.00577451078852,2086.91845922961,0.00268984695655582
0.0882210362708707,1.017423759841,2088.11905952976,0.00227991529764338
0.0750458142990625,1.04112859832463,2098.62431215608,0.00167869595120518
0.0933800683363294,1.00867425853989,2084.81740870435,0.00167049577627208
0.0835142154731552,1.03217524340486,2091.5707853927,0.0011910469635112
0.0987711755364606,1.00867425853989,2081.81590795398,0.00129524733367123
0.0988316834579624,1.01158236655188,2081.81590795398,0.00128941816786142
0.0824571599041882,1.02920793476607,2092.32116058029,0.00217381925033692
0.0896187728298937,1.017423759841,2087.21860930465,0.00100845580645292
0.0765766648205396,1.00867425853989,2096.82341170585,0.00194136658792077
0.0942176362160164,1.01158236655188,2084.3671835918,0.00213688910697259
0.0770454755245478,1.00577451078852,2096.3731865933,0.00177190347418577
0.0887724484502812,1.0232988843187,2087.81890945473,0.00188163849369955
0.0895911766547919,1.00288309926358,2087.06853426713,0.00106377313877452
0.0943175086476033,1.00288309926358,2084.21710855428,0.00157226996815565
0.0995912875897929,1.00577451078852,2081.36568284142,0.00134403441922108
0.0880272500309196,1.00577451078852,2088.11905952976,0.00180947234898233
0.0982251313901761,1.00867425853989,2082.11605802901,0.00119425149466464
0.0747230625950036,1.04112859832463,2098.92446223112,0.00123723210859271
0.0754053658130278,1.00867425853989,2097.87393696848,0.00100003731488781
0.0869546687578115,1.00867425853989,2088.86943471736,0.00265988640980395
0.0967921719057386,1.02035709353375,2083.01650825413,0.00254986862943712
0.0916361350586018,1.00867425853989,2085.86793396698,0.00135044266477073
0.0790351566937806,1.00577451078852,2094.72236118059,0.00171596201764043
0.0893207553601712,1.01449885892793,2087.36868434217,0.00282464808238743
0.0835857055854926,1.01158236655188,2091.27063531766,0.0014217867072395
0.091091943409132,1.00577451078852,2086.16808404202,0.00177593451641185
0.0981662580531641,1.00577451078852,2082.11605802901,0.001519425198081
0.0931857018029651,1.01158236655188,2084.96748374187,0.00126779129138656
0.0895708108115643,1.01449885892793,2087.21860930465,0.0018423820990152
0.0965053449649417,4.12243473196511,2097.72386193097,0.00389266583608816
0.0967301239522392,1.00288309926358,2082.86643321661,0.00185511213152002
0.0901464155388585,1.02035709353375,2086.91845922961,0.00164373092669526
0.0889187318468231,1.017423759841,2087.66883441721,0.00171209882696517
0.0862611822551263,1.02035709353375,2089.46973486743,0.00106140713114388
0.0996473093579431,1.00867425853989,2081.36568284142,0.00217030310344809
0.0993404083044284,1.00867425853989,2081.51575787894,0.00105137994730172
0.0758063438674629,1.00288309926358,2097.42371185593,0.00172294096870637
0.0920033416824298,1.00288309926358,2085.56778389195,0.00301069561389659
0.0905753996825841,1.00577451078852,2086.46823411706,0.00246102281124115
0.0968743858238838,1.01158236655188,2082.86643321661,0.00277821375360769
0.0932957804483256,1.017423759841,2084.96748374187,0.00130068790299516
0.0772325510205755,1.00577451078852,2096.22311155578,0.00166776347628301
0.099302657215746,1.00577451078852,2081.51575787894,0.00157239686356203
0.0989483127224047,1.00288309926358,2081.66583291646,0.00172720007067137
0.0910487871931161,2.42714808378022,2095.92296148074,0.00326761890415812
0.0849857074773034,1.1988633739507,2092.17108554277,0.00266486934559449
0.0957885592436171,1.01158236655188,2083.46673336668,0.00289148286195939
0.0775343848974318,1.10601480450688,2097.12356178089,0.00209818774068593
0.0978057419910395,1.00288309926358,2082.26613306653,0.00302917342052207
0.0862402142977243,1.00577451078852,2089.31965982992,0.00205123194671449
0.0913480612154053,1.02035709353375,2086.16808404202,0.00177364041730978
0.0991206118527805,1.01158236655188,2081.66583291646,0.00259624510924805
0.0812755829398634,1.00577451078852,2092.92146073037,0.0010281749542834
0.0908184538027892,1.00577451078852,2086.31815907954,0.00308026894954912
0.0995692120841204,1.00577451078852,2081.36568284142,0.00115409243911299
0.0788914725989381,1.00867425853989,2094.87243621811,0.00168607650608539
0.0864555547911918,1.00577451078852,2089.1695847924,0.00150557758325181
0.0973678054091783,1.00867425853989,2082.56628314157,0.0010506051671922
0.0866791746328027,2.38558227120577,2098.92446223112,0.00288583033152577
0.0866591816758952,1.017423759841,2089.1695847924,0.00245050409634867
0.0984391511777161,1.00577451078852,2081.9659829915,0.00338072500251087
0.0848209854251506,1.0232988843187,2090.52026013007,0.0015395889700583
0.0965804761122476,1.01158236655188,2083.01650825413,0.0028812860195945
0.0982991602449405,1.01158236655188,2082.11605802901,0.00129893763822366
0.0818867790671929,1.00577451078852,2092.47123561781,0.00179656798019032
0.0889275843233184,1.00577451078852,2087.51875937969,0.00115558061247911
0.0740117338638061,1.00288309926358,2099.07453726863,0.00181550425188908
0.0921638850169908,1.01158236655188,2085.56778389195,0.00192584365841619
0.0789703721928918,1.00288309926358,2094.72236118059,0.00144455174280083
0.0808560132526466,1.00288309926358,2093.2216108054,0.00114795898568901
0.0839344950180497,1.02035709353375,2091.12056028014,0.0017627698248906
0.0838565436686814,1.00288309926358,2090.97048524262,0.00126784264210171
0.08142952140718,1.00288309926358,2092.77138569285,0.00138744544562557
0.0999206901860265,1.00867425853989,2081.2156078039,0.00201006728148168
0.0883937003215351,1.01449885892793,2087.96898449225,0.00104631042916647
0.0921803542152889,1.01158236655188,2085.56778389195,0.00180125609357734
0.098533959622448,1.01158236655188,2081.9659829915,0.0011302520865015
0.0809599273027298,1.00867425853989,2093.2216108054,0.00159852115369927
0.0969005709296623,1.01158236655188,2082.86643321661,0.00255015036711038
0.094842637939621,1.00288309926358,2083.91695847924,0.00122086030451061
0.0890528340700537,1.77342245446464,2093.82191095548,0.00305364332782526
0.0774239740595632,1.02920793476607,2096.3731865933,0.00115173376473112
0.0959552670364125,1.00577451078852,2083.31665832916,0.00276756700815332
0.0856789613151062,1.01158236655188,2089.76988494247,0.00171686618986219
0.090549250947178,1.00288309926358,2086.46823411706,0.00226170452735029
0.0852450454510029,1.0232988843187,2090.22011005503,0.00257448347202228
0.0916884135931675,1.01158236655188,2085.86793396698,0.00235324300074569
0.0735683630680655,1.00577451078852,2099.52476238119,0.00114806171198308
0.098739521256268,1.00577451078852,2081.81590795398,0.0034498814093623
0.091517791122725,1.00288309926358,2085.86793396698,0.00257680699012253
0.0877309598663191,1.00288309926358,2088.26913456728,0.00156275302197818
0.0952330936037719,1.01158236655188,2083.76688344172,0.00112379750244483
0.0810627158466653,1.00288309926358,2093.07153576788,0.00141575005274294
0.086273836394164,1.02035709353375,2089.46973486743,0.00152644250640418
0.0780930335756463,1.00577451078852,2095.47273636818,0.00115952390336446
0.093236200431494,1.01449885892793,2084.96748374187,0.00161524943189429
0.0984482421078819,1.00577451078852,2081.9659829915,0.00378348553564782
0.0974274468264302,1.01158236655188,2082.56628314157,0.00202145355115387
0.0812697172769142,1.00577451078852,2092.92146073037,0.00231748703408508
0.0754808745393278,1.00288309926358,2097.72386193097,0.00139974063481548
0.0984428845713704,1.00577451078852,2081.9659829915,0.00309376778447708
0.0827421493469262,1.04714060664789,2092.32116058029,0.00207699622481234
0.0978871407169158,1.00577451078852,2082.26613306653,0.00104505498610648
0.0786270216241635,1.00288309926358,2095.02251125563,0.00166090644588782
0.093180965968752,1.01158236655188,2084.96748374187,0.00229175623279185
0.0983969716784414,1.00288309926358,2081.9659829915,0.00291162342029513
0.0982162840058348,1.00867425853989,2082.11605802901,0.00282739614821441
0.0979242048964728,1.00867425853989,2082.26613306653,0.00295724067752045
0.0916550635187142,1.01158236655188,2085.86793396698,0.00108696457104083
0.0901737221355967,1.00867425853989,2086.7683841921,0.0027695909224713
0.0862927343358614,1.00867425853989,2089.31965982992,0.00238048458268017
0.0970973374119539,1.00867425853989,2082.71635817909,0.00292802630978374
0.0915367860448241,1.017423759841,2086.0180090045,0.0016803125832642
0.0931885594189075,1.01158236655188,2084.96748374187,0.00207154522582952
0.0969747992225398,1.00288309926358,2082.71635817909,0.0034406555110379
0.0973270887870452,1.00577451078852,2082.56628314157,0.00287201950383124
0.0829974639745085,1.03813555048354,2092.02101050525,0.00168149684485331
0.098367518516114,1.00288309926358,2081.9659829915,0.00234965903636021
0.0871882716000018,1.84105289600553,2095.6228114057,0.00288713698942279
0.0870827355611788,1.02920793476607,2089.01950975488,0.00243691226603286
0.082547932968237,1.035151107089,2092.32116058029,0.00126933617371217
0.0917512307740097,1.00288309926358,2085.71785892946,0.0026437549369283
0.0908823354395634,1.00867425853989,2086.31815907954,0.00224685352249561
0.0879695206495926,1.00288309926358,2088.11905952976,0.00132731724496773
0.0917273970245265,1.01449885892793,2085.86793396698,0.00161224632319142
0.093573479377005,1.00577451078852,2084.66733366683,0.00208650906888877
0.0891342277871228,1.00288309926358,2087.36868434217,0.00131904708624815
0.0996756079915359,1.00867425853989,2081.36568284142,0.00221866894072157
0.0974317186809848,1.01158236655188,2082.56628314157,0.00100397198675388
0.098478536507635,1.00867425853989,2081.9659829915,0.00230400375418832
0.0984121659118012,5.37257572706184,2099.07453726863,0.00415327935086016
0.0909206009865671,1.01158236655188,2086.31815907954,0.00148696333970229
0.0985366954021936,1.01158236655188,2081.9659829915,0.00245398129333119
0.0995457968482669,1.00288309926358,2081.36568284142,0.00242575082650361
0.0835190962712399,1.02035709353375,2091.42071035518,0.00148608123140885
0.0853485116752531,1.017423759841,2090.07003501751,0.0017901441077516
0.0764725319778451,1.035151107089,2097.27363681841,0.00155683338944031
0.0830127076969657,1.02624915657849,2091.87093546773,0.00136694184379719
0.0744779831786414,1.00288309926358,2098.62431215608,0.0016585966783643
0.0918470576823867,1.00867425853989,2085.71785892946,0.00138795446048355
0.0761746434182652,1.03813555048354,2097.57378689345,0.00122364579605156
0.0992988924037846,1.00577451078852,2081.51575787894,0.00344168341557185
0.0812699471488301,1.00577451078852,2092.92146073037,0.00121189300915831
0.0845550761602851,1.02035709353375,2090.67033516758,0.00144379227797422
0.0903503549790653,1.00577451078852,2086.61830915458,0.00254821047491594
0.0753726131821697,1.02920793476607,2098.17408704352,0.00146718958784171
0.0920376019639025,1.017423759841,2085.71785892946,0.00159828912214968
0.0846150026339061,1.01158236655188,2090.52026013007,0.0018021638303869
0.0941146454814919,1.00577451078852,2084.3671835918,0.0015451539799926
0.0944793871348361,1.01158236655188,2084.21710855428,0.00193744242087964
0.0921204506061869,1.00867425853989,2085.56778389195,0.00293757275779842
0.0970139562648321,1.00577451078852,2082.71635817909,0.00320229692467052
0.0943474918541404,1.00577451078852,2084.21710855428,0.00295668746546178
0.0848131608580877,1.0232988843187,2090.52026013007,0.00184354857728461
0.0871952350522099,1.0232988843187,2088.86943471736,0.00208619462049261
0.0882754802425011,1.02035709353375,2088.11905952976,0.00125216060227882
0.0987961745083488,1.00867425853989,2081.81590795398,0.00336607812379717
0.0926873220142111,2.44820179377353,2094.87243621811,0.00342815899097133
0.0956526246805241,1.017423759841,2083.6168084042,0.00291682113538706
0.0770880269471086,1.00867425853989,2096.3731865933,0.00142789073738903
0.0835672132906267,1.40859841962076,2095.17258629315,0.00256950893726362
0.0897523136363069,1.01158236655188,2087.06853426713,0.00202695352423999
0.0869843504596272,1.0232988843187,2089.01950975488,0.001011604256661
0.0967492044959757,1.00577451078852,2082.86643321661,0.00265724317759266
0.0821781587083229,1.01158236655188,2092.32116058029,0.00160582927151137
0.0886568146292946,1.00288309926358,2087.66883441721,0.00135585866412751
0.0913002671735631,1.017423759841,2086.16808404202,0.00199657139720681
0.091261524562759,1.00288309926358,2086.0180090045,0.00240280364914574
0.0769056285451931,1.00867425853989,2096.52326163082,0.00129667097162475
0.0992548781835033,1.00288309926358,2081.51575787894,0.00147429548136411
0.0901014034708425,1.00577451078852,2086.7683841921,0.00131483992282266
0.0927308526173631,1.54453302690677,2089.76988494247,0.00339814607560102
0.0984711008940777,1.00577451078852,2081.9659829915,0.00379392073744679
0.0763949421783687,1.00867425853989,2096.97348674337,0.00196505619898842
0.0990123507311457,5.85722521042959,2099.52476238119,0.00423577324575248
0.0958823620007426,1.00288309926358,2083.31665832916,0.00236834696703992
0.0981080571138834,1.00288309926358,2082.11605802901,0.00140419442455341
0.0947266651816528,1.01158236655188,2084.06703351676,0.00344620706395708
0.0943752927851822,1.00577451078852,2084.21710855428,0.0024983126466666
0.0831457195603186,1.04714060664789,2092.02101050525,0.00170434968875546
0.0843719713922461,1.00867425853989,2090.67033516758,0.00122836195429147
0.0930326437588715,1.00288309926358,2084.96748374187,0.00260124488166341
0.0824499117560673,1.04112859832463,2092.47123561781,0.00208240396613709
0.0885344921221859,1.00867425853989,2087.81890945473,0.0028243657876348
0.0858844734718265,1.0232988843187,2089.76988494247,0.00218425767027798
0.073140964105693,1.00867425853989,2099.97498749375,0.00119179000033589
0.0792070402750763,1.00577451078852,2094.57228614307,0.00147819642662457
0.0968274114648184,1.00867425853989,2082.86643321661,0.00172144847749342
0.0936559472580005,1.0232988843187,2084.81740870435,0.00258485758893739
0.0770190976571263,1.00288309926358,2096.3731865933,0.00163165312802211
0.0946779284057727,1.00867425853989,2084.06703351676,0.00327356791352317
0.0885328266809332,1.00867425853989,2087.81890945473,0.00190119037759373
0.099260977017875,1.00288309926358,2081.51575787894,0.00212356760331211
0.0817085894912985,1.00867425853989,2092.62131065533,0.00173957802622551
0.0922884934371747,1.017423759841,2085.56778389195,0.00314233430152726
0.0908410040204893,1.00577451078852,2086.31815907954,0.00156948409822488
0.0758219832374958,1.00288309926358,2097.42371185593,0.00154406036736315
0.0757777324521711,1.13178371549186,2099.07453726863,0.001973067916997
0.0889168492587571,1.017423759841,2087.66883441721,0.00198132354475496
0.083737667092826,1.00867425853989,2091.12056028014,0.0012895125055723
0.07954672177781,1.00288309926358,2094.27213606803,0.0012854008454964
0.0911662834110606,1.01158236655188,2086.16808404202,0.00227481498759479
0.0873474007943224,1.00577451078852,2088.56928464232,0.00216329929871997
0.0927492083467236,1.00288309926358,2085.11755877939,0.00302233155692551
0.0827163848370701,1.02035709353375,2092.02101050525,0.00193086401311913
0.096855309072347,1.01158236655188,2082.86643321661,0.00274561932870977
0.0828212390261115,1.01449885892793,2091.87093546773,0.00184388122312237
0.0910976953786319,1.02035709353375,2086.31815907954,0.00128139816271008
0.079783161419612,1.21624552488348,2096.52326163082,0.00224795304566337
0.0869995861499587,1.01158236655188,2088.86943471736,0.00154451594369147
0.0840610241785889,1.00288309926358,2090.8204102051,0.00130588021556782
0.0856388738911577,1.00867425853989,2089.76988494247,0.00103792432213407
0.0973539018701437,1.00867425853989,2082.56628314157,0.00126637663600823
0.081586889738211,1.00288309926358,2092.62131065533,0.00236284563054021
0.0752395478031104,1.00867425853989,2098.024012006,0.00100752057778378
0.0828230046881323,1.01449885892793,2091.87093546773,0.0016044999068476
0.0983921350738542,1.00288309926358,2081.9659829915,0.00173303355793503
0.0969619163584959,1.00288309926358,2082.71635817909,0.00348226539496089
0.091548449118928,1.00577451078852,2085.86793396698,0.00190225252111919
0.073940405917702,1.02035709353375,2099.37468734367,0.00129193727944324
0.0994089246902034,1.01158236655188,2081.51575787894,0.00360715405268316
0.0834235188593058,1.01449885892793,2091.42071035518,0.00207055114608587
0.0896870454077037,1.00867425853989,2087.06853426713,0.00132814248261949
0.0964512125909132,1.00288309926358,2083.01650825413,0.00276521418187306
0.0817378015160121,1.00867425853989,2092.62131065533,0.00183956390246238
0.0934189598938964,1.01158236655188,2084.81740870435,0.00236500430098699
0.0965394345395391,1.46653209822205,2086.91845922961,0.00377632094865825
0.0950962146826478,1.00288309926358,2083.76688344172,0.00282947730759801
0.0986731549637016,1.00288309926358,2081.81590795398,0.00292857487689733
0.0954961901076048,1.03813555048354,2083.91695847924,0.0016602905336211
0.0975825735386441,1.00577451078852,2082.41620810405,0.00303743436772989
0.0985270504405885,1.00867425853989,2081.9659829915,0.0025321013896668
0.0809496250009001,1.00867425853989,2093.2216108054,0.00156890018509626
0.0761308185162341,1.035151107089,2097.57378689345,0.00134947054396052
0.0940364934751038,1.00288309926358,2084.3671835918,0.00278306973451971
0.0949345963657372,1.00867425853989,2083.91695847924,0.00157078465312287
0.0906974482896956,1.01158236655188,2086.46823411706,0.00303205773572125
0.0822567771705101,1.02920793476607,2092.47123561781,0.00162332118526653
0.0990846453362115,1.00867425853989,2081.66583291646,0.00292905240281997
0.0974072810610838,1.01158236655188,2082.56628314157,0.00353946327102673
0.0887813496044714,1.0232988843187,2087.81890945473,0.0023639934755388
0.0737310539831365,1.00577451078852,2099.37468734367,0.00180822621681283
0.0978850506915332,1.00577451078852,2082.26613306653,0.00312680632820962
0.0891078001091288,1.00288309926358,2087.36868434217,0.00121906152584814
0.0780539987582548,1.00288309926358,2095.47273636818,0.00151539546236305
0.0871785411930222,1.00867425853989,2088.71935967984,0.00159239301312131
0.0768502875817642,1.00288309926358,2096.52326163082,0.00157709947882266
0.0866707492186752,1.00577451078852,2089.01950975488,0.00227677534625034
0.0806717349759002,1.00288309926358,2093.37168584292,0.00144567599489674
0.0821951833781476,1.05015961695978,2092.77138569285,0.00226804507375486
0.0732622989291258,1.017423759841,2099.97498749375,0.00144366073396741
0.097281512144565,1.00288309926358,2082.56628314157,0.00156887563783559
0.0927457859916934,1.15150364314254,2086.61830915458,0.00333221815878436
0.0885711737285888,1.01158236655188,2087.81890945473,0.00218278008806081
0.0965258683411042,1.00867425853989,2083.01650825413,0.001011456384953
0.098818869370776,1.01158236655188,2081.81590795398,0.00336938996397214
0.096077679803551,1.01158236655188,2083.31665832916,0.0016673411026439
0.0903035560919821,1.00288309926358,2086.61830915458,0.0021095487260103
0.0856486864451373,1.035151107089,2090.07003501751,0.0016852324172541
0.093426896675175,1.01158236655188,2084.81740870435,0.00257910989971094
0.0901873505294805,1.0232988843187,2086.91845922961,0.00266808262436007
0.0977209223437112,1.01158236655188,2082.41620810405,0.0010554855120219
0.0961667229890547,1.00288309926358,2083.16658329165,0.00207590675429883
0.0840989982618828,1.017423759841,2090.97048524262,0.00146917612191357
0.0905393934746327,1.00288309926358,2086.46823411706,0.002184161567958
0.0984629213164519,1.00577451078852,2081.9659829915,0.00325078428676713
0.0975788687348041,1.00577451078852,2082.41620810405,0.00159675640786247
0.0897197372117981,1.0232988843187,2087.21860930465,0.0022626396686181
0.0850464762539408,1.01158236655188,2090.22011005503,0.0019598803559684
0.0921442238459906,2.85998721049474,2096.82341170585,0.00342465077089948
0.0927325223826303,1.01449885892793,2085.26763381691,0.00304520012728315
0.0928930151912594,1.0232988843187,2085.26763381691,0.00326435055156924
0.099381159359357,1.00867425853989,2081.51575787894,0.00213463067829528
0.0872611737691978,1.01449885892793,2088.71935967984,0.00130272823662034
0.0975732349856613,1.00577451078852,2082.41620810405,0.00361335814356346
0.0992337130842779,1.00288309926358,2081.51575787894,0.0037411378374966
0.0947300630437173,1.04112859832463,2084.3671835918,0.00350460139370946
0.0860400278481382,1.02035709353375,2089.61980990495,0.00256523331241607
0.0867444442834698,1.0232988843187,2089.1695847924,0.00192230053804711
0.0949525606849799,1.00867425853989,2083.91695847924,0.00133438826546533
0.0947045416766055,1.03813555048354,2084.3671835918,0.00209903252595235
0.0804481797246573,1.00288309926358,2093.52176088044,0.0018679926653687
0.0956115609515232,1.00288309926358,2083.46673336668,0.00171174799376414
0.0874307996388364,1.01158236655188,2088.56928464232,0.00236016162834524
0.0925682090591328,1.00577451078852,2085.26763381691,0.00187167115924455
0.0837702089735219,1.0232988843187,2091.27063531766,0.00206601286886528
0.0972970806756408,1.00577451078852,2082.56628314157,0.00298005480358727
0.0904562988881327,1.01158236655188,2086.61830915458,0.00209642697724797
0.0734090413545962,1.00577451078852,2099.67483741871,0.00163199279362643
0.0952704449695265,1.01158236655188,2083.76688344172,0.00311147241909074
0.082524834831123,1.00867425853989,2092.02101050525,0.00152508718434
0.0933484496660627,1.02035709353375,2084.96748374187,0.00166473490695061
0.0984780658215893,1.00867425853989,2081.9659829915,0.00194154232786516
0.0987108539432534,1.00577451078852,2081.81590795398,0.00321735423902897
0.096275024375055,1.00867425853989,2083.16658329165,0.00272741626271489
0.0979032946853861,1.00577451078852,2082.26613306653,0.00340879893718602
0.0950760522501887,1.13831921276723,2085.11755877939,0.00356205757551635
0.0962460436610567,1.02035709353375,2083.31665832916,0.00199334643579869
0.0893751388708136,1.017423759841,2087.36868434217,0.00181059594945364
0.0736253652473374,1.02035709353375,2099.67483741871,0.00114939042602619
0.0800859857196591,1.00288309926358,2093.82191095548,0.00180611364180954
0.0918045817432874,1.00577451078852,2085.71785892946,0.00155430990472037
0.0902686786074618,1.01449885892793,2086.7683841921,0.00270841997874041
0.0970471811161777,1.00577451078852,2082.71635817909,0.00246091315424271
0.086460372476511,1.00577451078852,2089.1695847924,0.00131199591168321
0.0995302968700313,1.00288309926358,2081.36568284142,0.00267099777466915
0.0837924336522035,1.01158236655188,2091.12056028014,0.00212189727540163
0.0926213179126328,1.00867425853989,2085.26763381691,0.0012736744250947
0.0817797480076308,1.3490638599235,2096.07303651826,0.00242404671155704
0.0779361939771428,1.00577451078852,2095.6228114057,0.00159414499352022
0.0830132569274642,1.02624915657849,2091.87093546773,0.00205754067306815
0.0844930348625736,1.02920793476607,2090.8204102051,0.00184718907636949
0.0785071683449973,1.00867425853989,2095.17258629315,0.00156314771065905
0.0830973294933361,1.04413027541975,2092.02101050525,0.00180913183060026
0.0749069399945727,1.00867425853989,2098.32416208104,0.00142817286190551
0.0842428234497314,1.02624915657849,2090.97048524262,0.00203057627047662
0.0847371129402823,1.00577451078852,2090.37018509255,0.00252254237714823
0.0960811662720945,1.01158236655188,2083.31665832916,0.00322092502433839
0.0986528272518222,1.00288309926358,2081.81590795398,0.00244904093611827
0.0751591939071884,1.01449885892793,2098.17408704352,0.00180870038335833
0.0862973228053222,1.00867425853989,2089.31965982992,0.00167594810343991
0.0932833056439307,1.7683242002651,2090.8204102051,0.00349223060423648
0.0950744269031618,1.00288309926358,2083.76688344172,0.00106895115207639
0.0976423766780258,1.71320152422168,2087.81890945473,0.00395199633399819
0.0766862176033879,1.03813555048354,2097.12356178089,0.00121496907742532
0.0812552016472655,1.00288309926358,2092.92146073037,0.002304782921747
0.0987284430665523,1.00577451078852,2081.81590795398,0.00134010662913658
0.0984530465460711,1.00577451078852,2081.9659829915,0.00193377649327983
0.0982313724259843,1.00867425853989,2082.11605802901,0.00222560775234901
0.0962233297775373,1.00577451078852,2083.16658329165,0.00315406605683602
0.0815377159524541,1.00867425853989,2092.77138569285,0.00181835036543368
0.0836933216917779,1.00577451078852,2091.12056028014,0.00128372979038674
0.0951338918652328,1.00577451078852,2083.76688344172,0.00113013513209758
0.079201483087644,1.00577451078852,2094.57228614307,0.00128819346458769
0.0835525644156554,1.035151107089,2091.5707853927,0.00142871933330566
0.0984125218913284,1.00288309926358,2081.9659829915,0.00190074813411657
0.0992681278394865,1.00288309926358,2081.51575787894,0.0011194503111301
0.0771843793048352,1.00288309926358,2096.22311155578,0.00159707047504412
0.0858166928391532,1.03217524340486,2089.91995997999,0.00249901290771155
0.0879787402048444,2.85176528809274,2099.97498749375,0.00300955577656894
0.0745397592962984,1.00577451078852,2098.62431215608,0.00133982881913484
0.0946988622674845,1.0232988843187,2084.21710855428,0.00348820133433866
0.0867672289982333,1.01158236655188,2089.01950975488,0.00246797138230616
0.0757211916905162,1.00867425853989,2097.57378689345,0.00160108248939038
0.0805121201951597,1.00577451078852,2093.52176088044,0.00202367908527035
0.0790657835614366,1.00867425853989,2094.72236118059,0.00167444655642923
0.0900444074428734,1.01449885892793,2086.91845922961,0.00132484532230605
0.0940762929908586,1.03217524340486,2084.66733366683,0.00342911253652207
0.0960852740061614,2.65372529430481,2093.37168584292,0.00382212709365095
0.0875844883254656,1.02035709353375,2088.56928464232,0.00123208485042637
0.0984219549748017,1.00577451078852,2081.9659829915,0.00313790600807382
0.0985554980246635,1.01158236655188,2081.9659829915,0.00169814201200085
0.087758874733056,2.04799000112185,2096.3731865933,0.00295943795065205
0.086925859130343,1.02035709353375,2089.01950975488,0.00209977178128446
0.0891051335826665,1.00288309926358,2087.36868434217,0.00257735929611645
0.0992609010000187,1.00288309926358,2081.51575787894,0.00248465060475081
0.0854307576836764,1.00867425853989,2089.91995997999,0.00211092784589876
0.0885654523738073,1.01158236655188,2087.81890945473,0.00136595383765137
0.0970100291900724,1.00288309926358,2082.71635817909,0.00333205967926098
0.0915639433610361,1.00577451078852,2085.86793396698,0.00216806109485623
0.0968670771123439,1.01158236655188,2082.86643321661,0.00191288719649651
0.0997394335882263,1.04714060664789,2081.66583291646,0.00406134726263598
0.0804907472577348,1.00577451078852,2093.52176088044,0.0012487162769999
0.0954215656404997,1.00577451078852,2083.6168084042,0.0028952316765354
0.0992238648991948,1.00288309926358,2081.51575787894,0.00314027840766911
0.091620974876615,1.00867425853989,2085.86793396698,0.00280989328170183
0.094822430846231,1.02920793476607,2084.06703351676,0.00355065800898882
0.0932470330814727,1.00288309926358,2084.81740870435,0.00108796644468933
0.0981263883231911,2.42017049201696,2091.12056028014,0.0040448773787134
0.0828746245007672,1.017423759841,2091.87093546773,0.00146784675264979
0.0998775311883077,1.00577451078852,2081.2156078039,0.00228281748099723
0.0889505566479776,1.00577451078852,2087.51875937969,0.00243012146456049
0.0920033680886963,1.00288309926358,2085.56778389195,0.00142210777713202
0.0761615607411358,1.00288309926358,2097.12356178089,0.00177837288641699
0.0995371414503973,1.00288309926358,2081.36568284142,0.00332773232023355
0.0762424015810686,1.00867425853989,2097.12356178089,0.00173424751079104
0.0938747134425506,1.00867425853989,2084.51725862931,0.00320858892404155
0.0880858133082778,1.0232988843187,2088.26913456728,0.00254652478529536
0.0976307869931595,1.00867425853989,2082.41620810405,0.00212276137478732
0.0864715002164335,1.03217524340486,2089.46973486743,0.00164688402930953
0.0884759602250501,1.00577451078852,2087.81890945473,0.00201707830729683
0.0945852628326751,1.00288309926358,2084.06703351676,0.00261558479002038
0.0894674944623766,1.00867425853989,2087.21860930465,0.00126459235925187
0.0928714846683143,1.00867425853989,2085.11755877939,0.00193126832009685
0.0990238120920875,1.00577451078852,2081.66583291646,0.00239725501356778
0.0827022754758649,1.03217524340486,2092.17108554277,0.00176026886135669
0.0923382925698042,1.02035709353375,2085.56778389195,0.00123096496794617
0.0803140442199753,1.00577451078852,2093.67183591796,0.00194556730546243
0.0982615656993597,1.01158236655188,2082.11605802901,0.0017948607111025
0.0976036788121616,1.00577451078852,2082.41620810405,0.00338010889563309
0.0802536025236682,1.00288309926358,2093.67183591796,0.00226500531450898
0.0767109810198284,1.00577451078852,2096.67333666833,0.0016325635833582
0.0988570633539661,1.01158236655188,2081.81590795398,0.00248069730328748
0.088422703031191,1.00288309926358,2087.81890945473,0.00213162304325987
0.0845743023437139,1.00867425853989,2090.52026013007,0.00182481217111691
0.0973576170850867,1.00867425853989,2082.56628314157,0.00101765286559332
0.0794243462418035,1.00867425853989,2094.42221110555,0.00190297868900382
0.0835605943202462,1.035151107089,2091.5707853927,0.00116951093655041
0.0838609039398266,1.00288309926358,2090.97048524262,0.00247087301203496
0.0969687215487342,1.00288309926358,2082.71635817909,0.0022073525497637
0.0839205157178952,1.03217524340486,2091.27063531766,0.00210741628433351
0.0995185457979176,1.00288309926358,2081.36568284142,0.00326903048794216
0.0992247899603845,1.93897358646993,2088.11905952976,0.00417438127876697
0.0901060375265443,1.00577451078852,2086.7683841921,0.00212137829066811
0.0864477875808008,1.00577451078852,2089.1695847924,0.0016203755673895
0.0749203372730965,1.03217524340486,2098.62431215608,0.00141754030902344
0.0941731326556008,1.19198027101602,2086.0180090045,0.00351668511890494
0.0987734976852522,1.00867425853989,2081.81590795398,0.00170897629400814
0.096425106423578,1.00288309926358,2083.01650825413,0.00195061428382205
0.0730575986317179,1.00288309926358,2099.97498749375,0.00118685005400282
0.074185257240388,1.02624915657849,2099.22461230615,0.00146278991538183
0.0873707563922649,1.02035709353375,2088.71935967984,0.00227055400499643
0.0902166073756323,1.01158236655188,2086.7683841921,0.00228089560650459
0.0943293906224568,1.017423759841,2084.3671835918,0.00123689064117123
0.0996023536500611,1.00577451078852,2081.36568284142,0.00326013631548948
0.0801126290112106,1.08394875824941,2094.72236118059,0.00227251608776772
0.0897980184496615,1.01449885892793,2087.06853426713,0.00225530188600901
0.0803731130885566,1.00867425853989,2093.67183591796,0.00127529129628325
0.0781147923950204,1.00577451078852,2095.47273636818,0.00108906762398057
0.0962400388633063,1.00577451078852,2083.16658329165,0.00179159850078631
0.0948911644651759,1.00577451078852,2083.91695847924,0.00115259606767622
0.097042214677803,1.00577451078852,2082.71635817909,0.00372682293691245
0.0861600633203578,1.01449885892793,2089.46973486743,0.00119253788991816
0.0809359623048498,1.00867425853989,2093.2216108054,0.00115019568287174
0.0907896652627605,1.00288309926358,2086.31815907954,0.0026966808617455
0.0748915690984094,1.00867425853989,2098.32416208104,0.00189467370952755
0.0999444795580661,1.00867425853989,2081.2156078039,0.00311929045443501
0.0916009591002978,1.00867425853989,2085.86793396698,0.00144261190442108
0.0998632710095696,1.3804955427344,2084.3671835918,0.004162990921898
0.0884595523345466,1.017423759841,2087.96898449225,0.00217486140655428
0.0936050983590483,1.02035709353375,2084.81740870435,0.00123435822123072
0.0990404680590048,1.00577451078852,2081.66583291646,0.00230958569057991
0.0895552393380795,1.23743709481674,2089.46973486743,0.00303732076267143
0.0972944500639338,4.43008034640065,2097.87393696848,0.00400687843420288
0.0957547641191034,1.00867425853989,2083.46673336668,0.00215962461052919
0.099324700326228,1.00577451078852,2081.51575787894,0.00141878980080721
0.0916040014614359,1.00867425853989,2085.86793396698,0.0016851373500007
0.0933457669094885,1.02035709353375,2084.96748374187,0.00307529339626715
0.0999305124116413,1.00867425853989,2081.2156078039,0.00268489330222236
0.0833626559185328,1.0232988843187,2091.5707853927,0.001387466893775
0.0881050582191342,1.0232988843187,2088.26913456728,0.00146815259240179
0.0908242484160789,1.00577451078852,2086.31815907954,0.00125287883823941
0.0967702223930142,1.00577451078852,2082.86643321661,0.00123906409337253
0.0942235752591505,1.01158236655188,2084.3671835918,0.00291203547904853
0.0979038532408016,1.00577451078852,2082.26613306653,0.00201871969293658
0.0985719835375966,1.01158236655188,2081.9659829915,0.00204257564757097
0.0979259889247985,1.00867425853989,2082.26613306653,0.00304006865376266
0.0952538216534267,1.01158236655188,2083.76688344172,0.00159595502104613
0.0881800228202985,1.01449885892793,2088.11905952976,0.00264900336529426
0.0887988404861447,1.01158236655188,2087.66883441721,0.00284547682813649
0.0956797178434005,1.00577451078852,2083.46673336668,0.002670305939242
0.0918775350161677,1.00867425853989,2085.71785892946,0.00108594922821637
0.0960802625827201,1.01158236655188,2083.31665832916,0.00167879657978077
0.0998225050009448,1.78366310156055,2086.91845922961,0.00423695568352321
0.0935711784762252,1.00577451078852,2084.66733366683,0.00118068465610073
0.0989885411651383,1.00577451078852,2081.66583291646,0.00347069541049878
0.0818525734594937,1.00577451078852,2092.47123561781,0.00159056720797151
0.0883272727235891,1.0232988843187,2088.11905952976,0.00136964669509622
0.0952687606221964,1.01158236655188,2083.76688344172,0.00349771346083291
0.0918988614331693,1.01158236655188,2085.71785892946,0.00173248684205361
0.0957216534245192,1.00867425853989,2083.46673336668,0.00222739937008095
0.0897172660779215,1.0232988843187,2087.21860930465,0.00124586989057338
0.0746236046310651,1.01158236655188,2098.62431215608,0.00102212272820701
0.0915661303593066,1.46231609576324,2089.91995997999,0.0032759733654548
0.0947373131814073,1.01158236655188,2084.06703351676,0.00133543462077503
0.0896078433927693,1.017423759841,2087.21860930465,0.00242608037623676
0.0838422657496094,1.39247031798524,2094.87243621811,0.00257924484447138
0.0894381224981802,1.02035709353375,2087.36868434217,0.00144832675010721
0.097381863112684,1.00867425853989,2082.56628314157,0.00367976876397931
0.0941226599419621,1.02035709353375,2084.51725862931,0.00152764553695924
0.0874317685724489,1.01158236655188,2088.56928464232,0.00206796419524127
0.0963060300327704,1.01158236655188,2083.16658329165,0.00317710441758465
0.080254871828846,1.00288309926358,2093.67183591796,0.00140656820097181
0.091919688511373,1.01158236655188,2085.71785892946,0.00259068976499919
0.0843279452513123,1.03217524340486,2090.97048524262,0.0010039426287472
0.0975285868545074,1.00288309926358,2082.41620810405,0.00168755745151771
0.0999791252339462,1.01158236655188,2081.2156078039,0.00220925354631659
0.0813394272672917,1.00867425853989,2092.92146073037,0.00178323711764621
0.0879414274176128,1.01449885892793,2088.26913456728,0.00150837287085938
0.0996935341717373,1.01158236655188,2081.36568284142,0.00215881840884142
0.0943542057469237,1.00577451078852,2084.21710855428,0.00301484581274656
0.0756552288886667,1.00288309926358,2097.57378689345,0.00182587691725514
0.0973400227348983,1.00577451078852,2082.56628314157,0.00356354702930269
0.0851012685221474,1.01449885892793,2090.22011005503,0.00193572339239746
0.0833656028892023,1.0232988843187,2091.5707853927,0.00134916670236659
0.0784443158538277,1.00288309926358,2095.17258629315,0.00185178777735082
0.0921542904381416,1.01158236655188,2085.56778389195,0.00213010784493875
0.0933354625574519,1.85168407581574,2091.27063531766,0.00350771593971581
0.0993952951090027,1.01158236655188,2081.51575787894,0.00342594150621827
0.0824565264705721,1.02920793476607,2092.32116058029,0.00205806596401736
0.0899370149097483,1.00867425853989,2086.91845922961,0.00172397434647772
0.0908340651019332,1.00577451078852,2086.31815907954,0.00148442916620761
0.0749052343536342,1.00867425853989,2098.32416208104,0.00160714799594363
0.0841792630581898,1.035151107089,2091.12056028014,0.00170598270885705
0.0992521242836851,1.00288309926358,2081.51575787894,0.00344804791785248
0.0861950333282951,1.00288309926358,2089.31965982992,0.00233768994974379
0.0766615533917945,1.00288309926358,2096.67333666833,0.00180853130688594
0.0956553208145682,1.03217524340486,2083.76688344172,0.00207349529648371
0.0770799886292419,1.00867425853989,2096.3731865933,0.00180270912970661
0.0827681409412555,1.0232988843187,2092.02101050525,0.00194915146928676
0.0841913932061488,1.0232988843187,2090.97048524262,0.00106601010146998
0.0979223516039328,1.00867425853989,2082.26613306653,0.00380447317593561
0.0895688860258849,1.01449885892793,2087.21860930465,0.00274023494213816
0.0881262941880888,1.12853005133194,2089.31965982992,0.00290884872067221
0.0970668149559322,1.00577451078852,2082.71635817909,0.00248729854299309
0.0947227711451364,1.01158236655188,2084.06703351676,0.00218097515936863
0.0783067346952059,1.00577451078852,2095.32266133067,0.00127030757028163
0.0860093072066459,1.017423759841,2089.61980990495,0.00212546813420059
0.0887681220287776,1.00867425853989,2087.66883441721,0.00126587914139948
0.0980801626895574,1.00288309926358,2082.11605802901,0.00149834406536396
0.0929214324415369,1.01158236655188,2085.11755877939,0.00195188766559548
0.0925280148117414,1.017423759841,2085.41770885443,0.0018048922146779
0.0878697828847945,1.0232988843187,2088.4192096048,0.00102776789549537
0.0843967416121289,1.0232988843187,2090.8204102051,0.00122234796322418
0.0951319614606571,1.00577451078852,2083.76688344172,0.00167706639721609
0.088267446082889,1.02035709353375,2088.11905952976,0.00230413961010774
0.0805016399004445,1.00577451078852,2093.52176088044,0.00146864711770467
0.091529168004099,1.00288309926358,2085.86793396698,0.00288757937235592
0.0886898639299341,1.017423759841,2087.81890945473,0.00158659778341504
0.0807674276462278,1.00867425853989,2093.37168584292,0.00188246676371944
0.099251247688413,1.00288309926358,2081.51575787894,0.00123456543371061
0.0847748078955148,2.28475538672293,2099.97498749375,0.00271370535298566
0.082658263379869,1.02920793476607,2092.17108554277,0.0010063963211468
0.0992934098460653,1.00577451078852,2081.51575787894,0.00378438743151149
0.078663415840374,1.00577451078852,2095.02251125563,0.00153746461046915
0.0906217614279176,1.02035709353375,2086.61830915458,0.00121846968896015
0.083916222138163,1.03217524340486,2091.27063531766,0.00184109279237301
0.0989806919359397,1.36468921205103,2084.66733366683,0.00408084968899901
0.0843389883657781,1.03217524340486,2090.97048524262,0.00120947457924207
0.0851775711645489,1.03217524340486,2090.37018509255,0.00255550724384048
0.0918010923707172,1.00577451078852,2085.71785892946,0.00176187463155828
0.0963366096075859,1.01158236655188,2083.16658329165,0.00283155452378047
0.087865930626115,1.0232988843187,2088.4192096048,0.00284708702487435
0.0914861565972682,1.01449885892793,2086.0180090045,0.00162369133631814
0.0803294788688295,1.00577451078852,2093.67183591796,0.00106270602994773
0.0751890580807708,1.00577451078852,2098.024012006,0.00127611254361781
0.0996732673571273,1.00867425853989,2081.36568284142,0.0022364914242166
0.0962931537848871,1.00867425853989,2083.16658329165,0.00116898098510655
0.0959289206378477,1.00577451078852,2083.31665832916,0.00322608820916093
0.096510393402811,1.00577451078852,2083.01650825413,0.00279508068909828
0.0740117792035051,1.00288309926358,2099.07453726863,0.00142953892650859
0.0833044596597945,1.03217524340486,2091.72086043021,0.00145968521836679
0.0938477785247075,1.00577451078852,2084.51725862931,0.00180156096910098
0.0778065368494652,1.00867425853989,2095.77288644322,0.00136567340992262
0.0940356021874171,1.46653209822205,2088.4192096048,0.00351277800078795
0.091150940533963,1.0232988843187,2086.31815907954,0.00159334539766653
0.0843785532129538,1.32596064017055,2093.82191095548,0.0026283091711054
0.0758855741797643,1.00867425853989,2097.42371185593,0.00132913054069078
0.0898563005402482,1.017423759841,2087.06853426713,0.00106409796561975
0.0994333452433838,1.01158236655188,2081.51575787894,0.00335802191466639
0.0973154523834333,1.00577451078852,2082.56628314157,0.00104793031986401
0.0967006131798558,1.03217524340486,2083.16658329165,0.00370840668588061
0.0813075910419269,1.00867425853989,2092.92146073037,0.00203879002110135
0.0960709802462928,1.01158236655188,2083.31665832916,0.0029122179067601
0.0752272117336769,1.00867425853989,2098.024012006,0.00123637503606185
0.0979554378135413,1.00867425853989,2082.26613306653,0.00259825033671746
0.085348294658634,1.017423759841,2090.07003501751,0.00232953387100356
0.0990668406053702,1.00867425853989,2081.66583291646,0.00367437490842043
0.0987263410594073,1.00577451078852,2081.81590795398,0.00122143673975295
0.0975631975897403,1.00288309926358,2082.41620810405,0.00205834007438017
0.0837951413781242,1.01158236655188,2091.12056028014,0.00149392814628243
0.0783029001088841,1.00577451078852,2095.32266133067,0.0012976380635825
0.089831529188922,1.00288309926358,2086.91845922961,0.00151565543976228
0.095072044287471,1.00288309926358,2083.76688344172,0.00222683517801772
0.0891928298161451,1.02035709353375,2087.51875937969,0.00210191613395127
0.0973054776698031,1.00577451078852,2082.56628314157,0.00214824394724305
0.0964893013672576,1.29204553462562,2085.56778389195,0.00376413885375766
0.0850984975197216,1.01449885892793,2090.22011005503,0.00247137162365051
0.0777896893749159,1.00867425853989,2095.77288644322,0.00198260192475272
0.091968889522638,1.38846722913941,2089.1695847924,0.00328433294494356
0.0863374358946209,1.01158236655188,2089.31965982992,0.00156116230668126
0.0775807706594464,1.35295334494457,2099.67483741871,0.00212416409534325
0.0836822319389132,1.017423759841,2091.27063531766,0.00137457687395861
0.0964771970977118,1.00577451078852,2083.01650825413,0.00342579724075862
0.0906825173597432,1.01158236655188,2086.46823411706,0.00118159815256939
0.089136063068977,1.017423759841,2087.51875937969,0.00139618253093709
0.0936061104102884,1.02035709353375,2084.81740870435,0.00292049016167666
0.084987016167683,1.02035709353375,2090.37018509255,0.00239447248922519
0.0959230610082216,2.29134256329585,2091.87093546773,0.003811299038433
0.0954356119915596,1.02035709353375,2083.76688344172,0.00160298027920572
0.0992092327144161,1.01449885892793,2081.66583291646,0.00397414350275873
0.09782234627046,1.00288309926358,2082.26613306653,0.00279092102644117
0.0879007150907318,1.01158236655188,2088.26913456728,0.00142396309486015
0.0862682500993512,1.02035709353375,2089.46973486743,0.0014539476313259
0.0892340977220515,1.00867425853989,2087.36868434217,0.002297777764193
0.083845971393989,1.01449885892793,2091.12056028014,0.00200435967625682
0.0845541551496043,1.02035709353375,2090.67033516758,0.00149336832850381
0.0758376848389749,1.03813555048354,2097.87393696848,0.00133932000140359
0.0731336238771968,1.00867425853989,2099.97498749375,0.00147822555971999
0.0916360097652393,1.00867425853989,2085.86793396698,0.0012127873039099
0.081722911786996,1.00867425853989,2092.62131065533,0.00121120952287814
0.0947187551427878,1.01158236655188,2084.06703351676,0.00231580798969158
0.0954725751222155,1.00867425853989,2083.6168084042,0.00333913328757152
0.0990898444418087,1.00867425853989,2081.66583291646,0.00369834653952828
0.0928401380314144,1.02035709353375,2085.26763381691,0.00189319973169555
0.0908856758709537,1.00867425853989,2086.31815907954,0.00131659251192236
0.0832063149526471,1.03813555048354,2091.87093546773,0.00112931848905186
0.0792038628268758,1.00577451078852,2094.57228614307,0.00137873662305527
0.0773788487904131,1.00288309926358,2096.07303651826,0.00102858595360184
0.0961420586239507,1.00288309926358,2083.16658329165,0.00200336987105294
0.0982020440438989,1.00867425853989,2082.11605802901,0.00283250878421972
0.0813255991105742,1.00867425853989,2092.92146073037,0.00126033012203715
0.0818234132283242,1.00288309926358,2092.47123561781,0.00199694959837991
0.091677380660315,1.01158236655188,2085.86793396698,0.00248934882167852
0.077392649763927,1.00577451078852,2096.07303651826,0.00202027639010277
0.0870874359475312,1.017423759841,2088.86943471736,0.00182960278083142
0.082474625005261,1.017423759841,2092.17108554277,0.00194199902246621
0.0996828103794862,1.01158236655188,2081.36568284142,0.00199334734548473
0.0928345217609911,1.00288309926358,2084.96748374187,0.00333705051992383
0.0993018152970332,1.00577451078852,2081.51575787894,0.00180956375615909
0.0997241951473769,1.01158236655188,2081.36568284142,0.00270209079642405
0.093167589291782,1.01158236655188,2084.96748374187,0.00322968819176354
0.0973471727925735,1.00867425853989,2082.56628314157,0.0029392196156482
0.096095675353609,1.20578622343754,2085.11755877939,0.00368937111359246
0.0748328233361797,1.01449885892793,2098.47423711856,0.00112311824809286
0.0763194189440513,1.00288309926358,2096.97348674337,0.00168833821234639
0.0996158582152883,1.00577451078852,2081.36568284142,0.0020953386666363
0.08436680204654,1.45392041663176,2095.02251125563,0.00261828769646391
0.0972474344141408,1.00288309926358,2082.56628314157,0.00124103356116538
0.0893502489415266,1.00288309926358,2087.21860930465,0.00194501197485025
0.0974168075227334,1.01158236655188,2082.56628314157,0.00312682894308801
0.0878221208659553,1.02035709353375,2088.4192096048,0.0019962092325473
0.0910054917882057,1.01449885892793,2086.31815907954,0.00232491619202082
0.0871042376366067,1.017423759841,2088.86943471736,0.00244780363892418
0.0799254696011526,1.00577451078852,2093.971985993,0.00156723198334775
0.098731460174552,1.00577451078852,2081.81590795398,0.00286554786166717
0.0974392763124938,1.01158236655188,2082.56628314157,0.00247238493295452
0.0882293437057879,1.017423759841,2088.11905952976,0.0017736751156977
0.0876466582442153,1.0232988843187,2088.56928464232,0.00161509324607838
0.096000108155829,1.00867425853989,2083.31665832916,0.00299250792943676
0.088808048296833,1.01158236655188,2087.66883441721,0.00121956137052623
0.0884334121167514,1.00288309926358,2087.81890945473,0.001148477725101
0.0806362124518872,1.15482354244809,2095.17258629315,0.00230396951207011
0.0959127046327734,1.00288309926358,2083.31665832916,0.00155048371027195
0.0812550404186032,1.00288309926358,2092.92146073037,0.00138443790960279
0.0925537029937463,1.00577451078852,2085.26763381691,0.00161181296944488
0.0913773508184029,1.00867425853989,2086.0180090045,0.00218731237407364
0.0832258245237411,1.01449885892793,2091.5707853927,0.00189617778973942
0.0909509973536399,1.01158236655188,2086.31815907954,0.00231128688836352
0.0921507366724649,1.01158236655188,2085.56778389195,0.00249015459203507
0.0957686508464285,1.01158236655188,2083.46673336668,0.00136881615043041
0.0995547288554491,1.00288309926358,2081.36568284142,0.00266152372776233
0.0884675704296628,1.00577451078852,2087.81890945473,0.00112235128531642
0.094349878559475,1.00577451078852,2084.21710855428,0.00134860270319208
0.0819205386872127,1.00867425853989,2092.47123561781,0.00129496165405
0.0978288916311023,1.00288309926358,2082.26613306653,0.00226970587882814
0.0996101672300377,1.00577451078852,2081.36568284142,0.00270762711912713
0.0793894440799977,1.00577451078852,2094.42221110555,0.0016779311288488
0.099252758817862,1.31834782642385,2084.21710855428,0.00408507755628388
0.083035625881988,1.00288309926358,2091.5707853927,0.00190440656055715
0.0833537152712622,1.1028352210931,2092.47123561781,0.00250465016591277
0.0971346756650034,1.01158236655188,2082.71635817909,0.0026066583092741
0.095418453134806,1.00577451078852,2083.6168084042,0.00318562579576618
0.0975285326100625,1.00288309926358,2082.41620810405,0.0021421479613144
0.07450821870738,1.02624915657849,2098.92446223112,0.00152007003945535
0.0959068846274138,1.00288309926358,2083.31665832916,0.003138928603532
0.0901839195535681,1.0232988843187,2086.91845922961,0.00246674841417585
0.0978555602622823,1.00577451078852,2082.26613306653,0.00266680190801768
0.0860395404873186,1.02035709353375,2089.61980990495,0.0016063107964625
0.0944422368348709,1.03813555048354,2084.51725862931,0.0015218367915539
0.097802706540705,1.00288309926358,2082.26613306653,0.00158267907802943
0.0811330250786445,1.00867425853989,2093.07153576788,0.00201230942778525
0.0783315405979281,1.00867425853989,2095.32266133067,0.00182663676413993
0.0793984961056895,1.00577451078852,2094.42221110555,0.00211524468677277
0.099430057338615,1.01158236655188,2081.51575787894,0.00107072738356877
0.0924983457485474,1.00288309926358,2085.26763381691,0.00323760406635358
0.0773707019378865,1.00288309926358,2096.07303651826,0.00152212271168818
0.0998057871857986,1.00288309926358,2081.2156078039,0.00316868071235056
0.0977961708869232,1.00288309926358,2082.26613306653,0.00308774719665836
0.0872808825840174,1.00288309926358,2088.56928464232,0.00160034092779909
0.0939585504744367,1.01158236655188,2084.51725862931,0.00217383442925353
0.0982246992198539,1.00867425853989,2082.11605802901,0.00302183337791587
0.0908203600453779,1.87313095952011,2093.2216108054,0.00321796569324008
0.0784130375833099,1.00288309926358,2095.17258629315,0.00199275582622222
0.0896964781103412,1.00867425853989,2087.06853426713,0.00203000983979326
0.090087939363645,1.017423759841,2086.91845922961,0.00107944877801671
0.0844683234508397,1.01449885892793,2090.67033516758,0.00214708530672303
0.0830559045617358,1.02920793476607,2091.87093546773,0.00124742379977723
0.0951401654627614,1.00577451078852,2083.76688344172,0.00342570978001792
0.0822268027178889,1.01449885892793,2092.32116058029,0.00156027352668346
0.0877224452073806,1.09650345009091,2089.31965982992,0.00285426054552626
0.0934100826629257,1.01158236655188,2084.81740870435,0.00277199041687735
0.0827239621238739,1.00867425853989,2091.87093546773,0.00174127823045391
0.0945852066295047,1.56692699337341,2088.71935967984,0.00360336245170916
0.0748575504602984,1.00577451078852,2098.32416208104,0.00186475304962562
0.0997158935060393,1.01158236655188,2081.36568284142,0.00213061012989551
0.0986571875451359,1.00288309926358,2081.81590795398,0.00246465247126927
0.0801126090726838,1.26626799854054,2096.67333666833,0.0022902750507051
0.0887808234597303,1.0232988843187,2087.81890945473,0.00204674141465263
0.0880844349643831,1.0232988843187,2088.26913456728,0.00227044712241035
0.0794075683149904,1.00867425853989,2094.42221110555,0.00220599283707561
0.0954014277948545,1.00577451078852,2083.6168084042,0.00125565306639584
0.091300876206381,1.017423759841,2086.16808404202,0.00247204518437599
0.094479820599646,1.01158236655188,2084.21710855428,0.00194441755083765
0.0881722777410928,1.01449885892793,2088.11905952976,0.00140147269468493
0.095950462748926,1.00577451078852,2083.31665832916,0.00178980749789816
0.0754872793016637,1.00288309926358,2097.72386193097,0.0012055841536905
0.0984145440786635,1.00288309926358,2081.9659829915,0.00381270249028411
0.0934429362932164,1.01158236655188,2084.81740870435,0.00244581022916894
0.0982181616999354,1.00867425853989,2082.11605802901,0.00310793562476035
0.0995175013632963,1.00288309926358,2081.36568284142,0.00218804124404656
0.0927819115064632,1.017423759841,2085.26763381691,0.00117179800257903
0.0808346037811733,1.00288309926358,2093.2216108054,0.00223704518538661
0.0901501776893048,1.00867425853989,2086.7683841921,0.00267078186000078
0.0801080113558642,1.00288309926358,2093.82191095548,0.00201147470397094
0.0942587590592705,2.65372529430481,2094.57228614307,0.00362801733591516
0.0736923351992517,1.01449885892793,2099.52476238119,0.00164374323000778
0.0814502193763987,1.00288309926358,2092.77138569285,0.00207068319786946
0.077689372403213,1.00288309926358,2095.77288644322,0.00119414119224924
0.093666541610662,1.01158236655188,2084.66733366683,0.00148314836622342
0.0918792752296994,1.00867425853989,2085.71785892946,0.00144466245148902
0.0918969904688817,1.0232988843187,2085.86793396698,0.00189707452729123
0.0798882741652549,1.00288309926358,2093.971985993,0.00130594259017889
0.0797715188673099,1.00577451078852,2094.12206103052,0.0010214333690755
0.0770256817817773,1.00288309926358,2096.3731865933,0.00116716574200363
0.0914821877889307,1.01449885892793,2086.0180090045,0.00216959041870029
0.0968155621731921,2.44116367657533,2092.02101050525,0.00389856975670256
0.0966423953518404,1.45811221351425,2086.7683841921,0.00379696694544854
0.0847614983940446,1.02035709353375,2090.52026013007,0.00244155164845904
0.0951003092109847,1.00288309926358,2083.76688344172,0.00275312199339061
0.0918635633768167,1.00867425853989,2085.71785892946,0.00175354768052225
0.0902728131787278,1.01449885892793,2086.7683841921,0.00169589630491838
0.0736624966282078,1.0232988843187,2099.67483741871,0.00165164187240269
0.0822998258997727,1.04413027541975,2092.62131065533,0.00132440667711933
0.0777119096005726,1.00288309926358,2095.77288644322,0.00160993056492961
0.0930235204980002,1.00288309926358,2084.96748374187,0.0028046467451445
0.0867004733610219,1.02035709353375,2089.1695847924,0.00181776779161156
0.083135096058078,1.00867425853989,2091.5707853927,0.00137791972211701
0.0845466598569003,1.03217524340486,2090.8204102051,0.00112760042854153
0.098409962447993,1.00288309926358,2081.9659829915,0.00143672072081577
0.092588423213391,1.02035709353375,2085.41770885443,0.00291648210281376
0.0920708117868098,1.00577451078852,2085.56778389195,0.00225083352511059
0.0779525614305865,1.00577451078852,2095.6228114057,0.00200579132794553
0.0975650139527836,1.00288309926358,2082.41620810405,0.00120000696168467
0.0968683621902517,1.01158236655188,2082.86643321661,0.00196276449237731
0.082852751951308,1.02920793476607,2092.02101050525,0.00162778260026535
0.0977279559342247,1.01158236655188,2082.41620810405,0.00312735497732233
0.0841109860355527,1.00577451078852,2090.8204102051,0.00121828104150184
0.0947327423999412,1.01158236655188,2084.06703351676,0.00286703827160181
0.0922926997921414,1.00577451078852,2085.41770885443,0.00219096359387096
0.0989406783954081,1.00288309926358,2081.66583291646,0.00126715652477099
0.0928680214261337,1.00867425853989,2085.11755877939,0.00292245113898321
0.0996343526600625,5.32637338722108,2098.17408704352,0.00429246796445139
0.0837764614194778,1.0232988843187,2091.27063531766,0.0020862146688019
0.0996971195736825,1.01158236655188,2081.36568284142,0.00189008070542098
0.091543875228626,1.017423759841,2086.0180090045,0.00253736290209898
0.0971759618996443,1.40454896553258,2086.0180090045,0.00386674972897737
0.0755759897352237,1.00867425853989,2097.72386193097,0.00113197771396051
0.0878496363459323,1.00867425853989,2088.26913456728,0.002408596177712
0.0969713894750234,1.00288309926358,2082.71635817909,0.00254968502764625
0.0897036047507169,1.00867425853989,2087.06853426713,0.00147249224786594
0.0908012172165938,1.017423759841,2086.46823411706,0.00197529745734928
0.0920420842772898,1.00577451078852,2085.56778389195,0.00267865701470403
0.0920595762025902,1.00577451078852,2085.56778389195,0.0019454122397559
0.0892433691481316,1.0232988843187,2087.51875937969,0.00177753387586245
0.0777440859097071,1.00577451078852,2095.77288644322,0.0013031727263918
0.0960725536527216,1.01158236655188,2083.31665832916,0.00289886959887908
0.090992448255996,1.01449885892793,2086.31815907954,0.00145158595766394
0.0779729368112854,1.00867425853989,2095.6228114057,0.00195730641884545
0.0894208070469376,1.02035709353375,2087.36868434217,0.00248996817028797
0.0967028502758529,1.00288309926358,2082.86643321661,0.00256912382700771
0.0915512764165037,1.00577451078852,2085.86793396698,0.00232264815450272
0.0907978177432688,1.00288309926358,2086.31815907954,0.00240404102408248
0.0943867582198672,1.035151107089,2084.51725862931,0.00304716843721529
0.0923083589741409,1.00577451078852,2085.41770885443,0.00258874922021417
0.087329549437103,1.017423759841,2088.71935967984,0.00261502686489312
0.0976756922675629,1.00867425853989,2082.41620810405,0.00106917137802521
0.0905524556940226,1.00288309926358,2086.46823411706,0.00279408059892919
0.0968765444898311,1.01158236655188,2082.86643321661,0.00193139996304904
0.0798098521552131,1.00867425853989,2094.12206103052,0.00136040268839823
0.0830260824346771,1.01449885892793,2091.72086043021,0.00225773261656505
0.082879852893525,1.00577451078852,2091.72086043021,0.00217679531971936
0.0932733238250879,1.00288309926358,2084.81740870435,0.00160761325529607
0.0864083181744558,1.00288309926358,2089.1695847924,0.00260724544183931
0.0871835128533083,1.0232988843187,2088.86943471736,0.00245296594195339
0.0999049482472325,1.00577451078852,2081.2156078039,0.00159121774472877
0.0951838714366208,1.00867425853989,2083.76688344172,0.00133870843755197
0.094127185981191,1.035151107089,2084.66733366683,0.00297459461443983
0.0792606863801859,1.00867425853989,2094.57228614307,0.00148143941707299
0.0920153334362718,1.00288309926358,2085.56778389195,0.00139571599936257
0.0941660052438434,2.94352153037066,2095.77288644322,0.00361708838250287
0.0977260034307319,1.01158236655188,2082.41620810405,0.00359593859097157
0.0860771703470196,1.00867425853989,2089.46973486743,0.00177822424071349
0.0952509600862792,1.01158236655188,2083.76688344172,0.00174028091306908
0.0979223313701049,1.00867425853989,2082.26613306653,0.00230281896676754
0.099307115393017,1.00577451078852,2081.51575787894,0.00156049756635585
0.0809226700823006,1.00867425853989,2093.2216108054,0.00223018408496461
0.0951793636373149,1.00867425853989,2083.76688344172,0.00324546947433451
0.07666250183205,1.00288309926358,2096.67333666833,0.00136763481719064
0.0848068726238837,1.035151107089,2090.67033516758,0.00133115226068723
0.0894284192498546,1.02035709353375,2087.36868434217,0.0022203869357059
0.0968876536528369,1.01158236655188,2082.86643321661,0.00302549925151461
0.0987671147165567,2.51246502599404,2091.12056028014,0.00412110053951046
0.0973317878579063,1.00577451078852,2082.56628314157,0.0031033515783735
0.0745395587279543,1.00577451078852,2098.62431215608,0.00140379055241207
0.0975725766563501,1.00577451078852,2082.41620810405,0.00225798992680136
0.0973638558854845,1.94456383978917,2089.31965982992,0.00393119345315185
0.0976229833492023,1.00577451078852,2082.41620810405,0.00224908386761831
0.0947442583770759,1.01158236655188,2084.06703351676,0.00154139434755276
0.0882449164053907,1.00577451078852,2087.96898449225,0.00108206262500776
0.0882469545808394,1.00577451078852,2087.96898449225,0.00155424767788815
0.085165277105592,1.00577451078852,2090.07003501751,0.0022630073728019
0.0957229961168527,1.47925317679908,2087.51875937969,0.00368080865201658
0.0770744281329954,1.02920793476607,2096.67333666833,0.00148954531107771
0.0757361010476191,1.00867425853989,2097.57378689345,0.00151175579194394
0.0910517428309119,1.017423759841,2086.31815907954,0.00192374835723996
0.094870029096054,1.00577451078852,2083.91695847924,0.00135845767414684
0.0781411694823847,1.00867425853989,2095.47273636818,0.00138908153207847
0.094549855653878,1.00288309926358,2084.06703351676,0.00110667738330644
0.0886468530930839,1.00288309926358,2087.66883441721,0.00135539989431234
0.0992225188692443,1.00288309926358,2081.51575787894,0.00271279284212884
0.088856607007058,1.01449885892793,2087.66883441721,0.0019156948956996
0.0802693049325129,1.00288309926358,2093.67183591796,0.00134672891337331
0.0792164734147797,1.00577451078852,2094.57228614307,0.00161038328272232
0.09839619076704,1.00288309926358,2081.9659829915,0.00197313958516395
0.0828266469544525,1.01449885892793,2091.87093546773,0.0010506399028375
0.0866146292717872,1.01449885892793,2089.1695847924,0.00263897908453039
0.0807062526481329,1.00577451078852,2093.37168584292,0.00148819956869003
0.0802883085291512,1.00288309926358,2093.67183591796,0.00124151787224415
0.081827177872286,1.00288309926358,2092.47123561781,0.00126659245538679
0.0877496234141048,1.00288309926358,2088.26913456728,0.00206800739468893
0.0999468158811346,1.00867425853989,2081.2156078039,0.00164269375865208
0.0786441744813223,1.00577451078852,2095.02251125563,0.00151297284523399
0.077805017355887,1.25899790157518,2098.62431215608,0.00212039344941706
0.0954367790596674,1.02035709353375,2083.76688344172,0.00273732173857315
0.0941624006351695,1.00867425853989,2084.3671835918,0.0020750876607502
0.0967192888117819,1.00288309926358,2082.86643321661,0.00218066413562252
0.0867492474277928,1.0232988843187,2089.1695847924,0.00216942159547321
0.0784086965039394,1.00288309926358,2095.17258629315,0.00156681681580795
0.0965702572853571,1.00867425853989,2083.01650825413,0.00158723922672927
0.0827034706930652,1.03217524340486,2092.17108554277,0.0021461700616799
0.0853755649536069,1.00577451078852,2089.91995997999,0.00177764305352123
0.087298471901461,1.00288309926358,2088.56928464232,0.00166480785310345
0.0779297726184097,1.00577451078852,2095.6228114057,0.00150807276335083
0.0955585122143412,1.11882507338448,2084.66733366683,0.00360539636863533
0.0840433259812661,1.01449885892793,2090.97048524262,0.00170632012361895
0.0997038337420833,1.01158236655188,2081.36568284142,0.00254765563717854
0.0821312183876148,1.00867425853989,2092.32116058029,0.00163650247522326
0.0911406722806512,1.00867425853989,2086.16808404202,0.00127675092419538
0.0953798901088926,1.00288309926358,2083.6168084042,0.00264749202785952
0.0921390943231305,1.0232988843187,2085.71785892946,0.00217181380110559
0.093090178673848,1.02035709353375,2085.11755877939,0.00123476670213337
0.0911328638206374,1.00867425853989,2086.16808404202,0.00169203203391034
0.0915676978740946,1.00577451078852,2085.86793396698,0.001078105822939
0.0907417171841735,1.61269369477906,2091.5707853927,0.00320487540680053
0.0891463763873221,1.017423759841,2087.51875937969,0.00215991580538624
0.0870807171828368,1.00288309926358,2088.71935967984,0.00102011764780209
0.0953758263109701,1.00288309926358,2083.6168084042,0.00143884096413701
0.0957727746646043,1.01158236655188,2083.46673336668,0.00119660732133418
0.0900627583413937,1.00288309926358,2086.7683841921,0.00142437119877879
0.0925595067280001,1.00577451078852,2085.26763381691,0.00317581574233873
0.0897184921796541,1.0232988843187,2087.21860930465,0.00222766732560453
0.0881226092206057,1.01158236655188,2088.11905952976,0.00183298591162307
0.0895044558544941,1.01158236655188,2087.21860930465,0.00164910852799213
0.0958134962480901,1.02624915657849,2083.6168084042,0.00301533753303271
0.0921767648271963,1.01158236655188,2085.56778389195,0.00129539279076417
0.0921054218927569,1.00867425853989,2085.56778389195,0.00233135450704012
0.0981871675089408,1.00577451078852,2082.11605802901,0.00253192388740968
0.091419709244545,1.01158236655188,2086.0180090045,0.00253546854510475
0.093387609537681,1.00867425853989,2084.81740870435,0.00245098801311683
0.0781005328752413,1.00577451078852,2095.47273636818,0.00171033199330352
0.0978970574314524,1.00577451078852,2082.26613306653,0.00156772885681643
0.0963514771499119,1.01158236655188,2083.16658329165,0.00344916791481436
0.0907970328034359,2.48369792620856,2096.3731865933,0.00324137592899486
0.095710837620615,1.035151107089,2083.76688344172,0.0016005069551396
0.0941857003937628,1.03813555048354,2084.66733366683,0.00313630355548099
0.0752352352786548,1.00867425853989,2098.024012006,0.00147679224693797
0.098659294551882,1.00288309926358,2081.81590795398,0.00293418431172883
0.0830145974792853,1.02624915657849,2091.87093546773,0.00149729337919766
0.0895041057166766,1.01158236655188,2087.21860930465,0.00131826808200001
0.094980523531943,1.01158236655188,2083.91695847924,0.00331573397413503
0.0920809842606726,1.02035709353375,2085.71785892946,0.00317962403309065
