0.0508284387670324,1.00288309926358,2079.11455727864,0.00517120748913979
0.0685500241910424,1.59422875299434,2074.012006003,0.0141481858934919
0.0862561663929737,1.23387969717049,2061.70585292646,0.0196527866127101
0.0937568277125859,1.63137250428789,2062.45622811406,0.0264877368085063
0.0977641181647859,1.67902152597229,2061.40570285143,0.0292151362521926
0.0967577447356549,4.14623977579979,2071.6108054027,0.0385929214185645
0.0835416763385183,1.00288309926358,2059.90495247624,0.0108856904017707
0.0842531516298756,1.13831921276723,2061.40570285143,0.0179938241628357
0.08229562902162,7.69966123740149,2086.7683841921,0.0277041401811235
0.0894698738131341,1.12853005133194,2059.45472736368,0.0198775515047627
0.0930629483391997,7.6115020308696,2080.01500750375,0.0381465402192591
0.0852024883703324,1.11882507338448,2060.80540270135,0.0182118696844633
0.0902292658428279,3.95958264771409,2074.16208104052,0.0320243405079352
0.0833386498063334,1.72806227717372,2067.25862931466,0.0213978698863221
0.0358910178505675,1.00577451078852,2099.67483741871,0.00210235397093861
0.0915555899335096,1.37256962462899,2061.10555277639,0.0232494131466795
0.0990686562049572,1.00288309926358,2055.25262631316,0.0203610243896519
0.0673169694596165,1.00288309926358,2067.10855427714,0.00513443794325931
0.0807531755273353,1.00288309926358,2060.95547773887,0.00628357295827287
0.0642435873046872,1.00288309926358,2068.90945472736,0.00934621100882878
0.0994689519970923,1.75311720834914,2061.40570285143,0.0308225232836714
0.0765736242116428,2.73123512958793,2077.01350675338,0.0202845511197693
0.0698462578353008,1.00288309926358,2065.75787893947,0.00502762105640743
0.0404641501674696,1.00288309926358,2091.72086043021,0.0024101739504411
0.0378904167401309,1.00288309926358,2095.92296148074,0.00160661276635614
0.074066513785322,1.25899790157518,2067.25862931466,0.0149907667372081
0.0736772320316042,1.04714060664789,2064.55727863932,0.0136635820513143
0.0676399735711223,1.00288309926358,2066.95847923962,0.00674308465206997
0.0792880744227158,1.79396288338358,2069.65982991496,0.0196252352979164
0.0961780134028802,2.10174801133249,2064.55727863932,0.0310014796191904
0.0897332388676478,8.86618796583124,2083.6168084042,0.0351253386265968
0.0751913785129269,3.95958264771409,2083.01650825413,0.0208075455459583
0.0906073788827875,3.50861959151272,2072.66133066533,0.0313804055701263
0.0912790769234071,4.02857346483847,2073.86193096548,0.0330092851896731
0.0739458573179978,1.00288309926358,2063.80690345173,0.0124424868284815
0.0769347976839737,3.68461060628057,2080.76538269135,0.0217941852070026
0.0811275265171832,1.00288309926358,2060.80540270135,0.0112896135633547
0.0866723735251082,1.00288309926358,2058.85442721361,0.0027949248193196
0.0994842843189454,1.1481932879197,2056.60330165083,0.0240888626759751
0.0993992058186306,1.80952418124502,2061.70585292646,0.0313431338304325
0.0805980736266675,3.16318819550752,2076.56328164082,0.0234618344951861
0.0414648005928031,1.00288309926358,2090.22011005503,0.00435871319298115
0.0626939460199789,1.34518555643637,2075.21260630315,0.0112944054345769
0.0493419411746919,2.16937226517279,2097.87393696848,0.00815137788296627
0.0792201638903128,1.00288309926358,2061.55577788894,0.00637520573712852
0.0532750906151737,1.00288309926358,2076.86343171586,0.00628911981500223
0.0910627355043265,15.8598865007128,2089.31965982992,0.0379147425097692
0.0913878914573497,1.00288309926358,2057.35367683842,0.00108366200268517
0.0826656669318725,2.53425879720196,2072.51125562781,0.0237436052629729
0.0911310529400726,1.27725193454067,2060.35517758879,0.0221432682876624
0.097705855893383,1.7230944249062,2061.70585292646,0.0295584885875604
0.0996700652422102,2.10174801133249,2063.35667833917,0.0334795673581846
0.0974912849564086,1.38447564841702,2059.30465232616,0.0262656673207149
0.0963884803673188,1.7683242002651,2062.45622811406,0.0290966385460599
0.077371198868785,1.00288309926358,2062.30615307654,0.0132610336315051
0.0745289971426619,2.08968112513086,2074.46223111556,0.0180171809550091
0.0990802817261596,9.2308418493486,2078.96448224112,0.0460812951143959
0.0907458790476278,1.669381663546,2063.80690345173,0.0250813800769173
0.089904455916805,1.00288309926358,2057.80390195098,0.0132632252744134
0.0837713525719114,11.9610537599916,2091.12056028014,0.0298486419840174
0.0974585665117735,3.07341994620988,2068.15907953977,0.0363963404223298
0.0837987248029736,3.99392909131044,2077.61380690345,0.0269142296340226
0.0864066690509114,1.11560866287013,2060.35517758879,0.0186013824579665
0.0669791030164842,2.01872085226992,2078.96448224112,0.0143237259192863
0.0884988565558215,1.00288309926358,2058.25412706353,0.00488073994468149
0.064844762655602,4.11058351166975,2092.02101050525,0.0151231165981768
0.092380486759465,1.75311720834914,2063.80690345173,0.0265120588344412
0.0714528796223979,4.77441020717598,2088.4192096048,0.0190588456899813
0.0943063873930103,7.00182581890258,2078.51425712856,0.0389384438852811
0.0479253097304948,1.00288309926358,2082.11605802901,0.00158441419329144
0.0823548136632965,1.00288309926358,2060.35517758879,0.00468152427184712
0.0538170706691656,1.00288309926358,2076.4132066033,0.00514474970971963
0.0923567378314781,1.39648494813358,2061.10555277639,0.0237783037685286
0.0661734894405646,1.71814085427452,2076.86343171586,0.0134811702532107
0.0940883917571405,1.71814085427452,2062.90645322661,0.0273742960003014
0.0942045503307786,1.06538573309788,2057.2036018009,0.0208980122113187
0.0822486954244312,1.01158236655188,2060.50525262631,0.0161346006688487
0.038934808544247,1.00288309926358,2094.12206103052,0.00335710258671997
0.0710457104952734,2.18189932872234,2077.31365682841,0.0164678096520897
0.0515118715052628,1.00288309926358,2078.51425712856,0.00237040024576726
0.079037229374033,1.54009278652809,2067.70885442721,0.0184361814583864
0.097635960761595,5.97646129188652,2075.21260630315,0.0417505229883621
0.0838071500389471,2.5933041997516,2072.21110555278,0.0246217542714146
0.0828599646300659,1.04413027541975,2060.65532766383,0.0166892575363639
0.0966723575908462,1.09966477838038,2056.90345172586,0.0222975060991503
0.0649509601954768,1.00288309926358,2068.45922961481,0.00831514913820447
0.0884797048488447,2.04210241714683,2067.10855427714,0.0257871319824881
0.0953837230619676,8.44270511134198,2079.86493246623,0.0413277505357092
0.0803066972397054,4.29198469417562,2080.61530765383,0.0245944410332742
0.0986518436589528,1.47925317679908,2059.75487743872,0.0277604820449882
0.0880385785601543,1.59882507273807,2064.25712856428,0.0232121653067116
0.0791960991186344,1.46231609576324,2066.95847923962,0.01808295497595
0.0759211370895014,1.00288309926358,2062.90645322661,0.00906058713804551
0.0994114170063537,3.94819959636536,2070.11005502751,0.0405153754342913
0.087654743794068,7.50272113554967,2083.01650825413,0.0323386168433563
0.0826153985862619,1.50070065992818,2065.75787893947,0.0198396276966728
0.0959791012967528,1.87853138201008,2063.35667833917,0.0295263730400602
0.0862013495421413,2.29794873135268,2069.65982991496,0.0251931693116089
0.0823102325886178,1.00288309926358,2060.35517758879,0.0154429356084799
0.0707454981474736,1.00288309926358,2065.30765382691,0.00608090235930565
0.0991683689790651,1.23387969717049,2057.50375187594,0.0251623225471537
0.0998114204773524,3.08228092099346,2067.25862931466,0.0386522975122649
0.0846054031257168,3.66345594042931,2076.11305652826,0.0270794303255233
0.0975306482138484,1.32596064017055,2058.85442721361,0.025538259953217
0.0714230889788546,1.00288309926358,2065.00750375188,0.00224455428322577
0.0892034802033749,1.52245910708953,2063.20660330165,0.0232969348932752
0.0863252739455043,5.97646129188652,2081.06553276638,0.030565005402987
0.0856232553485173,4.3542135747773,2077.61380690345,0.0287939830431481
0.0881796771206256,1.93897358646993,2066.65832916458,0.0250571058614837
0.0507622267358354,1.45811221351425,2087.51875937969,0.00794338462194822
0.0561035185800774,1.88394737445416,2087.06853426713,0.0100440548294261
0.0770229036105964,1.00288309926358,2062.45622811406,0.0130631196983338
0.0752946777818129,1.00288309926358,2063.20660330165,0.00845475080441855
0.0725796142038973,1.04112859832463,2065.00750375188,0.0132828459083953
0.0995755034967457,1.01158236655188,2055.10255127564,0.0219727378942983
0.0735729786436508,1.00288309926358,2063.95697848924,0.00186471145473774
0.0836071838731022,1.00288309926358,2059.90495247624,0.0119633232927166
0.0684527396290051,1.00288309926358,2066.50825412706,0.0116524860018762
0.0766569435962377,1.00288309926358,2062.60630315158,0.00942725725533625
0.0931450006723858,1.16819913201946,2058.70435217609,0.0218019006689044
0.0884579172124643,1.00288309926358,2058.25412706353,0.00970758718410084
0.0702526347649256,2.11388457789867,2077.31365682841,0.0160204135280372
0.0867846788509214,3.18145405986858,2073.26163081541,0.0279433401969637
0.0834643155286582,3.24621921773864,2075.21260630315,0.0256820383823294
0.0447986256571769,1.00288309926358,2085.71785892946,0.00147845614155109
0.079215761202536,1.00288309926358,2061.55577788894,0.00991039638869216
0.0632638121759366,1.00288309926358,2069.50975487744,0.00222812924089611
0.0587809493813206,1.00288309926358,2072.51125562781,0.00665926490088871
0.048360760918387,1.00288309926358,2081.66583291646,0.00361224859516398
0.0707452362805213,3.4784466459882,2084.3671835918,0.0179131725386257
0.0933000098676708,1.7230944249062,2063.20660330165,0.0269490481606081
0.0866421046535399,1.00288309926358,2058.85442721361,0.00876655276721509
0.08140116077912,3.34103457688672,2076.71335667834,0.0243855952043098
0.0601931009481321,1.42081696649143,2078.06403201601,0.0106797254976745
0.0792312911802888,1.33361741419236,2065.60780390195,0.0174412691293866
0.0448970420050291,1.24458268867087,2091.12056028014,0.00620339342483042
0.0775386610372846,1.50936647207927,2068.15907953977,0.0176189296084006
0.0933622102313501,1.30325307163827,2059.90495247624,0.0234107024751038
0.0777027156735378,10.5683211343905,2094.27213606803,0.0245517674498763
0.062533800222339,2.52697328239242,2086.16808404202,0.0131247856577281
0.091361411948064,1.48351801054375,2062.15607803902,0.0240564886843321
0.0908688371014604,1.00288309926358,2057.50375187594,0.0104054208285189
0.0680737403481019,5.38806539618403,2093.2216108054,0.0172288520315674
0.093007931907401,3.9368492691367,2072.81140570285,0.0343471616414107
0.0669483817771087,1.0684573459204,2068.30915457729,0.0117008949429373
0.0804353309945251,1.06232295058138,2061.85592796398,0.0160144157672902
0.0932823092766424,1.52245910708953,2061.85592796398,0.0253044109818412
0.0987183867644564,3.68461060628057,2069.65982991496,0.0391785602209133
0.09538153410688,4.37935702804035,2072.81140570285,0.0376189093456581
0.0820925788157252,7.74412301428478,2086.91845922961,0.0276713192635663
0.0982373657719866,4.98510624458552,2072.96148074037,0.0414480068916694
0.0792646726857752,5.14550325140415,2083.6168084042,0.0244792583667629
0.0916469809674284,1.65502554408647,2063.35667833917,0.0254735963319499
0.0601074669309615,1.26991877487462,2075.96298149075,0.0103315158148645
0.098298705020994,5.6910027726913,2074.31215607804,0.0424849370451236
0.0958428694208254,1.02624915657849,2056.30315157579,0.0208966083945923
0.0948816255945419,1.09335121002246,2057.35367683842,0.0215306298089615
0.0541441354842077,1.00288309926358,2076.11305652826,0.00488894657132665
0.0942827144166866,4.25507507288674,2073.11155577789,0.0360199311623199
0.0875422717086741,4.21848286189654,2076.26313156578,0.0300944664545264
0.0399867863420751,1.00288309926358,2092.47123561781,0.00142535951777835
0.0947882642939621,1.71320152422168,2062.60630315158,0.0277698614949639
0.0963025047261614,4.39198314906283,2072.51125562781,0.0383366208539954
0.0905294275503756,2.70774742833384,2069.65982991496,0.0294790563325202
0.0359872169502008,1.00288309926358,2099.37468734367,0.00344389473588118
0.0908948961978639,4.87160332233193,2076.26313156578,0.0336276475127507
0.039684055214094,1.00288309926358,2092.92146073037,0.00426518372104123
0.0783765806017068,2.56361151152847,2075.06253126563,0.0210765792400268
0.0920951235925002,12.3814980416064,2085.86793396698,0.0387759342948623
0.0749360484030921,1.00288309926358,2063.35667833917,0.00762709849113373
0.0909802086818181,1.72806227717372,2064.10705352676,0.0255942442803515
0.0894139629614192,1.00288309926358,2057.95397698849,0.00218040981697166
0.0800104738704364,1.12853005133194,2062.90645322661,0.016393952773668
0.0963317672619759,1.59422875299434,2061.40570285143,0.0275026964981908
0.0917274145245892,8.34603823722249,2081.81590795398,0.0369095868622889
0.0772926898631128,8.86618796583124,2092.32116058029,0.0239579031129876
0.0918818535964407,1.00288309926358,2057.2036018009,0.00957374228314229
0.0891827642045811,15.189566737098,2090.07003501751,0.0357931392086751
0.0678243448558166,1.27358007675926,2070.86043021511,0.0128135431619608
0.0995881569530801,1.00288309926358,2055.10255127564,0.0134534955188245
0.0984381728837907,1.27725193454067,2058.10405202601,0.0254267044272884
0.0541563822649715,1.00288309926358,2076.11305652826,0.00360765853761886
0.0884485994143511,2.13836836392825,2067.70885442721,0.0261275045765489
0.0863545526026188,5.59354223610883,2080.31515757879,0.0302238876358429
0.0999363683687583,1.0684573459204,2055.70285142571,0.0229917088713473
0.0901440617217953,2.66904925964653,2069.65982991496,0.0290594717521997
0.0958233958023666,2.74700667630971,2067.55877938969,0.0339034774338189
0.078838810448127,2.49085867387056,2074.31215607804,0.0212999693768633
0.0965899879976603,3.13598584352336,2068.75937968984,0.0357137324728506
0.0935242431370894,1.00288309926358,2056.75337668834,0.00381255099120957
0.0908112177371154,1.03217524340486,2057.80390195098,0.0193002862396076
0.0676443822412014,1.00288309926358,2066.95847923962,0.00592915396269857
0.098681959940932,1.68386231169735,2061.25562781391,0.0296660679535085
0.0928803134226023,3.58004488871148,2071.76088044022,0.0336700370621264
0.0972799151928519,1.10920355497526,2056.90345172586,0.0226162568114308
0.0755817077953794,1.00288309926358,2063.05652826413,0.010221292132075
0.0772064141968904,1.82522046182733,2071.01050525263,0.018656776535296
0.0828929236265025,3.79223047250718,2077.46373186593,0.0260314881871376
0.0924703516739642,1.00288309926358,2057.05352676338,0.0129006358849875
0.0965275113689238,2.13836836392825,2064.55727863932,0.0315672098662557
0.0581007005784356,3.34103457688672,2095.47273636818,0.0117903447958035
0.0971836195110965,3.48847535295163,2069.65982991496,0.037302959472359
0.0687462797626796,1.00288309926358,2066.35817908954,0.0057341486337329
0.0987032867108105,1.90028922105573,2062.45622811406,0.0315831293224211
0.0929798397087368,1.00288309926358,2056.90345172586,0.00438145171621637
0.0879221954105132,2.38558227120577,2069.2096048024,0.0268080162584561
0.0902962541532067,1.40859841962076,2061.85592796398,0.0229587859992645
0.0976152897221742,1.62200621191813,2061.10555277639,0.0285808328421846
0.0931115400156836,1.08707389011608,2057.80390195098,0.020804428117487
0.0826999475264519,1.29950646550457,2063.80690345173,0.0186365774478373
0.0880623799699629,4.08698318318596,2075.66283141571,0.0302741415514431
0.066953022431597,5.16033824803901,2093.67183591796,0.0164841835515153
0.0851883863537191,1.035151107089,2059.75487743872,0.0173507078413001
0.043765484447763,1.00288309926358,2087.06853426713,0.0043605161015275
0.094405950079898,1.035151107089,2056.75337668834,0.0205845601927755
0.089828520214252,1.37652687910296,2061.85592796398,0.0223329416681166
0.0978663123196358,1.00288309926358,2055.55277638819,0.020081384228051
0.0733080295123721,1.38447564841702,2069.05952976488,0.0153008145803916
0.0898133803920824,2.16937226517279,2067.25862931466,0.0271820827622918
0.0943371703724417,1.57597523020146,2061.85592796398,0.0263762099320491
0.0922770370584776,1.42902148939294,2061.40570285143,0.0240115548597818
0.0665650558562622,7.3318961356485,2099.37468734367,0.0167881960187362
0.0945266811785274,1.20578622343754,2058.70435217609,0.0227494384356229
0.0998408054712467,11.4555185704036,2080.76538269135,0.0481150688760793
0.0517454894978364,2.01872085226992,2093.2216108054,0.00878750361335153
0.0454517388508538,1.00288309926358,2084.96748374187,0.0047595784571585
0.0841118170660014,1.0232988843187,2059.90495247624,0.0169022634181238
0.0664524888059324,2.22631645743836,2080.91545772886,0.0144238340036485
0.0971634319738343,1.11240149892777,2056.90345172586,0.0226440435523318
0.0379569123145248,1.00288309926358,2095.77288644322,0.00207284497537111
0.098932587080068,2.57100265798945,2065.75787893947,0.0354897020332829
0.078034223631234,7.83381828565906,2090.07003501751,0.0243783211549236
0.0951765984447499,1.5896456468007,2061.70585292646,0.0268897410301892
0.0835882586514795,1.00288309926358,2059.90495247624,0.0124358881433706
0.0892797446266508,6.7058929175172,2080.76538269135,0.0335142664440171
0.0848420513410822,1.00288309926358,2059.45472736368,0.0010294983467797
0.0877429989460583,2.63090415150101,2070.56028014007,0.027265529447067
0.0534678717004582,1.00288309926358,2076.71335667834,0.00390314568796653
0.0863554994834038,1.43727338940046,2063.65682841421,0.0212204533097526
0.0898428879703994,8.51593931825384,2083.16658329165,0.0349082781796728
0.0983876898507353,2.96905439714284,2067.40870435218,0.0368862990115464
0.0697178437694356,1.39247031798524,2071.16058029014,0.013959525299842
0.0976114287821514,1.12205075712963,2056.90345172586,0.0229361920302184
0.0875330963453445,1.00288309926358,2058.55427713857,0.0170570376600876
0.0909627719857801,1.00288309926358,2057.50375187594,0.0020536967178367
0.0948263715275939,1.46231609576324,2060.80540270135,0.0256707778392747
0.0901185545607814,1.08394875824941,2058.70435217609,0.0196392368297463
0.0971554871587491,2.23273514877728,2064.85742871436,0.032417949492945
0.0670208932031228,1.00288309926358,2067.25862931466,0.00847556826157741
0.0667790020858195,1.00288309926358,2067.40870435218,0.00953076790474722
0.0948868419921467,1.06538573309788,2057.05352676338,0.0211251165424317
0.0903936806816841,2.04799000112185,2066.35817908954,0.0270020326162991
0.0749439160846314,2.97761447568876,2079.26463231616,0.0196540059893068
0.0819352590496736,1.00288309926358,2060.50525262631,0.0117112315648502
0.0936569160441062,2.60078095318014,2067.85892946473,0.0315339715313076
0.0948937826989112,3.72728711692345,2071.31065532766,0.0358168902305538
0.0692537458063957,1.00288309926358,2066.05802901451,0.0095053577067212
0.0627861427125061,1.23387969717049,2073.56178089045,0.0110341886959511
0.0713950133760873,1.00288309926358,2065.00750375188,0.00235577196202957
0.0731048174331052,1.04714060664789,2064.85742871436,0.0134761144419955
0.084436848323613,1.10601480450688,2060.95547773887,0.0177633110255422
0.0765711628104451,1.43314150019665,2067.85892946473,0.0168739271216814
0.0991506854899731,2.56361151152847,2065.60780390195,0.035751253881295
0.0713066512604522,1.21975208146059,2068.15907953977,0.0138300723689136
0.0386632266529607,1.00288309926358,2094.57228614307,0.00362936319579214
0.092556836908285,1.80432214140788,2064.10705352676,0.0269280509499817
0.0939867115746529,1.00288309926358,2056.60330165083,0.00981939948626711
0.0405250352016049,1.00577451078852,2091.72086043021,0.00218070171989976
0.0604665659354268,1.00288309926358,2071.31065532766,0.00288862710690407
0.0521494899053494,1.37256962462899,2084.66733366683,0.00821739920059765
0.0725679495061067,1.31834782642385,2068.75937968984,0.0146997894499192
0.0893759227502088,5.75691805285236,2078.96448224112,0.0330254058808545
0.0813096089069934,1.47500060364494,2066.05802901451,0.0191648311016816
0.0713855824685697,1.00288309926358,2065.00750375188,0.00610346600725106
0.0601532771783018,4.3416960341386,2097.87393696848,0.0129304269811077
0.056551704370569,1.00288309926358,2074.16208104052,0.00744098332958915
0.0513197958948591,1.28462743961633,2084.06703351676,0.00786305098817001
0.0886343276031213,1.66458250694606,2064.55727863932,0.0239110044385815
0.0956502038423606,1.00288309926358,2056.15307653827,0.00765779710077365
0.0538948548583028,1.017423759841,2076.56328164082,0.00794394966317103
0.078884565696226,1.00288309926358,2061.70585292646,0.00636413367475505
0.0422232000846804,1.00288309926358,2089.1695847924,0.00134989834170703
0.053670481320711,2.90145376159538,2098.17408704352,0.00989878424113195
0.0502516526740553,1.00288309926358,2079.71485742871,0.00450085845338334
0.0749482055410444,13.4596032415536,2099.82491245623,0.0228655958489173
0.0840338577107142,1.83048275359669,2067.70885442721,0.0222255253235276
0.0926706996358519,1.23033252636976,2059.45472736368,0.0222817405128457
0.0762811782847529,2.74700667630971,2077.1635817909,0.0202947954250226
0.0893236810770199,2.95200799512719,2071.16058029014,0.0293401099157974
0.0941712819758409,1.09020803204812,2057.50375187594,0.0212078088714968
0.0849844756803884,2.81911328467833,2072.66133066533,0.0259292611959628
0.0660722440921488,1.0684573459204,2068.90945472736,0.0114184366289343
0.064052448508526,4.52026390637434,2094.42221110555,0.0147928693255335
0.0937959088738823,2.87650223749675,2068.90945472736,0.0326220865742176
0.0826048224004487,2.48369792620856,2072.3611805903,0.0234466302730476
0.0647203856715382,1.00288309926358,2068.60930465233,0.0104358567535442
0.0582286064378882,2.22631645743836,2087.96898449225,0.0111710275845582
0.0945862544584451,15.9514695864158,2087.21860930465,0.0419283322786191
0.0972697809698068,1.00288309926358,2055.70285142571,0.0151963553501952
0.0852950750294104,1.00288309926358,2059.30465232616,0.00890997984513398
0.0807721202800456,1.23033252636976,2063.80690345173,0.0174284392327019
0.0829210301106485,2.54156531687388,2072.51125562781,0.0237389201393134
0.0811531971341843,1.00288309926358,2060.80540270135,0.0134450263652138
0.0752884255324995,1.00288309926358,2063.20660330165,0.00128114501139266
0.0854452361143046,2.6460963359074,2071.76088044022,0.0256541699210128
0.0912758214167398,1.7230944249062,2063.95697848924,0.0257476959950457
0.0680716813275478,1.59422875299434,2074.31215607804,0.013971474573481
0.0808680379031436,1.60805750536954,2067.40870435218,0.0196323848149582
0.0774894915789935,2.65372529430481,2075.96298149075,0.0208234673342325
0.0972304418363547,1.96708649096514,2063.35667833917,0.0310381769285368
0.0919870067048638,1.441417191251,2061.55577788894,0.0240503869126113
0.0967277130934725,2.15691712397049,2064.55727863932,0.031856097276524
0.0929371633097695,4.43008034640065,2074.16208104052,0.035072982995165
0.0604749182656416,1.34518555643637,2076.86343171586,0.0105981184976444
0.0918894945352677,1.79396288338358,2064.25712856428,0.0264865392512949
0.0773692953994853,1.00288309926358,2062.30615307654,0.00235621990700292
0.0904611409457902,1.00288309926358,2057.65382691346,0.0012490960474575
0.0676498257345046,3.41887695499837,2086.61830915458,0.0161854187798165
0.07714711951132,1.32978351631576,2066.50825412706,0.0165880849630081
0.0742354367938429,1.16819913201946,2065.90795397699,0.0146336726507721
0.0502528765653685,1.00288309926358,2079.71485742871,0.00619664954331622
0.0394045125955412,1.00288309926358,2093.37168584292,0.00422986745889416
0.0796276491295584,2.08367368705817,2071.6108054027,0.0206480580216044
0.0766013172292716,1.54009278652809,2068.90945472736,0.0173281943460426
0.0821604996859894,1.98987000774274,2069.65982991496,0.0218117046456295
0.0874646545606299,2.52697328239242,2070.11005502751,0.0269379166688204
0.0894718765251697,1.00288309926358,2057.95397698849,0.00181582423501905
0.0943639362591579,1.20231981606127,2058.70435217609,0.0226577588234519
0.0842896436599865,14.505756572389,2092.92146073037,0.0309718319933521
0.094136338257499,2.4062754285944,2066.8084042021,0.0310716780276281
0.0843933831985848,1.00288309926358,2059.6048024012,0.0153638271971538
0.087688301087881,1.29204553462562,2061.70585292646,0.020809700732161
0.0381537948933588,1.00288309926358,2095.47273636818,0.00153764674141634
0.0915772601386987,6.06311316104581,2078.36418209105,0.0353675736080551
0.0666626802020698,1.47500060364494,2074.012006003,0.0130649300566091
0.0989458154925982,1.13831921276723,2056.75337668834,0.0236714747478295
0.0745683583552644,7.3530347199978,2092.02101050525,0.0217212330583785
0.0929947352441483,1.1028352210931,2057.95397698849,0.0209714638012479
0.0979005424141712,1.0808326105459,2056.30315157579,0.022493430513517
0.0875388751935927,1.4920846013006,2063.65682841421,0.0221897871616462
0.0934159558581507,1.00288309926358,2056.75337668834,0.00384764796631712
0.0898849505053442,8.370100693918,2082.86643321661,0.0351324600675863
0.0670668866692954,1.00288309926358,2067.25862931466,0.00483425227932856
0.0955702263620634,1.00288309926358,2056.15307653827,0.014465093988041
0.0814912734645188,1.34131840233837,2064.70735367684,0.0184125824619184
0.0651298490647564,2.08968112513086,2080.91545772886,0.0136657147427232
0.0593931949863596,1.00288309926358,2072.06103051526,0.00917305318661805
0.086924150460339,4.24284253669373,2076.71335667834,0.029500597819297
0.0938059853193611,1.43314150019665,2060.95547773887,0.0247787226504341
0.0628482110041505,1.06232295058138,2070.71035517759,0.0104788258400052
0.0857763679894169,9.25745528268664,2086.61830915458,0.0313068411806474
0.0975137277810005,2.78683513858361,2067.10855427714,0.0353608703846408
0.0923282109223877,12.0301229939707,2085.41770885443,0.0389471894973235
0.0897477683703805,2.18818996107018,2067.40870435218,0.0272214090093606
0.0961903934329224,4.59902389909696,2072.96148074037,0.038791221676486
0.0999052123397899,2.04799000112185,2062.90645322661,0.0334128246644446
0.0850657536102372,6.15102138343189,2082.11605802901,0.0296745183808936
0.0781565460829254,1.39648494813358,2066.8084042021,0.0172929731763769
0.0706171290299957,2.2456281019818,2077.91395697849,0.016482975496582
0.0582249467409053,2.95200799512719,2093.2216108054,0.0115940694591751
0.0651147163025845,1.25537852068667,2072.21110555278,0.0118837921476138
0.0994627433757701,1.11882507338448,2056.30315157579,0.0236550366587895
0.087992032065827,2.02454102487246,2067.25862931466,0.0253340092417726
0.0792654379764939,2.89311263070037,2076.11305652826,0.022255195904866
0.0965800519322636,3.90299369276608,2071.16058029014,0.03759434788333
0.0921722546511333,8.96887940476934,2082.26613306653,0.0379202157796938
0.0490063912087638,1.09020803204812,2082.86643321661,0.0069305376241916
0.0529618721918692,2.85998721049474,2098.7743871936,0.00964556245314386
0.0460686500256155,1.00288309926358,2084.21710855428,0.00225519872115261
0.0611781102884853,1.00288309926358,2070.86043021511,0.00687508679199941
0.0956233521073642,1.09966477838038,2057.2036018009,0.0218986012762815
0.046195717191348,1.00288309926358,2084.06703351676,0.00340613555027608
0.0958848822007634,3.22758151346831,2069.35967983992,0.0353779947830661
0.0503981562753361,1.00288309926358,2079.5647823912,0.00699428412470439
0.0797339852287295,1.64552345116496,2068.30915457729,0.0192056759613042
0.0883293334300852,1.54898606893921,2063.80690345173,0.0229990007542919
0.0874152300570175,1.52684850782001,2063.95697848924,0.0223996610148702
0.0755292055846663,1.19541686845759,2065.75787893947,0.0152062241192398
0.0630067837111496,2.2456281019818,2083.76688344172,0.0130347666531281
0.0855200379787698,2.22631645743836,2069.50975487744,0.0246011442284019
0.0979894562502627,3.56975293664868,2069.50975487744,0.0384571524377896
0.0874647647830526,3.28381811862624,2073.26163081541,0.0287376346114633
0.0663434914859671,3.63195145450856,2088.71935967984,0.0156189062004996
0.0597657247607293,1.17494491051044,2074.7623811906,0.00996715894956083
0.099246126040054,10.7524610237587,2080.46523261631,0.0468851110940383
0.0803307307814567,1.00288309926358,2061.10555277639,0.00862099321143437
0.0753902663527239,1.86237664548846,2072.21110555278,0.017952446601469
0.0894157271912966,11.2269700901773,2086.46823411706,0.0354831309633683
0.0894216888364758,2.13836836392825,2067.25862931466,0.0267980712573504
0.0773427532831481,1.00288309926358,2062.30615307654,0.00176121597371627
0.0927627002448557,15.1458996051004,2087.66883441721,0.0400048383324235
0.0942915380665378,2.38558227120577,2066.65832916458,0.0310930616068488
0.0894058720641656,1.30701047960937,2061.25562781391,0.0216794171251171
0.0983763845586985,3.21830282695794,2068.30915457729,0.0376758305363108
0.0739462451367515,2.52697328239242,2077.46373186593,0.0186068077812478
0.0467326951028427,1.00288309926358,2083.46673336668,0.00423719484744047
0.0646061959437347,5.56142771178757,2097.12356178089,0.0153910131613095
0.0869449702957746,1.01449885892793,2058.85442721361,0.017737095117675
0.0877790438050425,2.54889290196729,2070.11005502751,0.0271427326551888
0.0516438752335849,1.37256962462899,2085.26763381691,0.00805844898091797
0.055395256531067,1.00288309926358,2075.06253126563,0.00501545341276583
0.0588419022180725,1.4455729400936,2079.41470735368,0.0103460618473406
0.0800078260409633,1.00288309926358,2061.25562781391,0.0118606458528956
0.0994855703661376,9.58286508470002,2079.11455727864,0.0469255053900224
0.0746111629828103,1.00288309926358,2063.50675337669,0.00929506512738659
0.0522862300006051,1.00288309926358,2077.76388194097,0.00259853696032134
0.0999398805549521,2.63848930932274,2065.60780390195,0.0368259767104955
0.0977475841444707,6.09812467340626,2075.36268134067,0.0420338341046875
0.0870592024519655,1.16484078042324,2060.65532766383,0.0193347330266205
0.0581650003639503,1.00288309926358,2072.96148074037,0.00286737916486135
0.0520331502551435,1.16484078042324,2081.2156078039,0.00782252852354481
0.0900850283944044,7.54604567969013,2081.51575787894,0.0351467130085452
0.047108031753269,1.00288309926358,2083.01650825413,0.00210648958041102
0.0993166811979672,2.66137624774655,2065.90795397699,0.0364531452429593
0.0969961743616532,6.20437693319619,2075.81290645323,0.0415807894759704
0.0683288566220706,7.08292353206951,2097.12356178089,0.0177034419321651
0.0868816404209977,3.02949571521225,2072.66133066533,0.0276432221486154
0.0776784204136689,1.00288309926358,2062.15607803902,0.0109867637648202
0.0906320437851338,2.80292774815717,2069.95997999,0.0299552167428814
0.0361264888735385,1.00577451078852,2099.22461230615,0.00182259399527236
0.0941868490502998,2.85998721049474,2068.75937968984,0.0327358816473559
0.0994896792424628,1.11560866287013,2056.30315157579,0.0235659890565601
0.0913553126997874,1.00288309926358,2057.35367683842,0.00415034159239799
0.0807726709928366,1.86774606222357,2069.50975487744,0.02060189366154
0.0934463177599676,2.33798763817471,2066.65832916458,0.03046702362815
0.0904471335762604,1.00288309926358,2057.65382691346,0.00358783301092553
0.0872736056337522,3.75961856902805,2075.06253126563,0.0291974338825057
0.0792072613960973,1.00288309926358,2061.55577788894,0.00726970748080791
0.0803115494973129,1.4249133228412,2066.05802901451,0.0183936067589152
0.0759480836420094,1.00288309926358,2062.90645322661,0.00649283516557905
0.0865333736881063,3.65292419736599,2075.06253126563,0.0285438455584827
0.0957672799892052,4.27964604980107,2072.51125562781,0.037506685452805
0.0447027237601688,1.00288309926358,2085.86793396698,0.00487112613715881
0.0657327174565219,1.00288309926358,2068.00900450225,0.00267073348203954
0.0889675088799464,12.169460288151,2087.66883441721,0.0352040538462434
0.0958905313399675,4.65229147967714,2073.26163081541,0.0384925020739518
0.0987594521588231,1.61734325078285,2060.65532766383,0.0292987067000374
0.0782662278928198,1.54898606893921,2068.15907953977,0.0181156893124082
0.0820878576214788,2.76286929599819,2074.012006003,0.0237069626299063
0.0794527654254128,2.31121826109334,2073.11155577789,0.0211065411398562
0.0860693397859825,10.5379392096157,2087.96898449225,0.031837280637994
0.0802662141108584,1.53125056362849,2067.10855427714,0.0188967824036769
0.071363798732052,9.5553161597167,2098.47423711856,0.020007559133629
0.0997093282895229,1.14160110005127,2056.45322661331,0.0240938929966752
0.0878596172651854,12.0995910689866,2088.4192096048,0.0337956209655433
0.0982204288802141,5.37257572706184,2073.71185592796,0.0421057969223625
0.0974692083109801,1.30701047960937,2058.70435217609,0.0252828567399953
0.0709373915470103,1.77853540743712,2074.16208104052,0.0156638890005468
0.0730446047161182,1.1715671660767,2066.65832916458,0.0141866972381528
0.0919417698934107,1.00288309926358,2057.2036018009,0.00370633057985475
0.0916058755207398,1.30701047960937,2060.50525262631,0.0226639086372457
0.0742651833572165,1.00288309926358,2063.65682841421,0.00922671134483131
0.0889058498162277,1.00288309926358,2058.10405202601,0.00588514942917755
0.0848463160072198,5.46618619625777,2080.91545772886,0.0288732307856684
0.0757213913560742,1.81474121907939,2071.76088044022,0.0178676045753104
0.0990766608035691,1.54009278652809,2060.05502751376,0.0286747095750509
0.0979222384715703,1.00288309926358,2055.55277638819,0.0029581123381849
0.0965750044183054,6.33068001474387,2076.26313156578,0.041094186444448
0.0957368836689886,2.09570588324384,2064.55727863932,0.030854097429652
0.0940572706375653,11.5548867001919,2084.06703351676,0.0404903319438462
0.0445993321250403,1.00288309926358,2086.0180090045,0.00568540353566341
0.0973528936461594,3.10901742259474,2068.30915457729,0.0364541764853341
0.0384627971356496,1.00577451078852,2095.02251125563,0.00192310559203968
0.0935538107940252,4.59902389909696,2074.31215607804,0.0358361396447661
0.0961347107255421,1.00288309926358,2056.00300150075,0.00956463122550394
0.0665188102749349,6.80312071291408,2098.32416208104,0.0166292119906787
0.0828052432708729,2.83539228475476,2073.86193096548,0.0244717377136232
0.0857620255315086,1.00288309926358,2059.15457728864,0.00269858146330485
0.0881466587299052,1.05318733137807,2059.00450225113,0.0185558632492157
0.0975119399875813,1.32214875407135,2058.85442721361,0.0254542673296548
0.0630094521275294,1.00288309926358,2069.65982991496,0.00575966142798721
0.097946774882181,1.02624915657849,2055.70285142571,0.0216760282968221
0.0708744867671722,1.8463608342542,2074.91245622811,0.0156850518346368
0.0835413493083767,1.00288309926358,2059.90495247624,0.00872505336172461
0.0982678808385177,1.4455729400936,2059.6048024012,0.0272401587500724
0.0552245400806595,1.00288309926358,2075.21260630315,0.00649975533401695
0.0759705754020278,2.60827926283097,2076.71335667834,0.0197890536571763
0.0935930409848255,2.0538945595859,2065.15757878939,0.0291222878513449
0.0854691166935024,1.15482354244809,2061.10555277639,0.0186604154391276
0.0973328250655878,8.96887940476934,2079.5647823912,0.0436773108846234
0.0688390064406798,1.92784124639408,2076.86343171586,0.0150115522540858
0.0771340658677578,1.37652687910296,2066.95847923962,0.0168753869832158
0.0540205117222527,1.00288309926358,2076.26313156578,0.00195330351021724
0.0998983462316717,6.62911211113257,2075.21260630315,0.0451923366506237
0.0527817513400093,1.08394875824941,2078.96448224112,0.00782594717925788
0.0966826218181769,1.00288309926358,2055.85292646323,0.0150380527274808
0.0877628492493123,1.27725193454067,2061.55577788894,0.0206990359068714
0.0878991179417476,1.15150364314254,2060.20510255128,0.0195621216657055
0.0429892619510863,1.00288309926358,2088.11905952976,0.00126451203348336
0.0597100372934875,4.12243473196511,2097.42371185593,0.0127094362836337
0.0925717756478613,1.48351801054375,2061.70585292646,0.024725301542918
0.0964298424062337,2.36506706799381,2065.75787893947,0.0325757402640162
0.0888399204931789,14.053579239644,2089.46973486743,0.0351282763005868
0.0813625421645278,1.30701047960937,2064.4072036018,0.0181362469670347
0.0924700961871306,3.0557743442915,2070.11005502751,0.0321737632214857
0.0742594864703012,8.34603823722249,2093.971985993,0.021767756075706
0.0935073814334648,3.19982540066046,2070.26013006503,0.0332264441741116
0.0790626925281257,3.12697047724319,2077.31365682841,0.0224043290416258
0.0982673431423964,1.55345194953386,2060.35517758879,0.0284101681462137
0.0848426792937644,1.00288309926358,2059.45472736368,0.00821225066002581
0.0759629383709235,1.00288309926358,2062.90645322661,0.00130101649643902
0.0883355489300011,1.35685404373703,2062.15607803902,0.0215560816220072
0.0833450292280847,9.44591016576076,2088.56928464232,0.0290323237576091
0.0425213170072919,1.00288309926358,2088.71935967984,0.00316637047132686
0.0943106686827112,1.13831921276723,2057.95397698849,0.0219106655572663
0.0980198885247338,3.80316384938978,2070.26013006503,0.0388176739125831
0.0677638024092708,4.760684680679,2091.5707853927,0.0169148992124879
0.0972204222467937,5.95928009583079,2075.36268134067,0.0413110649411168
0.0827759725687092,1.00867425853989,2060.20510255128,0.0163077211091786
0.0974532418944735,1.441417191251,2059.75487743872,0.0268491907533049
0.0682835721845509,1.20926262481036,2069.65982991496,0.0127452864350356
0.0707031962953868,4.11058351166975,2086.91845922961,0.0182163117224288
0.0459133319488229,1.00288309926358,2084.3671835918,0.00355174877467201
0.0918079582872929,7.06256146630704,2079.86493246623,0.036503433462418
0.0552603555172903,3.23688695135292,2098.32416208104,0.0105944208590329
0.0648217394210128,2.51970871206025,2084.21710855428,0.0140529901493582
0.0470892707575624,1.00288309926358,2083.01650825413,0.00112392862668859
0.0766316073009339,1.00288309926358,2062.60630315158,0.013554596776123
0.0870966040176965,1.00288309926358,2058.70435217609,0.00645798113040336
0.0713634856999736,1.00288309926358,2065.00750375188,0.00872176411965546
0.0607140791224169,3.6424227310724,2094.27213606803,0.0129291184763544
0.0959745308820227,3.78132852701561,2071.01050525263,0.0369125216558722
0.0486081503474544,1.00288309926358,2081.36568284142,0.00126001455455939
0.0563658281184678,1.00288309926358,2074.31215607804,0.0013626048574817
0.0587290285571081,1.00288309926358,2072.51125562781,0.00447380412811704
0.0955746654863272,1.00288309926358,2056.15307653827,0.0190311867300135
0.0781819267778135,1.47925317679908,2067.55877938969,0.0177462236337115
0.0631148903875436,2.83539228475476,2087.66883441721,0.0135608789402385
0.0944915248600173,1.00288309926358,2056.45322661331,0.00582827666357481
0.0961673266959985,6.40400427119728,2076.56328164082,0.0407616301056187
0.0818995894331514,2.9350594625955,2074.91245622811,0.023876693896205
0.09957974211211,1.00288309926358,2055.10255127564,0.0190483454949763
0.0937622237158235,1.035151107089,2057.05352676338,0.0202952885454079
0.0787085418017907,6.88191695070772,2087.81890945473,0.024735763642655
0.0937848642182793,1.55793070570556,2061.85592796398,0.0259697347528044
0.0536455574948995,1.00288309926358,2076.56328164082,0.002300010249348
0.0725534203596809,2.23273514877728,2076.56328164082,0.0173947352490292
0.0981033541337353,14.8437245167243,2084.3671835918,0.0465113690177567
0.0960315486224766,1.09335121002246,2057.05352676338,0.021939959668461
0.084238947632379,2.71555413295041,2072.66133066533,0.0250307843733591
0.090593396084901,1.78366310156055,2064.70735367684,0.0256511920750741
0.0878266522231172,10.6599934842429,2086.91845922961,0.0336578163215922
0.0858772452809658,2.21353437928443,2069.2096048024,0.0248549248518063
0.0446660073068689,1.00288309926358,2085.86793396698,0.00233488301142884
0.0740007465152305,5.35713058780925,2088.11905952976,0.0207520698974505
0.0932566198104667,2.42017049201696,2067.25862931466,0.0304129222938885
0.0909682941520379,1.00288309926358,2057.50375187594,0.0113056649350959
0.0940713099109627,1.23033252636976,2059.00450225113,0.0229092506362572
0.0762822125044668,1.00288309926358,2062.75637818909,0.00956936195447955
0.090776690513676,1.07462716439149,2058.40420210105,0.0197699649417692
0.0705236557445363,1.4920846013006,2071.76088044022,0.0146152121317711
0.0589781702365934,1.00288309926358,2072.3611805903,0.0057342079793367
0.0979154122339372,1.00288309926358,2055.55277638819,0.00433017396873049
0.0903320203035347,8.66431899975565,2083.01650825413,0.0356237117281085
0.0695486606734578,5.97646129188652,2093.37168584292,0.0182808597329602
0.0708165826814296,1.00288309926358,2065.30765382691,0.0107276275877121
0.0934335875009514,2.10174801133249,2065.45772886443,0.02926891542729
0.0606959174747702,1.00288309926358,2071.16058029014,0.00769550417986578
0.0894380526486956,1.00288309926358,2057.95397698849,0.00558325896805221
0.0704821221045842,1.00288309926358,2065.45772886443,0.00720930444502595
0.0835543578277019,1.60343464412786,2066.20810405203,0.0208645495822078
0.0905694367566779,4.53329627591397,2075.51275637819,0.0331828229417469
0.0776525015661122,2.6460963359074,2075.81290645323,0.0209293694462183
0.0402361056605354,1.00577451078852,2092.17108554277,0.00184845236671213
0.0820943875407689,2.33126636583218,2071.76088044022,0.0228074346436509
0.0796805251578785,2.50524216415549,2074.012006003,0.0217413337241729
0.0948425362371251,7.50272113554967,2078.96448224112,0.0399070277458934
0.0931959911147524,3.52888015319671,2071.46073036518,0.033825792477181
0.0645282337299588,4.97077500682395,2095.32266133067,0.0152848557690654
0.0874043140895191,1.04112859832463,2059.00450225113,0.0182364496240756
0.0928410022465898,1.31834782642385,2060.20510255128,0.0233495862373576
0.0799679746255854,1.00288309926358,2061.25562781391,0.0152636457830817
0.0613345191345442,1.00288309926358,2070.71035517759,0.00407564278396924
0.0967083017446314,1.74305193613896,2062.15607803902,0.0291579122019276
0.0366966247023861,1.00288309926358,2098.024012006,0.00402800895596572
0.0951543144036975,1.41673238639154,2060.35517758879,0.0253301448625961
0.0935821122800571,5.57746185992785,2076.4132066033,0.0369764159852028
0.080006819767489,2.85998721049474,2075.51275637819,0.022708362613538
0.0924868897768229,1.00288309926358,2057.05352676338,0.0115126235779008
0.0612560673700497,1.98987000774274,2083.16658329165,0.0120488945522681
0.0866247209318082,1.00288309926358,2058.85442721361,0.00175820794117254
0.0897082195301039,1.81474121907939,2065.15757878939,0.0254195088776034
0.0684411867756277,1.00288309926358,2066.50825412706,0.0081204319369814
0.0472043288385889,1.00288309926358,2082.86643321661,0.00555777380791126
0.0895045258379882,1.00288309926358,2057.95397698849,0.00666534898762693
0.0962127462713946,1.00288309926358,2056.00300150075,0.00264639219008081
0.0996466137759453,14.298445429222,2083.16658329165,0.048413652411211
0.0929112686080121,1.00288309926358,2056.90345172586,0.00461192604649855
0.0946959844746298,1.45811221351425,2060.80540270135,0.0255732589269052
0.0972526914931762,2.86823283751515,2067.55877938969,0.0353552154237722
0.0886644588983861,2.44820179377353,2069.2096048024,0.0274816893953879
0.0729114238378637,1.00288309926358,2064.25712856428,0.0086344300827296
0.0941378204206317,1.36076598863131,2060.20510255128,0.0243061667718668
0.081497124040854,1.00288309926358,2060.65532766383,0.00631896781806632
0.091441633842358,2.77083492243083,2069.50975487744,0.0304013188640439
0.0624952873514304,1.00288309926358,2069.95997999,0.00202368240522883
0.0788297688869859,1.8199732981517,2070.11005502751,0.0194577263827338
0.0999056826420582,5.37257572706184,2073.11155577789,0.0435576683765486
0.0879295873417359,2.2456281019818,2068.60930465233,0.0261172208058268
0.0967428980951003,1.00288309926358,2055.85292646323,0.0163362564175748
0.0875711510514915,1.00288309926358,2058.55427713857,0.00663581396878991
0.0923930801162288,1.00288309926358,2057.05352676338,0.0140744208737488
0.0961745305389506,1.15482354244809,2057.65382691346,0.0228549433379155
0.0992303951233716,1.8570226648111,2062.15607803902,0.0314429160078544
0.0965873375324296,2.56361151152847,2066.50825412706,0.0337825100314427
0.0992833061017355,5.85722521042959,2074.16208104052,0.0438480161731749
0.0910152364836213,1.32214875407135,2060.95547773887,0.0223999659192562
0.0894270679175932,1.00288309926358,2057.95397698849,0.00373378410996487
0.0420042535810839,1.00288309926358,2089.46973486743,0.00505890137363892
0.0994291968824823,1.00867425853989,2055.10255127564,0.0218864076398199
0.0973104274696862,1.00288309926358,2055.70285142571,0.0199673542352598
0.0972163445763664,5.2653877364201,2074.012006003,0.0406544348204031
0.087844181081896,5.56142771178757,2079.41470735368,0.0314769711414302
0.0999235525802337,1.28093437865255,2057.80390195098,0.0260665755925734
0.0595347450484493,1.64552345116496,2081.2156078039,0.0109376987378208
0.0704906323541732,1.00288309926358,2065.45772886443,0.00425026346587259
0.0879950667132142,6.68661474347447,2081.36568284142,0.0326045053897755
0.0907088363853498,7.56780167843215,2081.2156078039,0.0357364406914116
0.0907692141470136,1.09335121002246,2058.55427713857,0.0200032580840529
0.0815384434672492,2.49085867387056,2072.96148074037,0.0227624651615265
0.0710272955680323,4.87160332233193,2089.1695847924,0.0187189093493766
0.081532116920311,1.50936647207927,2066.20810405203,0.0194944195765528
0.0982990847417688,6.53437118513655,2075.81290645323,0.043149755677152
0.0899641668376692,3.15409462760941,2071.6108054027,0.0303725788188137
0.0396766735435212,1.00288309926358,2092.92146073037,0.00244974032264578
0.0887408574251144,2.77083492243083,2070.71035517759,0.0283824511557168
0.0977436421775711,1.5850757161707,2060.80540270135,0.0283368757878328
0.0524637097943804,1.00288309926358,2077.61380690345,0.00738501556049755
0.0863299606760784,2.96051892720402,2072.66133066533,0.027062843182915
0.0932227602070629,16.1827476936424,2088.11905952976,0.0406288467579631
0.0829273436668797,4.52026390637434,2079.71485742871,0.0266660530343741
0.0904398492155892,4.27964604980107,2074.91245622811,0.0327522284410481
0.0779431463067352,1.54453302690677,2068.30915457729,0.017926920666855
0.0831752647429206,1.00288309926358,2060.05502751376,0.015648703838696
0.0519911118233038,1.00288309926358,2078.06403201601,0.00536248433088193
0.094782102412798,1.55345194953386,2061.55577788894,0.0263730064959862
0.0854390124038382,12.8536732852339,2090.67033516758,0.0318212849380292
0.0590715718036667,4.46850800867783,2099.52476238119,0.0125522794931054
0.096837401300449,3.6952337044061,2070.41020510255,0.0375238830125093
0.0653381170336784,2.89311263070037,2086.0180090045,0.014618134064536
0.0609092586960394,1.7683242002651,2081.36568284142,0.011609695500811
0.0719700574398241,1.00288309926358,2064.70735367684,0.00262045103247054
0.0723120344791026,1.00288309926358,2064.55727863932,0.00920861348413023
0.0951161244077319,1.56242237457588,2061.55577788894,0.026577696604066
0.0934252055447729,1.83048275359669,2063.95697848924,0.0276062784357621
0.094976302216431,1.8463608342542,2063.50675337669,0.0286602815439122
0.0706389259552367,4.53329627591397,2088.4192096048,0.0183754286867948
0.0887890615316593,6.53437118513655,2080.61530765383,0.0333402276560425
0.0973660136826799,3.28381811862624,2068.90945472736,0.0369561325221081
0.0978635592143221,1.00288309926358,2055.55277638819,0.00795981441204517
0.0705465880047089,1.10601480450688,2066.95847923962,0.0130156221523345
0.0845692137823671,4.87160332233193,2079.71485742871,0.0281438520422891
0.090807679558719,1.30701047960937,2060.80540270135,0.0222846530840721
0.0658087944836032,3.38947576589033,2088.11905952976,0.0152012884910937
0.0844309175937705,5.70741049859425,2081.66583291646,0.0287293237594454
0.0843784262314514,1.1028352210931,2060.80540270135,0.0178085988555365
0.0822814198493556,1.60805750536954,2066.8084042021,0.0202795105776846
0.0583373354106102,1.00288309926358,2072.81140570285,0.00632231855834033
0.0929899826408377,3.72728711692345,2072.21110555278,0.0339535919581499
0.0760589791959544,1.12853005133194,2064.55727863932,0.0150022519476192
0.0912715271291699,1.57597523020146,2062.90645322661,0.0247255439914396
0.076742895209087,4.57261925984919,2083.91695847924,0.0221829145872152
0.0953600489947582,2.72338334507132,2067.70885442721,0.0333054720589113
0.0857477186166241,4.36676720472819,2077.61380690345,0.0288442699017517
0.0985895195954386,6.92165665438525,2076.26313156578,0.0438555755854289
0.0797787310993661,2.7391095515787,2075.06253126563,0.022371336882925
0.0928829550699731,2.11997911696849,2065.75787893947,0.029018350588387
0.0774875455787565,2.03037797761035,2072.3611805903,0.0193860408213857
0.0732287132303115,1.00288309926358,2064.10705352676,0.0121210616591827
0.0912660082246827,1.02624915657849,2057.65382691346,0.0193376103737315
0.0534418996231294,1.00288309926358,2076.71335667834,0.00534504358156842
0.072451547686552,7.92455244054436,2094.87243621811,0.0204261123872958
0.085365373366603,1.00288309926358,2059.30465232616,0.00639934108036309
0.0811246040431023,1.00288309926358,2060.80540270135,0.00658886304660576
0.0873668637451041,5.28056837192541,2078.96448224112,0.0310941936723998
0.0603020101994485,1.47076025583445,2078.51425712856,0.0108849177628215
0.0933578467317031,1.29950646550457,2059.90495247624,0.0233058474230301
0.0823886912556507,1.92784124639408,2069.2096048024,0.0216269051831226
0.0709999266725888,1.1817296425721,2067.85892946473,0.0135301114507277
0.0723057870033203,1.00288309926358,2064.55727863932,0.00379657788933639
0.0899095313754624,12.0301229939707,2086.91845922961,0.0362313138714174
0.0773590083148765,1.2517695448338,2065.60780390195,0.0161713589473647
0.095764750147804,2.16313573014221,2065.00750375188,0.0311087320855705
0.0389140854990858,1.00577451078852,2094.27213606803,0.00415053580945463
0.0748107497216416,1.53125056362849,2069.80990495248,0.0164870122928843
0.0906605103188338,2.11388457789867,2066.65832916458,0.0274448109594403
0.0692871664788412,1.00288309926358,2066.05802901451,0.00378147701384312
0.0624921027497402,1.00288309926358,2069.95997999,0.0091792338312432
0.0927656183448549,2.57100265798945,2068.00900450225,0.0309035232204342
0.0817341556680693,4.92802801770652,2081.51575787894,0.0260802045517914
0.0565226079095009,1.4963864293158,2082.11605802901,0.00970123894882742
0.0669939800972666,2.3787241732935,2081.51575787894,0.01489944580814
0.0659358636758328,1.9841495077581,2079.41470735368,0.0138700952826977
0.0961051166485006,8.63941072106801,2079.71485742871,0.0423392881158346
0.0978368652368584,5.22010717715947,2073.71185592796,0.0410216053185713
0.079591665473982,2.39935784176774,2073.41170585293,0.0215205318124192
0.0911918483993069,9.63820144251651,2083.6168084042,0.0371331425984831
0.0904575252763258,1.00288309926358,2057.65382691346,0.0116920813887891
0.0981616301109576,1.01449885892793,2055.55277638819,0.0215428362296055
0.0861195151850691,1.43727338940046,2063.65682841421,0.0211961158993109
0.0978812384065297,1.00288309926358,2055.55277638819,0.00369460754155389
0.0620683651801893,1.12205075712963,2072.3611805903,0.0104300332987085
0.0811647348372074,2.28475538672293,2071.91095547774,0.0221854693080495
0.0870529008165273,6.15102138343189,2080.91545772886,0.0314452419402781
0.0619939950802476,3.85830538552188,2093.82191095548,0.0136533292149434
0.0992520655009965,2.39246014169509,2064.85742871436,0.0349246921703016
0.088209998914287,7.3318961356485,2082.41620810405,0.0328190251345175
0.0442111010835386,1.00288309926358,2086.46823411706,0.00290766979274317
0.0851565868046571,2.3787241732935,2070.56028014007,0.0247534797300811
0.0833733635909575,15.6782947440786,2094.57228614307,0.0301705348817133
0.088940818542321,1.00288309926358,2058.10405202601,0.00625830861270187
0.0979608259489118,4.12243473196511,2071.16058029014,0.0393983885593117
0.0792498049407554,1.00577451078852,2061.55577788894,0.0151240938671986
0.0983345592384064,1.28093437865255,2058.25412706353,0.0253386643870916
0.0781107667677414,2.66904925964653,2075.66283141571,0.0212543928238615
0.0794814917231189,1.32978351631576,2065.45772886443,0.0175088394824019
0.0847191176298326,12.169460288151,2090.52026013007,0.0310624572448589
0.0898556206067126,1.47500060364494,2062.60630315158,0.0232658993726741
0.0726563843386215,1.00288309926358,2064.4072036018,0.00312582424263863
0.0993018050553533,4.85759838400825,2072.21110555278,0.0424946585913645
0.0849491120448639,4.84363370723389,2079.41470735368,0.0284432244703291
0.0925054716543521,1.14160110005127,2058.55427713857,0.0212297492696951
0.0840699145776242,1.00288309926358,2059.75487743872,0.00142278578010073
0.0998020400322131,2.50524216415549,2065.15757878939,0.0359283028677204
0.0684527188574601,1.00288309926358,2066.50825412706,0.00338442993269352
0.0890596475812214,3.08228092099346,2071.76088044022,0.0295122436162755
0.0857841731718078,1.00288309926358,2059.15457728864,0.0134722087216887
0.0741747458381735,3.85830538552188,2083.31665832916,0.0201793995870094
0.0505626410119097,1.00288309926358,2079.41470735368,0.00217377967561932
0.0898016104416142,2.57100265798945,2069.35967983992,0.0285456241108401
0.0736637505634311,1.04413027541975,2064.55727863932,0.0136180789693933
0.0615926448196672,1.00288309926358,2070.56028014007,0.00685795430625293
0.0690715066891409,2.44116367657533,2080.31515757879,0.0159891588802537
0.0950772879098277,1.65979714701382,2062.15607803902,0.0275301287525616
0.0922234651149793,1.55345194953386,2062.45622811406,0.0249662195714771
0.0808921149349509,3.19062650772569,2076.4132066033,0.0238317843599015
0.0757880482077742,1.67902152597229,2070.56028014007,0.0175100548108791
0.0543421188354007,1.00288309926358,2075.96298149075,0.00689194508965701
0.0645843890676732,1.92229906736858,2079.86493246623,0.0132440042601887
0.0608454263995702,3.13598584352336,2091.42071035518,0.0128462445090949
0.0918864584704045,3.07341994620988,2070.56028014007,0.0314858138006202
0.0611509399909841,1.00288309926358,2070.86043021511,0.00829233499818402
0.0996884571048661,1.21624552488348,2057.2036018009,0.0251455973065154
0.0519974523884421,1.035151107089,2078.66433216608,0.00752134258332523
0.085376161307289,6.84240540686637,2083.31665832916,0.0300298807420699
0.089925479966758,1.00288309926358,2057.80390195098,0.00445784773961102
0.091929527660894,1.40859841962076,2061.40570285143,0.0236341128965814
0.0984103544281162,10.4172824260824,2080.61530765383,0.0454725123040259
0.0880626687447267,1.76324060258228,2065.45772886443,0.0242153605865795
0.0792479894540612,2.02454102487246,2071.31065532766,0.0203736640374394
0.0914189009982697,2.27163778979815,2067.25862931466,0.0284969522627865
0.0886004366086532,6.45955425993623,2080.61530765383,0.0330705261768271
0.0840055078109149,1.55345194953386,2065.60780390195,0.0208248370790858
0.0982213327955462,14.298445429222,2083.91695847924,0.0465660028945135
0.0878539093300176,17.2408685151293,2092.47123561781,0.0344721217917768
0.0577224307668813,1.00288309926358,2073.26163081541,0.00871350061125303
0.0736558543914102,2.66904925964653,2078.51425712856,0.0185970433754069
0.0862262403628203,1.00288309926358,2059.00450225113,0.00288855809691126
0.0836222132880143,1.00288309926358,2059.90495247624,0.0140748293079859
0.0862455815822137,6.51558610363938,2082.11605802901,0.0308456260745854
0.0978739829610618,1.00577451078852,2055.55277638819,0.021242117904848
0.0736363190706927,4.85759838400825,2086.91845922961,0.0204621383472537
0.071041209794419,4.91386086905364,2089.1695847924,0.0188775300241139
0.0791934163456976,1.00288309926358,2061.55577788894,0.00967963576223664
0.0968718524492098,1.21975208146059,2058.10405202601,0.0239544025823138
0.0819567079998397,1.83048275359669,2068.60930465233,0.0211618649301942
0.0967476193131991,10.3574730860055,2081.36568284142,0.0435739866473189
0.0823781253165613,7.08292353206951,2085.56778389195,0.0277981778415073
0.0522973887742777,1.00288309926358,2077.76388194097,0.00733849707750444
0.0726233909995275,1.07153781450759,2065.45772886443,0.013459694967356
0.0781080487108129,1.00288309926358,2062.0060030015,0.00837275953038204
0.0766077574996654,7.72186012504483,2090.97048524262,0.0233349019482411
0.0639625456667276,1.00288309926358,2069.05952976488,0.00777209055556069
0.0726689447231845,1.00288309926358,2064.4072036018,0.0100270891615575
0.0968447919834985,5.41917883794353,2074.46223111556,0.0405282505621769
0.0894568533694967,1.00288309926358,2057.95397698849,0.00889404918009774
0.0673481190769375,1.00288309926358,2067.10855427714,0.00523342754025495
0.08197012766653,1.00288309926358,2060.50525262631,0.0124858895329152
0.0944389792324688,17.4908414355252,2088.26913456728,0.042021522380138
0.0761552770856447,3.11798102843626,2079.11455727864,0.0205413601728721
0.064453797063782,3.13598584352336,2088.11905952976,0.0143583683860514
0.0864444748978419,2.29794873135268,2069.50975487744,0.025404985355994
0.0984588275269638,5.94214829246472,2074.7623811906,0.0427123437774046
0.0885170265815674,1.32596064017055,2061.85592796398,0.021324840299209
0.0621805674408719,2.67674439360146,2087.51875937969,0.0130610407340049
0.0861922510056519,1.00288309926358,2059.00450225113,0.001261846184504
0.0625234617928423,1.00288309926358,2069.95997999,0.00608833081108959
0.064931651910692,2.33126636583218,2082.86643321661,0.0138850495285389
0.0820735778193956,1.99560700049668,2069.80990495248,0.0217047070278455
0.066034449051688,1.8570226648111,2078.21410705353,0.0137130318344604
0.0814305171097573,1.25537852068667,2063.80690345173,0.0178469330183443
0.0950616982457486,1.00288309926358,2056.30315157579,0.00127305814695188
0.0916393623005071,1.441417191251,2061.70585292646,0.0238699857096718
0.0828766284673418,1.08394875824941,2061.25562781391,0.017012413456537
0.0922398725228704,5.67464221589759,2077.1635817909,0.0360741598372294
0.0910475571939324,1.50936647207927,2062.45622811406,0.0241209557595551
0.0951220485869373,1.00288309926358,2056.30315157579,0.00277687625996189
0.0941665130911855,2.80292774815717,2068.45922961481,0.0327067669210052
0.0998538259780249,1.95017021036364,2062.45622811406,0.0326231782670926
0.08876032055291,3.59036651349369,2073.71185592796,0.0302534740607236
0.0633947158954403,1.00867425853989,2069.50975487744,0.0103633956512929
0.0681834129055424,1.00288309926358,2066.65832916458,0.0102302825453674
0.0927303603653334,1.10601480450688,2058.10405202601,0.0208884447902423
0.0526243544934463,1.00288309926358,2077.46373186593,0.00705594303211572
0.0716993053693613,1.00288309926358,2064.85742871436,0.00467849984330381
0.0886314482741434,6.24020417473294,2080.31515757879,0.032660452371923
0.0950636246414333,1.00288309926358,2056.30315157579,0.00501541907277075
0.0773217240118017,1.00288309926358,2062.30615307654,0.00826816756412915
0.0419403342227297,1.32596064017055,2097.12356178089,0.00562409448816437
0.071342122804614,1.00288309926358,2065.00750375188,0.0101217625400107
0.0723192167587763,1.42081696649143,2069.95997999,0.0150795680223633
0.0707639245931362,1.00288309926358,2065.30765382691,0.011378501618215
0.0742341625619662,1.36468921205103,2068.30915457729,0.0156207162868383
0.0758231004305912,12.5610156350281,2098.17408704352,0.0233247441955063
0.0379538629176998,1.00288309926358,2095.77288644322,0.00431920667771572
0.0776689464279831,1.34131840233837,2066.35817908954,0.0168810778516899
0.0839130262931984,6.8227347852315,2084.21710855428,0.0287348590824289
0.0477614829827074,1.4249133228412,2090.67033516758,0.00709097669734453
0.099224281726346,1.12528574084121,2056.45322661331,0.0236222215674429
0.0914529233901755,1.39648494813358,2061.40570285143,0.0233290738672189
0.0799679128216418,1.00288309926358,2061.25562781391,0.0132795226057926
0.0924328885343715,1.28462743961633,2060.05502751376,0.0227877366843435
0.0841254603254607,1.04112859832463,2060.20510255128,0.01706217703624
0.0814956567200255,5.90803229623124,2083.91695847924,0.0265394059108727
0.0853026998064177,2.80292774815717,2072.51125562781,0.0259842644708216
0.0835535691646105,3.11798102843626,2074.7623811906,0.0253455478442367
0.0927070953437566,1.79396288338358,2063.95697848924,0.0269636517231645
0.0780761276427568,4.77441020717598,2083.46673336668,0.0233704827212509
0.0440132686404677,1.14160110005127,2090.07003501751,0.00588682408751822
0.0977662836117954,1.11882507338448,2056.75337668834,0.0230239289713084
0.0829948339073109,1.16484078042324,2062.15607803902,0.0177801726531211
0.0458010208355787,1.48779514022745,2094.27213606803,0.00667136061305657
0.0800256761717282,1.21975208146059,2063.95697848924,0.0170945525750677
0.0994341923628106,3.34103457688672,2068.30915457729,0.0389949978778496
0.0870697288224511,1.63607591315362,2065.00750375188,0.0228457581568303
0.0994271401070224,8.66431899975565,2078.21410705353,0.0459416843253251
0.0777029613964784,1.00288309926358,2062.15607803902,0.00288277474289496
0.0815089511376505,1.00288309926358,2060.65532766383,0.00817662330910219
0.0937569162543502,1.29950646550457,2059.75487743872,0.0234965552970873
0.0460630699165481,1.00288309926358,2084.21710855428,0.00371605050835821
0.088954820805183,2.35148837301477,2068.60930465233,0.0273292482593221
0.0962162783393899,1.00288309926358,2056.00300150075,0.0168441535167218
0.086208841752756,1.26991877487462,2062.0060030015,0.0200073036484719
0.0931388398121339,1.4963864293158,2061.70585292646,0.0250035099157222
0.0631445404258021,4.67915618701786,2095.77288644322,0.0145103376378189
0.051598420732492,1.35295334494457,2084.96748374187,0.00802569532404092
0.0937876208616076,4.27964604980107,2073.41170585293,0.0355651987681875
0.0910526674548249,1.2232687477884,2059.90495247624,0.0215232342149403
0.0774023124982205,1.00288309926358,2062.30615307654,0.00109420759111945
0.0931960492954922,1.54453302690677,2062.0060030015,0.0254697778105662
0.0821385445352422,11.9955386652786,2092.32116058029,0.0285155048463589
0.0941714201589313,1.33746236557711,2060.05502751376,0.0240097128234573
0.0912216413423416,3.17230798106454,2071.16058029014,0.0313222558805567
0.0364720945774873,1.00288309926358,2098.47423711856,0.00341720378591033
0.0908269200563023,1.52684850782001,2062.75637818909,0.024027937444874
0.0850693658880314,2.13222095925085,2069.2096048024,0.0239503903664005
0.0945436657350527,1.00288309926358,2056.45322661331,0.011214182830038
0.0927082510087454,2.03037797761035,2065.45772886443,0.028263042361739
0.0858543779384993,1.6741946565908,2065.75787893947,0.0224702796707983
0.0788219076200724,1.00288309926358,2061.70585292646,0.00437741886216492
0.0987760316715666,3.55949057200184,2069.2096048024,0.0390850622574946
0.0682451629448729,1.23033252636976,2069.95997999,0.0128249596272591
0.070559736480836,3.0557743442915,2082.71635817909,0.0173249293680885
0.0756819290901356,1.4249133228412,2068.30915457729,0.0164014898492325
0.0825173170281783,2.1944987299355,2070.71035517759,0.022726900041588
0.0720040337184773,2.63090415150101,2079.41470735368,0.0176678676742702
0.0630510501055105,2.42714808378022,2085.11755877939,0.0131875960204096
0.0763732772109332,1.2517695448338,2066.05802901451,0.0158079562927416
0.0913684459122062,2.21991621862324,2066.95847923962,0.0283775662704334
0.0784345449161068,1.00288309926358,2061.85592796398,0.00247732499817929
0.0913913941481919,1.00288309926358,2057.35367683842,0.00696534150273039
0.066544611704361,1.00288309926358,2067.55877938969,0.00772696596931111
0.0584237565020416,2.61579919085284,2090.8204102051,0.0114807959653882
0.0726016184209932,3.78132852701561,2084.21710855428,0.0191408433512799
0.0894483942025714,3.50861959151272,2073.11155577789,0.0306568022322294
0.0799148803835243,1.66458250694606,2068.30915457729,0.0194489466204775
0.0935864981209908,1.59422875299434,2062.30615307654,0.0260118626252423
0.0854808721960108,2.46233896144414,2070.86043021511,0.0251680294243477
0.0923441082546918,1.13504676028852,2058.55427713857,0.0211003267521127
0.0819886856208382,4.92802801770652,2081.36568284142,0.0262593284825194
0.0799158212432476,1.08394875824941,2062.30615307654,0.016041378983372
0.0837953061173898,8.03944940844679,2086.16808404202,0.0293372057995757
0.0634602189767022,1.00288309926358,2069.35967983992,0.00960229288527333
0.065559812706871,2.1944987299355,2081.36568284142,0.0139976992192542
0.0969218326646271,14.9294397640879,2085.11755877939,0.0448485703603331
0.0811823515173155,8.99473757437633,2089.46973486743,0.027158732631982
0.0742510288265189,1.04112859832463,2064.25712856428,0.0137742193219275
0.0984572461008871,5.94214829246472,2074.7623811906,0.0427040397096064
0.0907076477308234,1.40051115285914,2061.70585292646,0.0230044129333765
0.0940275076370028,1.00288309926358,2056.60330165083,0.0035656249393565
0.0954519974185971,1.6984685687346,2062.30615307654,0.0280089189076299
0.0925938590590596,1.81474121907939,2064.10705352676,0.027062969647726
0.0927572713033815,1.47076025583445,2061.55577788894,0.0246620948838378
0.0990099445474602,2.03037797761035,2063.20660330165,0.0325169749788209
0.0632757890952945,3.61109912366059,2091.42071035518,0.0141593742742751
0.0857148603888025,1.00288309926358,2059.15457728864,0.00693281166240351
0.0697509980181864,2.96051892720402,2082.71635817909,0.0169340336777217
0.0951029526994091,1.00288309926358,2056.30315157579,0.0178114044500615
0.0640037902757868,1.00288309926358,2069.05952976488,0.00460226393617491
0.088548778944774,1.00288309926358,2058.25412706353,0.012156493485651
0.0385671986494458,1.00288309926358,2094.72236118059,0.00369688418967172
0.0807477872438133,1.00288309926358,2060.95547773887,0.00930164703588518
0.0584497491737538,1.1817296425721,2075.96298149075,0.00957570785480238
0.0951261636895789,1.00288309926358,2056.30315157579,0.00611032626374073
0.0875692367265818,1.00288309926358,2058.55427713857,0.0129793672725454
0.0831406402682617,1.00288309926358,2060.05502751376,0.00671375955235208
0.0727014550309618,4.48139116082693,2086.61830915458,0.0195545915073833
0.0753102182212346,2.21991621862324,2074.7623811906,0.0187925801539014
0.080068669911767,2.14453349218355,2071.76088044022,0.0210516564634226
0.097319557110592,1.54009278652809,2060.65532766383,0.0276263876376244
0.0773823677667425,1.00288309926358,2062.30615307654,0.00811418546149302
0.0960866602617295,1.3490638599235,2059.45472736368,0.0251718277584664
0.0899733839696387,1.00288309926358,2057.80390195098,0.0173459824471917
0.0571346074983195,2.01872085226992,2087.36868434217,0.0105206312047218
0.044621251883438,1.67902152597229,2098.92446223112,0.00652907127800243
0.0907865594592205,5.17521601544173,2076.86343171586,0.0341995443655482
0.0473671387841989,1.00288309926358,2082.71635817909,0.00456132359741187
0.0890428913479721,1.80432214140788,2065.45772886443,0.0248288719884677
0.0618997590740471,2.16313573014221,2084.06703351676,0.0125028106232729
0.0747896468969784,1.07153781450759,2064.4072036018,0.0141975639334247
0.0990550271854719,1.00288309926358,2055.25262631316,0.00434313939495083
0.0499169604173675,1.00288309926358,2080.01500750375,0.00472908394728681
0.0950296370891318,1.00288309926358,2056.30315157579,0.00840804217076763
0.055982924243877,1.00288309926358,2074.61230615308,0.00658611604286497
0.0925309717849978,2.03623175886238,2065.45772886443,0.0283318572702595
0.090448296455023,1.14160110005127,2059.30465232616,0.0203866764013397
0.0816200011185842,9.15145972170511,2089.31965982992,0.0276491799355975
0.0951156480301334,14.8865204479472,2086.16808404202,0.0424126313861302
0.0403683101166733,1.00288309926358,2091.87093546773,0.00190650806515093
0.0941694846391994,1.07772542117776,2057.35367683842,0.021060298234488
0.0617962911736996,1.48351801054375,2077.61380690345,0.0113413584878595
0.0822595071728983,1.60343464412786,2066.8084042021,0.0202265849456799
0.0960647475474929,2.03037797761035,2064.10705352676,0.0306760449922064
0.0758865560172159,1.15815301335288,2065.00750375188,0.0151557040583888
0.0589335708206172,1.00288309926358,2072.3611805903,0.00309215476579319
0.0777646667328086,1.00288309926358,2062.15607803902,0.00373703182471619
0.0881889466988606,5.64206206761865,2079.26463231616,0.0321423571452205
0.0853895159108854,8.08587329578959,2085.26763381691,0.0306024760764653
0.0894233331344237,1.00288309926358,2057.95397698849,0.00806102306578424
0.0963822719541108,3.34103457688672,2069.50975487744,0.0361883682999076
0.0869779217711267,13.5373258656811,2090.22011005503,0.0333847283708202
0.0822959248541698,1.035151107089,2060.80540270135,0.0163851402291035
0.0999908038923028,13.6941201359897,2082.56628314157,0.0486619018557366
0.0962007189261911,17.0926028588123,2086.91845922961,0.0443761659406411
0.0990754767824953,1.24458268867087,2057.65382691346,0.0252366786534194
0.0761476868339532,1.40051115285914,2067.70885442721,0.0165655818867385
0.0974339493185811,1.4249133228412,2059.75487743872,0.0265093116415803
0.0939364731242183,1.00288309926358,2056.60330165083,0.00947871603339902
0.0838521653362117,3.6424227310724,2076.4132066033,0.0265690623814721
0.0940673213664123,1.56692699337341,2061.85592796398,0.026171379643075
0.0938848666774454,2.16313573014221,2065.60780390195,0.0299177773856983
0.0975163672276736,1.36468921205103,2059.15457728864,0.0260395994933987
0.0490446039401077,1.17833239331668,2084.66733366683,0.00709477997454949
0.0886316596547575,4.95648496866088,2077.61380690345,0.0317281940655387
0.0863194082376325,10.0346071582177,2087.21860930465,0.0319899623900143
0.0724508340457682,1.74305193613896,2072.96148074037,0.0162125305642151
0.0804050806979082,1.00288309926358,2061.10555277639,0.0149778292356289
0.098883936832301,1.15815301335288,2056.90345172586,0.0239798811291171
0.0918784891054291,4.20635552139048,2074.012006003,0.033954432476123
0.0840927515816941,1.17494491051044,2061.85592796398,0.0182766857895655
0.0749379806350305,1.00288309926358,2063.35667833917,0.0119723875376624
0.0931902526441134,2.29134256329585,2066.65832916458,0.0298039809730559
0.094508426934985,1.00288309926358,2056.45322661331,0.00741228584102824
0.0639871849602417,1.00288309926358,2069.05952976488,0.0104638500144524
0.0851655899894556,1.8199732981517,2067.10855427714,0.0228210951887773
0.0982831132327581,1.2517695448338,2057.95397698849,0.024989500509745
0.0678365516573015,1.33361741419236,2071.6108054027,0.013050209067216
0.0697417890335718,1.51371812544339,2072.51125562781,0.0143437781679911
0.0990743541083362,3.18145405986858,2067.85892946473,0.0383331780455902
0.0953277803071539,5.02834834499989,2074.46223111556,0.0380846647706352
0.0802582434064484,1.1817296425721,2063.50675337669,0.0168372371476609
0.08773130151467,3.46844676966084,2073.86193096548,0.0291367201745712
0.0976335269497543,3.0557743442915,2068.00900450225,0.0365408465441151
0.0575463913938494,1.00288309926358,2073.41170585293,0.00632515690195616
0.0863948987869141,8.17952684419346,2084.66733366683,0.0317906989458357
0.0833955755048461,6.34893199363231,2083.6168084042,0.0282079528194652
0.054141049637392,1.08394875824941,2077.76388194097,0.00816572036475915
0.0944903353748895,1.00288309926358,2056.45322661331,0.00504088025360121
0.0951550202230199,2.16313573014221,2065.15757878939,0.0307823837095663
0.0629368075094063,3.25557838997471,2090.07003501751,0.0137885455195216
0.0695738351668943,1.00288309926358,2065.90795397699,0.00206620824602178
0.0953130449798482,1.36076598863131,2059.75487743872,0.0249417541203964
0.0960143504408023,8.54049161663095,2079.71485742871,0.0419199481109184
0.0846356598846672,3.99392909131044,2077.1635817909,0.0275320576888802
0.0698037280001,6.34893199363231,2094.12206103052,0.0184095780831536
0.0836253329560561,1.00288309926358,2059.90495247624,0.00517872449064789
0.0857726880225889,1.00288309926358,2059.15457728864,0.00698285219357234
0.064464414461972,1.00288309926358,2068.75937968984,0.00101485850677257
0.0844629990710514,3.17230798106454,2074.46223111556,0.0261390340579349
0.0753322920416844,2.63848930932274,2077.31365682841,0.0194421547353444
0.0893596941936869,1.39648494813358,2062.15607803902,0.0223283653155258
0.0488730586407818,1.00288309926358,2081.06553276638,0.00326311912861211
0.0894748650073641,1.00288309926358,2057.95397698849,0.0171096998745362
0.0832434319833958,5.05738459676651,2080.91545772886,0.0273351370691831
0.0883403069821675,3.74881037659201,2074.46223111556,0.0300991722317681
0.0890361709726848,1.017423759841,2058.25412706353,0.018470346092232
0.0891514009294411,4.77441020717598,2076.86343171586,0.0321030994452523
0.0795914006944989,5.90803229623124,2085.26763381691,0.0249454855325996
0.0620220527908971,1.04112859832463,2070.86043021511,0.0101572161989647
0.0852809442752587,1.11240149892777,2060.65532766383,0.0181784453743683
