0.0949240850530424,1.00867425853989,2085.86793396698,0.00261324599035125
0.0800712350342131,1.00867425853989,2096.22311155578,0.00138370708141182
0.0970768681756012,1.01158236655188,2084.66733366683,0.00314746220179214
0.0999447171941751,1.00577451078852,2083.01650825413,0.00148169333989172
0.0813624149121854,1.00867425853989,2095.17258629315,0.00180237537281894
0.0758608333667925,1.01449885892793,2099.97498749375,0.0012948388526023
0.0937360351373976,1.02624915657849,2086.7683841921,0.00111990405280828
0.0953277685590796,1.00288309926358,2085.56778389195,0.00290544769209787
0.0936831330710832,1.0232988843187,2086.7683841921,0.00106504947044656
0.0887412466715414,1.0232988843187,2089.91995997999,0.00167476977353519
0.0845974218836087,1.02920793476607,2092.92146073037,0.00129118898592761
0.0776737925563708,1.00288309926358,2098.17408704352,0.00100049649766766
0.078099263290939,1.00867425853989,2097.87393696848,0.00143336277227356
0.0774988345479398,1.00288309926358,2098.32416208104,0.00168928369099172
0.0905604105007955,1.0232988843187,2088.71935967984,0.00104535900123798
0.0766840314581234,1.00288309926358,2099.07453726863,0.00154555356268259
0.0979939234164477,1.00288309926358,2084.06703351676,0.00213864794446082
0.0902465984947573,1.00577451078852,2088.71935967984,0.00226739250559513
0.0797011386026897,1.00867425853989,2096.52326163082,0.00164531224617875
0.0959181183215178,1.00577451078852,2085.26763381691,0.00106990666304193
0.0799812848045962,1.00288309926358,2096.22311155578,0.00164694656504005
0.0953249711906821,1.00288309926358,2085.56778389195,0.00113247373096877
0.087887487319633,1.01158236655188,2090.37018509255,0.00155422849369537
0.078076575080978,1.00577451078852,2097.87393696848,0.00104861918951878
0.0979906569657011,1.00288309926358,2084.06703351676,0.00201805038306925
0.0954407300699627,1.00867425853989,2085.56778389195,0.00255155033028196
0.0959286140976515,1.09335121002246,2086.0180090045,0.00309863209224616
0.0958739640230843,1.00577451078852,2085.26763381691,0.00198536143715485
0.0873189117343693,1.00288309926358,2090.67033516758,0.00104275795911132
0.083204900555593,1.02920793476607,2093.971985993,0.0020328335656289
0.0926113844607904,1.03217524340486,2087.51875937969,0.00254220650591381
0.0940714636058145,1.00288309926358,2086.31815907954,0.00188068560479184
0.0880233584443594,1.02035709353375,2090.37018509255,0.00116891044804169
0.0791515060461463,1.00867425853989,2096.97348674337,0.00129530747839675
0.0974489861878769,1.00288309926358,2084.3671835918,0.0010885170172987
0.0896035930444704,1.02035709353375,2089.31965982992,0.00228920283201582
0.0850872527262288,1.00867425853989,2092.32116058029,0.00154953132918632
0.0823884504252505,1.02624915657849,2094.57228614307,0.00120412347998611
0.0998201795538373,1.01158236655188,2083.16658329165,0.00313913291673323
0.0814767059065024,1.04112859832463,2095.47273636818,0.00181437522175148
0.0983798074235632,1.00867425853989,2083.91695847924,0.00188332054108531
0.0899456230458531,1.01449885892793,2089.01950975488,0.00121595879258114
0.0775929362190268,1.00867425853989,2098.32416208104,0.00153919451555156
0.092431171267119,1.00867425853989,2087.36868434217,0.00170559653352945
0.0824800103543779,1.03217524340486,2094.57228614307,0.00144983876169506
0.0970514389515848,1.01158236655188,2084.66733366683,0.00287710540727968
0.0938502369110102,1.00577451078852,2086.46823411706,0.00230661115923812
0.0996881763153006,1.00577451078852,2083.16658329165,0.00205433242455487
0.0926943864218494,1.00867425853989,2087.21860930465,0.00204292370016271
0.0830544511490711,1.04413027541975,2094.27213606803,0.00113518336441683
0.0991983412357076,1.00867425853989,2083.46673336668,0.00300297603419257
0.0915208094064974,1.01158236655188,2087.96898449225,0.00206233975173437
0.088267947570182,1.00867425853989,2090.07003501751,0.00196309593335991
0.0915430952521152,1.01158236655188,2087.96898449225,0.00114537435667353
0.0996253151995562,1.50936647207927,2087.21860930465,0.00350243740960679
0.0938918008811694,1.035151107089,2086.7683841921,0.00150566534024047
0.083165126161932,1.02624915657849,2093.971985993,0.00151728924745378
0.0917276363470616,1.00867425853989,2087.81890945473,0.00162339638005253
0.0983777286073165,1.00867425853989,2083.91695847924,0.00317136490801874
0.0800353071142927,1.00867425853989,2096.22311155578,0.00161531536275788
0.0853746661886757,1.02624915657849,2092.32116058029,0.00131652009234548
0.09997742955913,1.00577451078852,2083.01650825413,0.00263047692461306
0.0842983692018115,1.035151107089,2093.2216108054,0.00195305852719053
0.0966968891240396,1.00577451078852,2084.81740870435,0.00265562487548856
0.096368202146552,1.00288309926358,2084.96748374187,0.00187735050643312
0.0925680785314745,1.00288309926358,2087.21860930465,0.00265841429171305
0.0949728700423774,1.01158236655188,2085.86793396698,0.00228485681266126
0.0834593127916189,1.02035709353375,2093.67183591796,0.00201373045538131
0.0908162193385621,1.01158236655188,2088.4192096048,0.00126853896246066
0.0796817238604105,1.00867425853989,2096.52326163082,0.0017390300498813
0.0966637424364192,1.00577451078852,2084.81740870435,0.00266253348135007
0.0951482555931601,1.02035709353375,2085.86793396698,0.0027263336031714
0.0904345565087394,1.00288309926358,2088.56928464232,0.00141638441080027
0.081809722542364,1.1028352210931,2095.92296148074,0.00200283641704372
0.081014518239656,1.26991877487462,2098.32416208104,0.00196444924798153
0.0993469009570921,1.00288309926358,2083.31665832916,0.00187120135319958
0.0907203579464727,1.00577451078852,2088.4192096048,0.00161095161341442
0.0895264979687382,1.00288309926358,2089.1695847924,0.00172112574266169
0.0991431740369192,1.00577451078852,2083.46673336668,0.00334398343970271
0.0999048985854727,1.00288309926358,2083.01650825413,0.00229904558329193
0.0894086827472274,1.00867425853989,2089.31965982992,0.00146194588525197
0.0931543907538187,1.035151107089,2087.21860930465,0.00120144854295249
0.0966141932411961,1.00288309926358,2084.81740870435,0.0028236826900646
0.0832091322845852,1.02920793476607,2093.971985993,0.00155229713578527
0.0830382335077957,1.00577451078852,2093.82191095548,0.00141749158487256
0.078940135348903,1.00577451078852,2097.12356178089,0.00160023058111328
0.0859378243948812,1.0232988843187,2091.87093546773,0.00146944788811844
0.0912689866051947,1.0232988843187,2088.26913456728,0.00137630477054403
0.0953798857103208,1.00577451078852,2085.56778389195,0.00201143553774197
0.0989134193553067,1.00867425853989,2083.6168084042,0.00144675430910428
0.0942877524500038,1.02920793476607,2086.46823411706,0.00223131607077347
0.093891403503261,1.035151107089,2086.7683841921,0.00186903809361678
0.0991383727286815,1.00577451078852,2083.46673336668,0.00154970826409327
0.0982350150022198,1.00288309926358,2083.91695847924,0.00160022708654056
0.097951822894277,1.00288309926358,2084.06703351676,0.00250273874555146
0.0999537872409265,1.00577451078852,2083.01650825413,0.00124335336374249
0.0860536488360729,1.017423759841,2091.72086043021,0.0013661909112628
0.0874159908620562,1.00867425853989,2090.67033516758,0.00155593156620459
0.0903685692285125,1.01158236655188,2088.71935967984,0.00118362445067708
0.0941476447018302,1.00867425853989,2086.31815907954,0.00208046681706407
0.0986939220026046,1.01158236655188,2083.76688344172,0.00191259317892324
0.0856475527814134,1.07153781450759,2092.62131065533,0.00225442319479173
0.0897612294442569,1.00288309926358,2089.01950975488,0.00235481049258544
0.0882807833037226,1.00867425853989,2090.07003501751,0.00242315180090643
0.0776958725633907,1.00288309926358,2098.17408704352,0.00147365512283133
0.0979776147547136,1.00288309926358,2084.06703351676,0.00271785870457893
0.0928253383116375,1.00288309926358,2087.06853426713,0.0011000577882925
0.0875715398263951,1.00577451078852,2090.52026013007,0.00208580647407683
0.0852105059465,1.02920793476607,2092.47123561781,0.00164256056147833
0.0992065045177229,1.00867425853989,2083.46673336668,0.00232407261302189
0.0830161059636946,1.02920793476607,2094.12206103052,0.001598686808156
0.0921438405718788,1.00577451078852,2087.51875937969,0.00255266842401546
0.0897393608837104,1.00288309926358,2089.01950975488,0.00163222441755022
0.0896093581285066,1.00867425853989,2089.1695847924,0.00104945326110136
0.0894490836838129,1.01158236655188,2089.31965982992,0.0021299941982365
0.0792372366670556,1.1988633739507,2099.07453726863,0.00186005628873954
0.0919502179119497,1.00867425853989,2087.66883441721,0.0025364333320859
0.0859538707152369,1.01158236655188,2091.72086043021,0.00115837996942063
0.0774270483411302,1.0232988843187,2098.62431215608,0.00174521668272674
0.0841512633526111,1.02624915657849,2093.2216108054,0.00157342891258022
0.0940436563401977,1.00288309926358,2086.31815907954,0.00195248614096823
0.0988143785265585,1.00288309926358,2083.6168084042,0.00165223059050956
0.097291685541897,1.00867425853989,2084.51725862931,0.00103574946127062
0.096813118799369,1.01158236655188,2084.81740870435,0.00291065391691268
0.0817664779223108,1.035151107089,2095.17258629315,0.0013699223852957
0.0956534165507891,1.00577451078852,2085.41770885443,0.0016223580882547
0.0859493127399467,1.0232988843187,2091.87093546773,0.00193001465909904
0.0976220552294974,2.26510726072284,2092.62131065533,0.00333611197742153
0.0810549718789946,1.05015961695978,2095.92296148074,0.00158091703920181
0.0948916709460519,1.02035709353375,2086.0180090045,0.00153019018348564
0.0928562971926973,1.03217524340486,2087.36868434217,0.00239668702998593
0.0839287921621904,1.01158236655188,2093.2216108054,0.00176262522364465
0.0799554310586571,1.00288309926358,2096.22311155578,0.00126349019622533
0.0877915471500651,1.00577451078852,2090.37018509255,0.00172632997949189
0.0865372333529779,1.00867425853989,2091.27063531766,0.00125836330843729
0.0955774202030113,1.00288309926358,2085.41770885443,0.00186407213060413
0.0817070412019069,1.05622377499757,2095.47273636818,0.00196088341522506
0.0932804265193929,1.01449885892793,2086.91845922961,0.00145131228266541
0.0882012987867378,1.017423759841,2090.22011005503,0.00150134760151638
0.0940764183300832,1.00288309926358,2086.31815907954,0.00262489576018656
0.0946641115198764,1.00867425853989,2086.0180090045,0.00237845159067878
0.0923286793713165,1.00288309926358,2087.36868434217,0.00202247003830385
0.0903051644371096,1.00867425853989,2088.71935967984,0.00129648688084482
0.0853404672416446,1.01158236655188,2092.17108554277,0.00103904403481784
0.0936208349243329,1.00577451078852,2086.61830915458,0.00162326453002853
0.0962845796904126,1.01158236655188,2085.11755877939,0.00123048338199431
0.089204103505418,1.01158236655188,2089.46973486743,0.00242349210613021
0.0905962616009013,1.01158236655188,2088.56928464232,0.00133871468826552
0.0809044884778659,1.00288309926358,2095.47273636818,0.00111127114296199
0.085747599936671,1.01158236655188,2091.87093546773,0.00172760677431807
0.0815775261095097,1.035151107089,2095.32266133067,0.0016258982843426
0.0960772318276443,1.01449885892793,2085.26763381691,0.00204662446327291
0.0973315282616871,3.17230798106454,2096.22311155578,0.00335312752232897
0.0872040121361227,1.0232988843187,2090.97048524262,0.00195343339242194
0.0949310714584401,1.00867425853989,2085.86793396698,0.00285035868146987
0.0968972396690126,1.00288309926358,2084.66733366683,0.00272721616458323
0.0951834243938135,1.00867425853989,2085.71785892946,0.00132316742792214
0.0951368509600127,2.57100265798945,2095.6228114057,0.0030996635089049
0.0861246448407965,1.00867425853989,2091.5707853927,0.00182082688065525
0.0946581586418068,1.00867425853989,2086.0180090045,0.00243851914022989
0.0827970961637682,1.00288309926358,2093.971985993,0.00103445202656557
0.0992115142537573,1.01158236655188,2083.46673336668,0.00323664995607244
0.0950570675403559,1.00288309926358,2085.71785892946,0.00182195006955151
0.0895758643974163,1.00577451078852,2089.1695847924,0.00146245932094533
0.08384791158414,1.03217524340486,2093.52176088044,0.00108903849611648
0.095426207475597,1.00867425853989,2085.56778389195,0.00196509739640696
0.0931600877498896,2.84356700216288,2098.024012006,0.00294765832587445
0.0980944719514373,1.00867425853989,2084.06703351676,0.00231539265816044
0.0898139449461757,1.00577451078852,2089.01950975488,0.00186842632141653
0.0895447673454961,2.47655776434198,2099.22461230615,0.00263160426564091
0.0837226471466742,1.01158236655188,2093.37168584292,0.00189665472563439
0.0908110667448916,1.01158236655188,2088.4192096048,0.00240193198529385
0.093227998022845,1.01158236655188,2086.91845922961,0.00246400022955309
0.0910610278243325,1.01158236655188,2088.26913456728,0.00107503226376511
0.0928373761508884,1.00288309926358,2087.06853426713,0.0024820205464353
0.0836801804220391,1.00867425853989,2093.37168584292,0.00157443778963674
0.084970314665489,1.01449885892793,2092.47123561781,0.00214909989371318
0.0860294141561558,1.00288309926358,2091.5707853927,0.00184841737741392
0.0785807800272951,1.00577451078852,2097.42371185593,0.00143517560590465
0.0849273263706174,1.01158236655188,2092.47123561781,0.00132842366945648
0.082041853113556,1.04112859832463,2095.02251125563,0.00197167322677537
0.0977710067046555,1.00577451078852,2084.21710855428,0.00197473697630792
0.0951027877855639,1.00577451078852,2085.71785892946,0.00182781195012961
0.0860003532689893,1.01449885892793,2091.72086043021,0.00214385417298397
0.0794903329476611,1.00577451078852,2096.67333666833,0.00182506296998936
0.0787481744688802,1.00577451078852,2097.27363681841,0.00133906448792497
0.096006896171599,1.01158236655188,2085.26763381691,0.00222169612759207
0.0952310279951268,1.01158236655188,2085.71785892946,0.00248630528902838
0.0948165647221622,1.00288309926358,2085.86793396698,0.00179953178437163
0.0910532202496996,1.01158236655188,2088.26913456728,0.0019909441828536
0.0990673537618098,1.00288309926358,2083.46673336668,0.00196822892974021
0.0918769591855198,1.017423759841,2087.81890945473,0.00166179201014742
0.0976147953016848,1.01158236655188,2084.3671835918,0.00232890119779417
0.0912143039107497,1.02035709353375,2088.26913456728,0.00162682051815249
0.0826249114699601,1.02920793476607,2094.42221110555,0.00162702081844703
0.0875123437652298,1.00288309926358,2090.52026013007,0.00140440509515315
0.0975038197356383,1.00577451078852,2084.3671835918,0.00194469634187988
0.0989441978880435,1.01158236655188,2083.6168084042,0.00189347245835679
0.0906810244832678,1.00288309926358,2088.4192096048,0.00158080394221754
0.0869375238578542,1.00577451078852,2090.97048524262,0.00161734860438325
0.0840397768310305,1.03217524340486,2093.37168584292,0.0010724699870371
0.0968053348989292,1.01158236655188,2084.81740870435,0.00158354097393873
0.0966789298002474,1.00577451078852,2084.81740870435,0.00233622466383366
0.0889851610007429,1.01158236655188,2089.61980990495,0.00139138539165653
0.0997984729951479,1.01158236655188,2083.16658329165,0.00214783494084549
0.0969649674339566,1.00577451078852,2084.66733366683,0.0014133636613409
0.0869360395543025,1.00577451078852,2090.97048524262,0.00136132048325521
0.0832248202497301,1.017423759841,2093.82191095548,0.00204377387138946
0.0794295000399936,1.00288309926358,2096.67333666833,0.00147252614580364
0.0909047664931591,1.00288309926358,2088.26913456728,0.00180031167015098
0.092477781222899,1.01158236655188,2087.36868434217,0.00146429041436348
0.0918151241788611,1.00577451078852,2087.66883441721,0.00271708079401757
0.0847887634768061,1.00288309926358,2092.47123561781,0.00154001981572951
0.0801650468431416,1.00288309926358,2096.07303651826,0.00182187840621872
0.0993383880888675,1.00288309926358,2083.31665832916,0.00204652130643494
0.090204699941432,1.00288309926358,2088.71935967984,0.00228375715378317
0.0865879399323263,1.01158236655188,2091.27063531766,0.00200607432329902
0.0960973601723289,1.00288309926358,2085.11755877939,0.00212244318421025
0.093461990332895,1.01158236655188,2086.7683841921,0.00205371684380101
0.0897680535832218,1.017423759841,2089.1695847924,0.00159445669037482
0.0989796445943311,1.01158236655188,2083.6168084042,0.00240762087224069
0.0873390948452434,1.017423759841,2090.8204102051,0.00150489103300082
0.0966837397056384,1.00577451078852,2084.81740870435,0.00214401962842284
0.085743572598143,1.0232988843187,2092.02101050525,0.00104489788584959
0.0844875521012284,1.035151107089,2093.07153576788,0.00135359960927331
0.0891027884420841,1.27358007675926,2092.02101050525,0.00255173266524821
0.0903537742470716,1.16149208345279,2090.22011005503,0.00261942741220864
0.0878527239900479,1.0232988843187,2090.52026013007,0.00125361879945781
0.0863426039983618,1.34518555643637,2094.72236118059,0.00233506225143819
0.0974877893150011,1.00577451078852,2084.3671835918,0.00223291794234554
0.091941780114416,1.00867425853989,2087.66883441721,0.00178440888073994
0.0814435391644462,1.23033252636976,2097.57378689345,0.00198830865415148
0.0930995691950984,1.03217524340486,2087.21860930465,0.00216443850453179
0.0907656005545263,1.00867425853989,2088.4192096048,0.00101244806340727
0.0857163965831519,1.00867425853989,2091.87093546773,0.0021732224354816
0.0920831100852275,1.00288309926358,2087.51875937969,0.00174216406252628
0.0916488690385394,1.00577451078852,2087.81890945473,0.00167833279140173
0.0762054250565756,1.00577451078852,2099.52476238119,0.00164469200764244
0.0843514783374585,1.02624915657849,2093.07153576788,0.00133225205812647
0.0941995483821417,1.01158236655188,2086.31815907954,0.0027956527338392
0.082347099639858,1.0232988843187,2094.57228614307,0.00135263757952286
0.0944002588272122,1.00867425853989,2086.16808404202,0.00136649596241869
0.0884580670274695,1.00577451078852,2089.91995997999,0.00108310956464334
0.0999004407232302,1.00288309926358,2083.01650825413,0.00310931469474301
0.0849803247910989,1.01449885892793,2092.47123561781,0.00199828605553478
0.0958342354782154,1.00288309926358,2085.26763381691,0.00151967437034953
0.0967135270754146,1.00867425853989,2084.81740870435,0.00273122267904767
0.0985154537775202,1.00288309926358,2083.76688344172,0.00213349904219552
0.0951257718495392,1.00577451078852,2085.71785892946,0.00196772056540262
0.0893894880068586,1.00867425853989,2089.31965982992,0.00215831417769224
0.0793515697320822,1.00867425853989,2096.82341170585,0.00174386429360881
0.091826834342189,1.01449885892793,2087.81890945473,0.00242443272679533
0.0949722045022271,1.01158236655188,2085.86793396698,0.00159791020472538
0.0777551950955855,1.00867425853989,2098.17408704352,0.00150892223358185
0.0977630702668793,1.00577451078852,2084.21710855428,0.00194842818038478
0.0929585763612259,1.03813555048354,2087.36868434217,0.00244363981250955
0.0910045947132604,1.00867425853989,2088.26913456728,0.00242545430354186
0.0954192316213497,1.00867425853989,2085.56778389195,0.00149694496210682
0.0823068956747115,1.02035709353375,2094.57228614307,0.00109572667633139
0.09561388832984,1.03217524340486,2085.71785892946,0.00164978587435195
0.0963471004246875,1.00288309926358,2084.96748374187,0.00245985804453613
0.095098189637749,1.03217524340486,2086.0180090045,0.00245336645748121
0.0855766965237848,1.02624915657849,2092.17108554277,0.00185737686235435
0.0999405649793286,1.00288309926358,2083.01650825413,0.00118875292752254
0.0838192144120058,1.017423759841,2093.37168584292,0.00153268964771832
0.0902020215880829,1.00288309926358,2088.71935967984,0.00238182779911372
0.0838763034423511,1.00867425853989,2093.2216108054,0.00134432229033293
0.0981263355623092,1.01158236655188,2084.06703351676,0.0010541529947119
0.0865747208462755,1.0232988843187,2091.42071035518,0.00163673212840051
0.089269019829615,1.01449885892793,2089.46973486743,0.00245978959632591
0.0928802298771736,1.00577451078852,2087.06853426713,0.00154916217624612
0.0954068194889186,1.035151107089,2085.86793396698,0.00263003999094501
0.099427164031917,1.00577451078852,2083.31665832916,0.0032930692323955
0.0894207145519609,1.0232988843187,2089.46973486743,0.00243669588464706
0.0931859723084283,1.00867425853989,2086.91845922961,0.00114146076191306
0.084850183671029,1.03217524340486,2092.77138569285,0.00201424914040099
0.0822633372969567,1.00577451078852,2094.42221110555,0.00174972374199235
0.0856679647732916,1.00577451078852,2091.87093546773,0.00111801544008086
0.0839052002415861,1.0232988843187,2093.37168584292,0.00207942072088724
0.0820835224317782,1.05622377499757,2095.17258629315,0.00151410268007873
0.0973237323130652,1.01158236655188,2084.51725862931,0.00154289702489582
0.0948089821357282,1.00288309926358,2085.86793396698,0.0025633651679879
0.0822806143254619,1.04413027541975,2094.87243621811,0.00192832680686788
0.0864692425523121,1.017423759841,2091.42071035518,0.00153387789926769
0.0973023384441748,1.01158236655188,2084.51725862931,0.00169245334893514
0.0782674349856901,1.00867425853989,2097.72386193097,0.00173142104359923
0.0983854775819531,1.01158236655188,2083.91695847924,0.00171651029030244
0.0842033311631325,1.02920793476607,2093.2216108054,0.00171625305724888
0.0925993581791279,1.017423759841,2087.36868434217,0.00184102840293972
0.0832361930077526,1.00577451078852,2093.67183591796,0.00200408327413938
0.0895953653451434,1.02035709353375,2089.31965982992,0.00131090878695032
0.0950646951547219,1.42081696649143,2089.31965982992,0.00305656193046377
0.0999582030394295,1.00577451078852,2083.01650825413,0.00308733166617407
0.0903073029394562,1.00867425853989,2088.71935967984,0.00253216565722528
0.0956662180489518,1.035151107089,2085.71785892946,0.00191928025554954
0.0876752650874971,1.01158236655188,2090.52026013007,0.00223871451074399
0.0811095613887952,1.04112859832463,2095.77288644322,0.00183299173935631
0.0973064415882939,1.01158236655188,2084.51725862931,0.00248428956550572
0.0997569601306917,1.00867425853989,2083.16658329165,0.00323401852419725
0.0779115248710136,1.00577451078852,2098.024012006,0.00123581453157061
0.0944515633432688,1.01158236655188,2086.16808404202,0.00251302615598711
0.0817289755831244,1.02035709353375,2095.02251125563,0.00167989769582764
0.0901920051418569,1.01449885892793,2088.86943471736,0.00143534639957281
0.0857505603391148,1.01158236655188,2091.87093546773,0.00184440526681657
0.0977111630068804,1.00288309926358,2084.21710855428,0.00165356127795303
0.0973473521540147,1.01158236655188,2084.51725862931,0.001162516319862
0.0875845657866779,1.00577451078852,2090.52026013007,0.00151196034143335
0.0803224031718392,1.00288309926358,2095.92296148074,0.00169568488506051
0.0946131200169163,1.00577451078852,2086.0180090045,0.00150334113564761
0.0856318440815569,1.017423759841,2092.02101050525,0.00205647428898368
0.0988796240125617,1.00867425853989,2083.6168084042,0.00151270113123246
0.0948784464162966,1.00577451078852,2085.86793396698,0.00236363296170223
0.0923050228879909,1.01449885892793,2087.51875937969,0.00233483601005852
0.0869068063861631,1.017423759841,2091.12056028014,0.00149318943349025
0.0919117453789181,1.00577451078852,2087.66883441721,0.00127882565346274
0.0903457464221444,1.01158236655188,2088.71935967984,0.00231639831435888
0.0787868244221451,1.07772542117776,2098.024012006,0.00183731814619757
0.0814371833214788,1.03813555048354,2095.47273636818,0.00167519316304772
0.0777813649985181,1.00867425853989,2098.17408704352,0.0011607013299702
0.094170018625874,1.00867425853989,2086.31815907954,0.00262966886813194
0.0947928661721128,1.02920793476607,2086.16808404202,0.00165276149529271
0.0981091055299933,1.01158236655188,2084.06703351676,0.00237486417274687
0.0863221587612341,1.02035709353375,2091.5707853927,0.00185350832924698
0.0809866127056442,1.00867425853989,2095.47273636818,0.00182756623151695
0.0756921098090324,1.00288309926358,2099.97498749375,0.00134056305610534
0.0926200635444249,1.00577451078852,2087.21860930465,0.00259275002546322
0.099458441104068,1.00867425853989,2083.31665832916,0.00315115231978183
0.0841792711908885,1.00288309926358,2092.92146073037,0.00211256319579401
0.0982378337283743,1.00288309926358,2083.91695847924,0.00157176972657357
0.0945749176872675,1.00288309926358,2086.0180090045,0.00215032282977652
0.0942687674162869,1.93897358646993,2093.2216108054,0.00299673549289179
0.0863533491701647,1.0232988843187,2091.5707853927,0.00217030546488184
0.0979730266568747,2.03037797761035,2091.27063531766,0.00336087374507558
0.0872732559392919,1.01449885892793,2090.8204102051,0.00104640867038729
0.0961355225948139,1.00577451078852,2085.11755877939,0.00245777356108118
0.0853944998761513,1.01449885892793,2092.17108554277,0.00210947437725587
0.0988617664527983,1.00577451078852,2083.6168084042,0.00305491072923456
0.0816418373799197,1.01449885892793,2095.02251125563,0.0018403032170526
0.0779099889838833,1.00577451078852,2098.024012006,0.00161408780518398
0.0986046496432462,1.00867425853989,2083.76688344172,0.00211832366328585
0.0959611559779504,1.00867425853989,2085.26763381691,0.0018857119543514
0.0949818127690415,1.01158236655188,2085.86793396698,0.00117347187107765
0.0980498701854083,1.00577451078852,2084.06703351676,0.00318065618361091
0.0841937630084507,1.03813555048354,2093.2216108054,0.00217032813650836
0.0881117937560356,1.01158236655188,2090.22011005503,0.00194393861376289
0.0951767361528047,1.00867425853989,2085.71785892946,0.00240208649641483
0.0979825738508312,1.00288309926358,2084.06703351676,0.00251363882540958
0.0854975292752407,1.00867425853989,2092.02101050525,0.001584452524134
0.081489050046526,1.02920793476607,2095.32266133067,0.0017750927257045
0.0912490139694024,1.00867425853989,2088.11905952976,0.00135200085751174
0.0972312285893169,1.00577451078852,2084.51725862931,0.00303470679185818
0.0794807547418435,1.00577451078852,2096.67333666833,0.00156102937442029
0.0903399147421572,1.0232988843187,2088.86943471736,0.00124833944016152
0.0895840623328721,1.00577451078852,2089.1695847924,0.00176363686513462
0.0941211736049501,1.00577451078852,2086.31815907954,0.00165310999649958
0.097965374590011,1.00288309926358,2084.06703351676,0.00130676555077796
0.090910736340682,1.00288309926358,2088.26913456728,0.00110040411417112
0.0761033753985727,1.00867425853989,2099.67483741871,0.00161456920436163
0.098656708764695,1.01158236655188,2083.76688344172,0.00301727680170123
0.0974099508242079,1.00288309926358,2084.3671835918,0.00110454550953734
0.0843665186944834,1.01449885892793,2092.92146073037,0.00139671686708735
0.0790947025647755,1.00577451078852,2096.97348674337,0.0016590472008487
0.0874441702294175,1.01158236655188,2090.67033516758,0.00195078966795567
0.0973126909023775,1.01158236655188,2084.51725862931,0.00132721571479577
0.0811329253861967,1.00577451078852,2095.32266133067,0.00123600748345317
0.0991675186386574,1.00867425853989,2083.46673336668,0.00295856498909226
0.0977778747286221,1.00577451078852,2084.21710855428,0.00249364592777117
0.090482953943159,1.00577451078852,2088.56928464232,0.00157376084953649
0.084044158027438,1.03217524340486,2093.37168584292,0.00209227928067871
0.0789570737052357,1.17833239331668,2099.07453726863,0.00184567207148698
0.0958265212884439,1.00288309926358,2085.26763381691,0.00233200758779258
0.093846027928101,1.00577451078852,2086.46823411706,0.0024456722304575
0.0872407795649879,1.01158236655188,2090.8204102051,0.00112625230587584
0.0934117981022092,1.00867425853989,2086.7683841921,0.00152361854133595
0.0864575404340662,1.00288309926358,2091.27063531766,0.00218544710433728
0.0919452442914985,1.00867425853989,2087.66883441721,0.00149864705323464
0.0889007555918112,1.00577451078852,2089.61980990495,0.00143551124891967
0.0928682535645772,1.00577451078852,2087.06853426713,0.00129701919809639
0.096901416678095,1.00288309926358,2084.66733366683,0.00230589525136508
0.0868689001350216,1.00288309926358,2090.97048524262,0.0021564401706953
0.0980135426208329,1.00577451078852,2084.06703351676,0.00174706023659599
0.095608600472169,1.017423759841,2085.56778389195,0.00140776455630379
0.0805299914110679,1.00288309926358,2095.77288644322,0.00171702306270098
0.0972130821978619,1.00577451078852,2084.51725862931,0.00274822566249203
0.0985084906690519,1.00288309926358,2083.76688344172,0.00107875070200735
0.0796455403034219,1.00577451078852,2096.52326163082,0.00154677449789192
0.0964766710876426,1.00867425853989,2084.96748374187,0.00239227802381438
0.0884703018640466,1.02035709353375,2090.07003501751,0.00128826436372677
0.0856844609463238,1.02035709353375,2092.02101050525,0.00118349402158138
0.082764882000721,1.03813555048354,2094.42221110555,0.00167036586815822
0.0948579393871498,1.00577451078852,2085.86793396698,0.00182697508995996
0.0840361304005747,1.00577451078852,2093.07153576788,0.00105501217747869
0.0942906546033918,1.02920793476607,2086.46823411706,0.00254827108340699
0.0988344656243594,1.00577451078852,2083.6168084042,0.00199845511799822
0.0813401382843904,1.04413027541975,2095.6228114057,0.00153163848515089
0.0851058527766742,1.035151107089,2092.62131065533,0.00107814070615539
0.0867243243258343,1.03217524340486,2091.42071035518,0.0022552004908858
0.0978648767155388,1.01158236655188,2084.21710855428,0.00291602651615211
0.099247632722316,1.01158236655188,2083.46673336668,0.00109259026750384
0.0929553880880285,1.03813555048354,2087.36868434217,0.00193572319042667
0.0907757687063171,1.00867425853989,2088.4192096048,0.00163669120118925
0.0968003189074126,1.01158236655188,2084.81740870435,0.00188029503390892
0.0970332842657249,1.01158236655188,2084.66733366683,0.0012818519372997
0.075940261993,1.00867425853989,2099.82491245623,0.0015544949035878
0.0992588276868092,1.01158236655188,2083.46673336668,0.00224034958928416
0.095407259294493,1.035151107089,2085.86793396698,0.00161124072602797
0.0945764236290466,1.00288309926358,2086.0180090045,0.00133619240798815
0.0935408792213976,1.12528574084121,2087.81890945473,0.0028779857753613
0.0798211836960339,1.00577451078852,2096.3731865933,0.0016245342625729
0.0949176577885077,1.00867425853989,2085.86793396698,0.00212020363666297
0.0913572182525826,1.01449885892793,2088.11905952976,0.001973292959673
0.0765411728712106,1.00577451078852,2099.22461230615,0.00157657164242807
0.0837001172234167,1.035151107089,2093.67183591796,0.00120015411538397
0.0922201050592077,1.0232988843187,2087.66883441721,0.00193456791074698
0.0835063571056663,1.0232988843187,2093.67183591796,0.00133871526679345
0.0814299475137949,1.05015961695978,2095.6228114057,0.00138213089788265
0.093360636560214,1.00577451078852,2086.7683841921,0.00123704770099276
0.0918236632045486,1.01449885892793,2087.81890945473,0.00194575514960759
0.0993034177788337,2.76286929599819,2093.52176088044,0.00354110419204417
0.0997363598744097,1.00867425853989,2083.16658329165,0.00264892224484599
0.0853038971062711,1.13504676028852,2093.52176088044,0.00224235124892059
0.099056785126396,1.19541686845759,2085.26763381691,0.00337585963477927
0.0916457343032895,1.017423759841,2087.96898449225,0.00111557607887691
0.0864667988832355,1.02920793476607,2091.5707853927,0.00134394092793595
0.0936301890323019,1.02035709353375,2086.7683841921,0.00111221250157818
0.0824371980169055,1.02920793476607,2094.57228614307,0.00129524596062037
0.0835601550807247,1.02624915657849,2093.67183591796,0.00180550624429115
0.0849335979583025,1.01158236655188,2092.47123561781,0.00146272211025693
0.0924458524064119,1.00867425853989,2087.36868434217,0.00221680182722449
0.0821399448272305,1.04714060664789,2095.02251125563,0.00107994194727291
0.0857855027320074,1.02624915657849,2092.02101050525,0.00204377837695206
0.0846153664893404,1.017423759841,2092.77138569285,0.00204616547062942
0.0947257714481694,1.01158236655188,2086.0180090045,0.00211731934132328
0.0999486666703877,1.00577451078852,2083.01650825413,0.00236431192586201
0.0855551640156496,1.52245910708953,2096.82341170585,0.00227977675121711
0.0891888252265679,1.0232988843187,2089.61980990495,0.00231177413489412
0.0776776705878819,1.00288309926358,2098.17408704352,0.0016779925660197
0.0878275273381254,1.00867425853989,2090.37018509255,0.00147682781829952
0.0923489316740887,1.00288309926358,2087.36868434217,0.00122682394102007
0.0942967139369736,1.00288309926358,2086.16808404202,0.00208318998424736
0.0890978109255203,1.017423759841,2089.61980990495,0.00131135372713639
0.0761733789480857,1.00288309926358,2099.52476238119,0.00149753651910373
0.086599644332084,1.01158236655188,2091.27063531766,0.00107107787250021
0.0867940863148278,1.0232988843187,2091.27063531766,0.00131210953871692
0.095312181322471,1.00288309926358,2085.56778389195,0.00199584867805922
0.0979836198288682,1.00288309926358,2084.06703351676,0.00298421665983496
0.097572226040379,1.01158236655188,2084.3671835918,0.00191772343112563
0.0865604724800684,1.035151107089,2091.5707853927,0.00186572600900451
0.0924781357116601,1.01158236655188,2087.36868434217,0.00150415017878131
0.0997120097047052,1.00577451078852,2083.16658329165,0.00127528843221409
0.0841120844013854,1.0232988843187,2093.2216108054,0.00153530448463125
0.0933764295123814,1.00577451078852,2086.7683841921,0.00214571228255791
0.0973908326107616,2.51246502599404,2093.82191095548,0.0033279066015187
0.0999111929756756,1.00288309926358,2083.01650825413,0.00152959078664211
0.0938546310281387,1.95579274466099,2093.52176088044,0.0029798465801501
0.0917375766080676,1.31455782572457,2090.67033516758,0.00274594751732751
0.0974582011222388,3.68461060628057,2097.72386193097,0.00336061828835308
0.099699311211394,1.00577451078852,2083.16658329165,0.0030244089629934
0.0974169048007232,1.00288309926358,2084.3671835918,0.00179362661668503
0.0978389752825986,1.01158236655188,2084.21710855428,0.00248718543577093
0.0906406460325626,1.01449885892793,2088.56928464232,0.00118540130684722
0.0888843370340039,1.00577451078852,2089.61980990495,0.00129975377424464
0.0957503952352848,1.01158236655188,2085.41770885443,0.00202645912191639
0.0832061839926004,1.02920793476607,2093.971985993,0.00140875433425811
0.0987093960621317,1.01158236655188,2083.76688344172,0.0027991668537271
0.083041002510298,1.00577451078852,2093.82191095548,0.00158487027817438
0.0938388521387637,1.03217524340486,2086.7683841921,0.00178913090023008
0.0859454190703622,1.0232988843187,2091.87093546773,0.00224796210967737
0.0854915831830397,1.00867425853989,2092.02101050525,0.00156746383027113
0.094566955918894,1.00288309926358,2086.0180090045,0.00202623673749922
0.0884901895236873,1.00867425853989,2089.91995997999,0.00100696400010047
0.076698387937158,1.00577451078852,2099.07453726863,0.00164954582247402
0.0891515099668466,1.02035709353375,2089.61980990495,0.0022817007511756
0.0884413997853009,1.05015961695978,2090.37018509255,0.00246174202550079
0.0879292528586129,1.01449885892793,2090.37018509255,0.00139278087527298
0.091521898580286,1.01158236655188,2087.96898449225,0.00228623513650686
0.0758530704152763,1.00288309926358,2099.82491245623,0.00151084538207372
0.0866775881575711,1.02920793476607,2091.42071035518,0.0019476378043778
0.0983702320708214,1.00867425853989,2083.91695847924,0.00323125244636043
0.0995965597709318,2.78683513858361,2093.52176088044,0.00353802228964804
0.0883991048937826,1.00288309926358,2089.91995997999,0.00145611752352633
0.0887513829399342,1.0232988843187,2089.91995997999,0.00158197655951884
0.0879870337215196,1.017423759841,2090.37018509255,0.00165898315062853
0.0820448801621639,1.04112859832463,2095.02251125563,0.0013599063529195
0.0980604655848808,1.00867425853989,2084.06703351676,0.00173838146158873
0.0882966815412078,1.0232988843187,2090.22011005503,0.00232736328546861
0.0867010972625661,1.017423759841,2091.27063531766,0.00177836642633228
0.0918458457269341,1.00288309926358,2087.66883441721,0.00141005142146049
0.0805711554671084,1.00577451078852,2095.77288644322,0.00123370743406
0.0908274850798222,1.01158236655188,2088.4192096048,0.00208070102333718
0.0883835375715783,1.2232687477884,2092.17108554277,0.0024699829249913
0.0882928642900006,1.0232988843187,2090.22011005503,0.00214917207890826
0.0992914353545943,1.73804099143649,2088.86943471736,0.00347916475044735
0.0815375172376201,1.03217524340486,2095.32266133067,0.00156707065684687
0.088739909271213,1.0232988843187,2089.91995997999,0.00180874838982634
0.0827437124202213,1.01158236655188,2094.12206103052,0.00124209320923438
0.0859724971973574,1.01158236655188,2091.72086043021,0.00214268591659691
0.0986933589514964,1.01158236655188,2083.76688344172,0.00174549970676954
0.0931297010616358,1.00577451078852,2086.91845922961,0.00102249516428126
0.085594219609198,1.01449885892793,2092.02101050525,0.00174782485179602
0.0959469167761081,1.00867425853989,2085.26763381691,0.00250354776957849
0.0987381267825732,4.85759838400825,2099.67483741871,0.00349881748145749
0.0914245735535833,1.00577451078852,2087.96898449225,0.00195859685982513
0.0763216173265776,1.00288309926358,2099.37468734367,0.00125096925649979
0.0965403641282249,1.01158236655188,2084.96748374187,0.00306188856474068
0.0830117328867718,1.02920793476607,2094.12206103052,0.00164032187421868
0.0980484421540828,1.00577451078852,2084.06703351676,0.00250380490010344
0.0938894159782606,1.035151107089,2086.7683841921,0.00155244860720035
0.0821458544753505,1.035151107089,2094.87243621811,0.00143530096470624
0.0780269809407318,1.00288309926358,2097.87393696848,0.00160136443680367
0.0827404165099764,1.01158236655188,2094.12206103052,0.00153217561973163
0.0869497343162401,1.02035709353375,2091.12056028014,0.00158241557740046
0.0860227777838592,1.00288309926358,2091.5707853927,0.00140772614236155
0.0838753823034944,1.00867425853989,2093.2216108054,0.0016512178765345
0.0913623130200249,1.00288309926358,2087.96898449225,0.00206442230970282
0.0918808801625687,1.017423759841,2087.81890945473,0.00262114456571947
0.0911774288127236,1.00577451078852,2088.11905952976,0.00128827136826665
0.084891035224621,1.00867425853989,2092.47123561781,0.00161481198840694
0.0912446181331181,1.00867425853989,2088.11905952976,0.00219312656561321
0.0950023314477304,1.48351801054375,2089.91995997999,0.00302781953662421
0.091532873355296,1.01158236655188,2087.96898449225,0.00189139636710145
0.0826114482117984,1.00288309926358,2094.12206103052,0.00104115397118493
0.0972262111755792,1.00577451078852,2084.51725862931,0.0030953126282233
0.0886955257173702,1.02035709353375,2089.91995997999,0.00166251844632207
0.0946870881724629,1.0232988843187,2086.16808404202,0.00181568834775612
0.0849369775607145,1.01158236655188,2092.47123561781,0.00196682011279497
0.0995121557623802,1.01158236655188,2083.31665832916,0.00232054365755226
0.0847985601983011,1.00288309926358,2092.47123561781,0.00148827782946411
0.086367558212962,1.0232988843187,2091.5707853927,0.0015625038868051
0.0821254373955806,1.00867425853989,2094.57228614307,0.00177774677628984
0.0850556862078265,1.03217524340486,2092.62131065533,0.00188383179399189
0.099815339557756,1.01158236655188,2083.16658329165,0.00324758473841194
0.0870736280405841,1.01449885892793,2090.97048524262,0.00226514393320525
0.0892804576580685,1.01449885892793,2089.46973486743,0.00218551510505454
0.0874067897947086,2.012917411563,2098.62431215608,0.00243337859479474
0.0964862409263643,1.00867425853989,2084.96748374187,0.00226540531464148
0.0780091138618447,1.00288309926358,2097.87393696848,0.00154670834758786
0.0986104195568621,1.00867425853989,2083.76688344172,0.00306698787402498
0.0997535240268349,1.00867425853989,2083.16658329165,0.00324931908778523
0.0879694184983575,1.00288309926358,2090.22011005503,0.00214967200281034
0.0895882996436794,1.02035709353375,2089.31965982992,0.00239908812739299
0.0907310321182596,1.00577451078852,2088.4192096048,0.00141670626767959
0.0995133530283468,1.01158236655188,2083.31665832916,0.00202595506468259
0.0978610993334791,1.01158236655188,2084.21710855428,0.0029208655640327
0.0907937884353297,1.0232988843187,2088.56928464232,0.00170265989217886
0.0955339357585327,2.14453349218355,2093.37168584292,0.00314271147121215
0.0880861480424585,1.0232988843187,2090.37018509255,0.00210282284215524
0.0995181874726764,1.01158236655188,2083.31665832916,0.00272126191898327
0.0846480995812457,1.03217524340486,2092.92146073037,0.00165852143909486
0.0889306470945712,1.00867425853989,2089.61980990495,0.00245344674833873
0.0975785867789339,1.01158236655188,2084.3671835918,0.00239550976334187
0.0863128419976106,1.02035709353375,2091.5707853927,0.00113842616412113
0.0994277052617762,1.00577451078852,2083.31665832916,0.00266143176317877
0.0991759320555644,1.00867425853989,2083.46673336668,0.00184358373338931
0.085861453070663,1.00577451078852,2091.72086043021,0.00220406606033972
0.0900778023986939,1.00867425853989,2088.86943471736,0.00231162787532327
0.0936842051606446,1.0232988843187,2086.7683841921,0.00154054616554403
0.09513415362209,1.00577451078852,2085.71785892946,0.00118199099685411
0.0953353147196847,1.00288309926358,2085.56778389195,0.00169201676429802
0.0887048072504882,1.02035709353375,2089.91995997999,0.0013144199995776
0.0907515778992873,1.02035709353375,2088.56928464232,0.00228024230346195
0.0766972074997309,1.00577451078852,2099.07453726863,0.00110454815508422
0.0911452185882777,1.00288309926358,2088.11905952976,0.00177329004871294
0.0978365206528566,1.01158236655188,2084.21710855428,0.00228622925706095
0.0851931416777491,1.00288309926358,2092.17108554277,0.00122149006554541
0.0967166839165262,1.00867425853989,2084.81740870435,0.00166023171890589
0.0986704113882772,1.01158236655188,2083.76688344172,0.00167482818731815
0.0819352623538331,1.00867425853989,2094.72236118059,0.00154578055422785
0.0847621912936775,1.02624915657849,2092.77138569285,0.00165154598563898
0.0859055915545879,1.02035709353375,2091.87093546773,0.00131237613361271
0.0970256412444781,1.00867425853989,2084.66733366683,0.00148922229035717
0.0822169723291744,1.01449885892793,2094.57228614307,0.00114416415981943
0.0906528368161759,1.01449885892793,2088.56928464232,0.00216322205566455
0.0938206813136293,1.00288309926358,2086.46823411706,0.002811775311851
0.0935421701578863,1.02920793476607,2086.91845922961,0.00105072822176709
0.0831650247287972,1.02624915657849,2093.971985993,0.00147239783927035
0.0886336320389989,1.00288309926358,2089.76988494247,0.00171930079253406
0.0921375369147346,1.00577451078852,2087.51875937969,0.00200235733286225
0.0935323260183863,1.01449885892793,2086.7683841921,0.00106213908168754
0.0985303458390669,1.00288309926358,2083.76688344172,0.00260715394886582
0.0923978784151271,1.00577451078852,2087.36868434217,0.00272501123541294
0.0827005873862088,1.00867425853989,2094.12206103052,0.00182523379512439
0.0901383042187592,1.01158236655188,2088.86943471736,0.00191590882983606
0.0873047773747628,1.00288309926358,2090.67033516758,0.00172068497180161
0.0952407134677082,1.01158236655188,2085.71785892946,0.00161151719743219
0.0852006924341225,1.00288309926358,2092.17108554277,0.00140125421702077
0.09335683879785,1.00577451078852,2086.7683841921,0.00184937673673418
0.0922267244473517,1.79396288338358,2093.67183591796,0.00283725184902946
0.0851127635915548,1.0232988843187,2092.47123561781,0.00121637088121492
0.0959297198254521,1.35685404373703,2088.26913456728,0.00313799155669791
0.0983799156660535,1.00867425853989,2083.91695847924,0.00230779654126043
0.0882401563185877,1.00577451078852,2090.07003501751,0.00109870910956706
0.086033223598812,1.00288309926358,2091.5707853927,0.00215708885701203
0.0907683917591151,1.00867425853989,2088.4192096048,0.00120160163133599
0.0854981015677083,1.00867425853989,2092.02101050525,0.00130840663678485
0.0857530826032641,1.01158236655188,2091.87093546773,0.00110847552481142
0.0956900868016344,1.00867425853989,2085.41770885443,0.00241906004423328
0.0908269446586631,1.01158236655188,2088.4192096048,0.00262384754756978
0.0796934351651061,1.00867425853989,2096.52326163082,0.00185702583162441
0.0897763675949412,1.04714060664789,2089.46973486743,0.00255581663357221
0.0882113822683244,1.017423759841,2090.22011005503,0.00162849575013458
0.0836293913913169,1.00577451078852,2093.37168584292,0.00189803378293227
0.0964523244376121,1.00867425853989,2084.96748374187,0.00244097969068693
0.0833127205660303,1.0232988843187,2093.82191095548,0.00168708103162723
0.097810079709509,1.00867425853989,2084.21710855428,0.00263220868680409
0.0842991054049277,1.0232988843187,2093.07153576788,0.00128514842025445
0.0876776990880268,1.01158236655188,2090.52026013007,0.00196655849001939
0.0901122503467053,1.01158236655188,2088.86943471736,0.00225386220207969
0.0941180629649529,1.00577451078852,2086.31815907954,0.00106503727263357
0.0789370230063218,1.00577451078852,2097.12356178089,0.00149460114953797
0.0779375168237894,1.00867425853989,2098.024012006,0.00114165132847816
0.0803546816329282,1.00288309926358,2095.92296148074,0.0017617493832777
0.0930814995040596,1.00288309926358,2086.91845922961,0.00155568014407855
0.0875243014179398,1.00288309926358,2090.52026013007,0.00123505414693999
0.0863230145519079,1.02035709353375,2091.5707853927,0.0010728846115052
0.0958951128662218,1.00577451078852,2085.26763381691,0.00137454597066253
0.08793231877825,1.01449885892793,2090.37018509255,0.00199276382749692
0.081376046937308,1.05926897298544,2095.77288644322,0.0011145272004275
0.0838210958590947,1.017423759841,2093.37168584292,0.00145261090597573
0.0832544291852021,1.03217524340486,2093.971985993,0.0014717369451608
0.08133671540105,1.04413027541975,2095.6228114057,0.00138764104315461
0.0981458721420054,1.01158236655188,2084.06703351676,0.00211872249713519
0.0872217718686261,1.0232988843187,2090.97048524262,0.00208556785811267
0.0815983656316784,1.01158236655188,2095.02251125563,0.00144277189794169
0.0888698542834026,1.017423759841,2089.76988494247,0.00221501290187496
0.0913011563262915,1.01158236655188,2088.11905952976,0.00179364335686152
0.0909207821864994,1.00288309926358,2088.26913456728,0.0020999597729581
0.0809913352315567,1.00867425853989,2095.47273636818,0.0012731480539861
0.0907675992572654,1.00867425853989,2088.4192096048,0.00124808929906233
0.0993987470744152,1.00577451078852,2083.31665832916,0.00293142215381795
0.0840871589849767,1.035151107089,2093.37168584292,0.00192985612833029
0.0911690298579955,1.017423759841,2088.26913456728,0.00233908961768453
0.0918478904185171,1.00288309926358,2087.66883441721,0.00179985667431812
0.0777388285952294,1.00577451078852,2098.17408704352,0.00142993888412228
0.0917292042971596,1.00867425853989,2087.81890945473,0.00126166626584861
0.0998200286560147,1.01158236655188,2083.16658329165,0.00334124630307858
0.0956841595757054,1.00867425853989,2085.41770885443,0.00122569730466351
0.0939306943483836,1.0232988843187,2086.61830915458,0.00281913512996788
0.0895273163554574,1.00288309926358,2089.1695847924,0.00153615063791157
0.0890574958758269,1.00288309926358,2089.46973486743,0.00125311468020199
0.0780314241139299,1.00288309926358,2097.87393696848,0.00104051155940151
0.0919980774450011,1.01158236655188,2087.66883441721,0.00153773015617557
0.0985243857290874,1.00288309926358,2083.76688344172,0.0022561246146941
0.094305353338666,1.00288309926358,2086.16808404202,0.0024467968648443
0.0844818478878746,1.00867425853989,2092.77138569285,0.00198407550384739
0.0850895539478286,1.00867425853989,2092.32116058029,0.00170068396569286
0.0803134042624433,1.00288309926358,2095.92296148074,0.00136860449564932
0.0887295304046908,1.00867425853989,2089.76988494247,0.00200788381471999
0.0882273834172,1.00577451078852,2090.07003501751,0.00123497189405391
0.0920995590226129,1.00288309926358,2087.51875937969,0.00157746310472215
0.0877236376449073,1.01449885892793,2090.52026013007,0.00158605227501179
0.0909107284328772,1.1988633739507,2090.22011005503,0.00266356537726988
0.0878769759951753,1.01158236655188,2090.37018509255,0.00104040779920794
0.0858292383731061,1.00288309926358,2091.72086043021,0.00109443033663745
0.0976063592780546,1.01158236655188,2084.3671835918,0.00102725325135716
0.0943441797677684,1.00577451078852,2086.16808404202,0.00271571598362046
0.0829833584429652,1.01449885892793,2093.971985993,0.00147015626245488
0.0947901649072096,1.02920793476607,2086.16808404202,0.0020681956169295
0.0804002544654028,1.00867425853989,2095.92296148074,0.00152746511965573
0.0973004162362789,3.10007958542497,2096.07303651826,0.00332741564827859
0.0865961359049085,1.01158236655188,2091.27063531766,0.00124908373405946
0.0835540538416904,1.02624915657849,2093.67183591796,0.00109027888665953
0.0921176940272566,1.017423759841,2087.66883441721,0.00201926127806596
0.0940534195344163,1.00288309926358,2086.31815907954,0.00282487196967796
0.0903101394689931,1.00867425853989,2088.71935967984,0.00168090712937299
0.0905069099959495,1.02035709353375,2088.71935967984,0.00248003117978641
0.0979493804580416,1.00288309926358,2084.06703351676,0.00220957601447579
0.0912847321523687,1.01158236655188,2088.11905952976,0.00200172227425787
0.0891176036319299,1.00577451078852,2089.46973486743,0.00210913511652235
0.0850853026610074,1.00867425853989,2092.32116058029,0.00122070877076155
0.0995135132403159,1.01158236655188,2083.31665832916,0.00239617210581803
0.0939753755075638,1.01158236655188,2086.46823411706,0.00115129269631706
0.0866428387653445,1.27358007675926,2093.82191095548,0.00235945563898846
0.0905214562894043,1.02035709353375,2088.71935967984,0.0012393299321764
0.084313619664194,1.0232988843187,2093.07153576788,0.00179307029250337
0.0809572257320793,1.00867425853989,2095.47273636818,0.00118397010422101
0.0956834518141304,1.00867425853989,2085.41770885443,0.00207771799032541
0.080431837118814,1.00867425853989,2095.92296148074,0.00166026584722049
0.0920813822219673,1.00288309926358,2087.51875937969,0.00225560276148412
0.0846673894078368,1.02035709353375,2092.77138569285,0.00118510712361619
0.0893632169895963,1.43727338940046,2093.2216108054,0.00258051294743664
0.0971573671884438,1.00288309926358,2084.51725862931,0.00218973412681483
0.0989637246920171,1.01158236655188,2083.6168084042,0.00114591673362946
0.0880427899071952,1.02035709353375,2090.37018509255,0.00116699765311766
0.0923490548783877,1.00288309926358,2087.36868434217,0.00272535116303912
0.0918831538453504,1.017423759841,2087.81890945473,0.00169522559198325
0.0929853223706108,1.01158236655188,2087.06853426713,0.00118155712611916
0.0967324695997889,1.00867425853989,2084.81740870435,0.00277551237503362
0.0989280863116068,1.00867425853989,2083.6168084042,0.0014489197355432
0.0871986716719208,1.00867425853989,2090.8204102051,0.00124122743838243
0.0852709195036214,1.02035709353375,2092.32116058029,0.00182420368419081
0.0946483893025617,1.00867425853989,2086.0180090045,0.00255274765469139
0.0996348197886749,1.00288309926358,2083.16658329165,0.00298157521511876
0.0932824737878631,1.01449885892793,2086.91845922961,0.00116374284352273
0.0890413492882854,1.01449885892793,2089.61980990495,0.00101167644309699
0.0981503014860533,1.01158236655188,2084.06703351676,0.00125797095922958
0.0990999046087629,1.00288309926358,2083.46673336668,0.00124681946158535
0.0811929447009337,1.05926897298544,2095.92296148074,0.00106000366916615
0.0886050785491893,1.01449885892793,2089.91995997999,0.00150870361252986
0.0999356108265081,1.00288309926358,2083.01650825413,0.00128313134762278
0.0797754023605607,1.00288309926358,2096.3731865933,0.00130469644080894
0.0975159232903754,1.00867425853989,2084.3671835918,0.00319950176286257
0.0991792980745328,1.00867425853989,2083.46673336668,0.00164436635361623
0.0959997708774723,1.01158236655188,2085.26763381691,0.00270964086288808
0.096907076906889,1.00288309926358,2084.66733366683,0.0019236527667995
0.0926019863663836,1.017423759841,2087.36868434217,0.00233751493758337
0.0795316653728985,1.00867425853989,2096.67333666833,0.00102999516972467
0.0804187170699209,1.00867425853989,2095.92296148074,0.0015677142433707
0.0891180071083919,1.00577451078852,2089.46973486743,0.00115847344694114
0.09781543018986,1.00867425853989,2084.21710855428,0.00287389938178215
0.0787039902056684,1.00288309926358,2097.27363681841,0.00101319207432974
0.0868045387300086,1.01158236655188,2091.12056028014,0.00223508824805017
0.0819195041816588,1.02035709353375,2094.87243621811,0.00165062467989203
0.0972549110309517,1.00867425853989,2084.51725862931,0.00121559214969823
0.0876777465897297,1.12853005133194,2091.72086043021,0.00241383839995072
0.0821070447545856,1.02035709353375,2094.72236118059,0.00191225605447363
0.0765784531357605,1.00867425853989,2099.22461230615,0.00160349108283505
0.091352762380074,1.01449885892793,2088.11905952976,0.00193643533516522
0.0980385795481662,1.00577451078852,2084.06703351676,0.00134651491931835
0.0861152203451092,1.00867425853989,2091.5707853927,0.00202822101210956
0.0843974788841506,1.02920793476607,2093.07153576788,0.0012283121176411
0.0809789722284044,1.00867425853989,2095.47273636818,0.0013323266221891
0.0913715682685854,1.00288309926358,2087.96898449225,0.00144776422459045
0.0977814413603035,1.00577451078852,2084.21710855428,0.00113393292773032
0.0936530512722859,1.00867425853989,2086.61830915458,0.0025867617032969
0.0807796662593217,1.00867425853989,2095.6228114057,0.00180220263497509
0.0908984190668058,1.00288309926358,2088.26913456728,0.0023134640358126
0.0954195067088537,1.76324060258228,2091.42071035518,0.00310238487002602
0.0838760607422643,1.00867425853989,2093.2216108054,0.00128206461647689
0.0812077124335231,1.035151107089,2095.6228114057,0.0011796814215995
0.0992178407064558,1.01158236655188,2083.46673336668,0.00163100321848272
0.0913914500874149,1.00288309926358,2087.96898449225,0.00122343523648893
0.0889590603103984,1.0232988843187,2089.76988494247,0.00206080169088812
0.0903326817580743,1.0232988843187,2088.86943471736,0.00217258095978008
0.0825795155209595,1.02624915657849,2094.42221110555,0.0015876596948293
0.0971221441026546,1.16819913201946,2086.0180090045,0.00322030585745626
0.0966229444727602,1.00288309926358,2084.81740870435,0.00162037660079387
0.0972559939434163,3.24621921773864,2096.52326163082,0.00334348802318128
0.0946209644699115,1.00577451078852,2086.0180090045,0.00154291035415916
0.0928337681914038,1.00288309926358,2087.06853426713,0.0013730291006817
0.0805801023726815,1.00577451078852,2095.77288644322,0.00155449692635706
0.0850979038054404,1.035151107089,2092.62131065533,0.001168162554083
0.0989246746551469,1.00867425853989,2083.6168084042,0.00186529712154301
0.0961212561260728,1.00288309926358,2085.11755877939,0.0012431896412344
0.0953114509048993,1.00288309926358,2085.56778389195,0.00106989354984436
0.0949841256757255,1.09335121002246,2086.61830915458,0.00300193116897664
0.0912099910110172,1.02035709353375,2088.26913456728,0.002239281026396
0.0983792652489482,1.00867425853989,2083.91695847924,0.00120988608142198
0.0964640235872495,1.00867425853989,2084.96748374187,0.00304422045195288
0.0974571803758587,1.00288309926358,2084.3671835918,0.00199045610326445
0.0787641951915299,1.00577451078852,2097.27363681841,0.00161720563305121
0.0905312154642955,1.00867425853989,2088.56928464232,0.00254003730711089
0.0938067872255154,1.00288309926358,2086.46823411706,0.00183006828469055
0.0959846357491922,1.01158236655188,2085.26763381691,0.00114654064675703
0.0959330260626979,1.00867425853989,2085.26763381691,0.00238534748016792
0.0876743504035706,1.01158236655188,2090.52026013007,0.00223337731612792
0.0807413565999534,1.00577451078852,2095.6228114057,0.00160039579372304
0.0891407724519638,1.02035709353375,2089.61980990495,0.00211985128284553
0.0879365736348321,1.47500060364494,2094.57228614307,0.00246700644663933
0.0870797693719581,1.01449885892793,2090.97048524262,0.00164349573493119
0.0947435775580518,1.02624915657849,2086.16808404202,0.00267202411530678
0.0849925942705781,1.00288309926358,2092.32116058029,0.00135672905422725
0.0989581967504281,3.55949057200184,2096.3731865933,0.00350323644535122
0.094215971160268,1.01158236655188,2086.31815907954,0.00264126632377983
0.0985057386722421,1.00288309926358,2083.76688344172,0.00287765204377763
0.0872455171270245,1.01158236655188,2090.8204102051,0.00165045986866764
0.093082658381507,1.00288309926358,2086.91845922961,0.00204951776842813
0.0944285632754716,1.00867425853989,2086.16808404202,0.00165775478623619
0.092887953437256,1.00577451078852,2087.06853426713,0.00144801694794771
0.082411882212359,1.00288309926358,2094.27213606803,0.00117734625308994
0.0915360835375732,1.01158236655188,2087.96898449225,0.00195460718432906
0.0996730647462939,1.00577451078852,2083.16658329165,0.00262249440176856
0.09195549721813,1.00867425853989,2087.66883441721,0.00175383047435794
0.094476518256022,1.01158236655188,2086.16808404202,0.00267866461666844
0.0912877598219601,1.01158236655188,2088.11905952976,0.00195541908698976
0.095221720204801,1.01158236655188,2085.71785892946,0.00268562857139834
0.0770814750399356,1.00867425853989,2098.7743871936,0.00164242259559409
0.0856494009414078,1.017423759841,2092.02101050525,0.00200984320057392
0.0928262060001949,3.12697047724319,2099.37468734367,0.00290252600052804
0.0838086703728484,1.017423759841,2093.37168584292,0.00102085240130941
0.094556003904807,1.00288309926358,2086.0180090045,0.00283321465917448
0.0960035922281654,1.01158236655188,2085.26763381691,0.00272015144358574
0.0956039316036762,1.00288309926358,2085.41770885443,0.00198108549200331
0.0877578108040237,1.017423759841,2090.52026013007,0.00130459291054372
0.0905483238732646,1.00867425853989,2088.56928464232,0.00233270837283991
0.0992571376995295,1.01158236655188,2083.46673336668,0.00143465072305906
0.0937016844635149,1.01158236655188,2086.61830915458,0.00127810965460552
0.0916378251269841,1.017423759841,2087.96898449225,0.00208016857492952
0.0909673291471616,1.00577451078852,2088.26913456728,0.00241577893745442
0.0969884721767005,1.00867425853989,2084.66733366683,0.00274402362363912
0.0929453932776333,1.0232988843187,2087.21860930465,0.00174720570485624
0.099924543782244,1.00288309926358,2083.01650825413,0.00165864323505097
0.0845538930993727,1.02624915657849,2092.92146073037,0.00210027064708226
0.0798363802500812,1.00577451078852,2096.3731865933,0.00113101132093748
0.0964129012662214,1.00577451078852,2084.96748374187,0.00209459178357599
0.0803717188293379,1.00577451078852,2095.92296148074,0.00179313632863179
0.0926560985533971,1.02035709353375,2087.36868434217,0.00242139358737787
0.0867595164086828,1.01158236655188,2091.12056028014,0.00233185117765175
0.0762280444453226,1.00577451078852,2099.52476238119,0.00160547784604511
0.09200694708944,1.01158236655188,2087.66883441721,0.00139909900957719
0.0970083864634473,1.00867425853989,2084.66733366683,0.00209442704476617
0.0908797964840916,1.01449885892793,2088.4192096048,0.00239236069609764
0.0906826787589663,1.00288309926358,2088.4192096048,0.00152660903497761
0.0951386166643264,1.00577451078852,2085.71785892946,0.00175689986285767
0.0982462323307007,1.00288309926358,2083.91695847924,0.00129634616758245
0.0841794334295233,1.00288309926358,2092.92146073037,0.00161991986977537
0.0836185638653453,1.017423759841,2093.52176088044,0.00136761385027334
0.0955202450226169,1.69358579278262,2090.97048524262,0.00309597059649109
0.0971897690866215,1.00577451078852,2084.51725862931,0.0023036652267285
0.0825271547349669,1.035151107089,2094.57228614307,0.00181395208722305
0.0878566647464128,1.0232988843187,2090.52026013007,0.00198861907675605
0.0932083447219092,1.01158236655188,2086.91845922961,0.00101526351312633
0.0881124522826681,1.01158236655188,2090.22011005503,0.00106813540528288
0.0928100813718179,1.00288309926358,2087.06853426713,0.00208645748277147
0.0907586377822652,1.00867425853989,2088.4192096048,0.00164677177075247
0.0984708220367322,1.00577451078852,2083.76688344172,0.00330311972407542
0.0943475253155262,1.00577451078852,2086.16808404202,0.00220300083964693
0.0896762456211998,1.01158236655188,2089.1695847924,0.00177086260296062
0.0967328821995337,1.00867425853989,2084.81740870435,0.0019660743575808
0.0970640621022328,4.02857346483847,2098.92446223112,0.00332494818690943
0.0860486250829852,1.017423759841,2091.72086043021,0.00105082559279604
0.0970117256005013,1.00867425853989,2084.66733366683,0.00121826031655889
0.0925669914646549,1.00288309926358,2087.21860930465,0.00137390808416379
0.0952471105974476,1.01158236655188,2085.71785892946,0.00240341460416791
0.0941019864306088,1.00577451078852,2086.31815907954,0.00259252978429346
0.0941224826715005,1.00577451078852,2086.31815907954,0.00167928983658876
0.0860877704229818,1.00577451078852,2091.5707853927,0.00186997329895973
0.0960877054828989,1.00288309926358,2085.11755877939,0.00258836301901836
0.0853252949059974,1.0232988843187,2092.32116058029,0.00204196275788365
0.0947276094887405,1.01158236655188,2086.0180090045,0.00220416091574657
0.0896652409523951,1.01158236655188,2089.1695847924,0.00165046047587335
0.0989523445700882,1.01158236655188,2083.6168084042,0.00124657691069295
0.085687869318931,1.02035709353375,2092.02101050525,0.00116389436307624
0.0963447866694584,1.00288309926358,2084.96748374187,0.00186219858941399
0.0856469834216748,1.017423759841,2092.02101050525,0.00154336877551327
0.0838303840506593,1.00577451078852,2093.2216108054,0.00191618034539729
0.0962771433160959,1.01158236655188,2085.11755877939,0.00306986518679793
0.0861228775494695,1.00867425853989,2091.5707853927,0.00177511749019352
0.0775200436658362,1.00288309926358,2098.32416208104,0.00127330484752025
0.0865712299842112,1.0232988843187,2091.42071035518,0.00170262747027417
0.0861108923753169,1.02035709353375,2091.72086043021,0.00177509397262065
0.0972304723387157,1.00577451078852,2084.51725862931,0.00263442829121525
0.0895881826190209,1.02035709353375,2089.31965982992,0.00154155777195202
0.0807774252505006,1.00867425853989,2095.6228114057,0.00110021713512654
0.0996338548076168,3.31230280598519,2095.17258629315,0.00357803923267398
0.096264874753789,1.01158236655188,2085.11755877939,0.001595101006583
0.0962347797267741,1.00867425853989,2085.11755877939,0.00283485489291706
0.0951189845311589,1.00577451078852,2085.71785892946,0.00170460475071264
0.0940483525270099,1.00288309926358,2086.31815907954,0.00154016041929987
0.0879900530533715,1.017423759841,2090.37018509255,0.00125086267948214
0.0975856976990973,1.01158236655188,2084.3671835918,0.00297645352098517
0.0857551705946844,1.01158236655188,2091.87093546773,0.00127844225805544
0.0904110437261923,1.01449885892793,2088.71935967984,0.00178990685361988
0.0980178050977127,1.00577451078852,2084.06703351676,0.00272078233124917
0.0972851592905957,1.00867425853989,2084.51725862931,0.00188244141227213
0.0839725774394799,1.01449885892793,2093.2216108054,0.00148114462446015
0.0894115294445584,1.69358579278262,2095.02251125563,0.00260181701726198
0.0936920449677241,1.03813555048354,2086.91845922961,0.00240130180435033
0.0914777755308928,2.69996316651677,2098.7743871936,0.00278081794627135
0.0956900346176665,1.00867425853989,2085.41770885443,0.00260973443821768
0.0982732230906738,1.00577451078852,2083.91695847924,0.00238166105845449
0.0983688637808126,1.00867425853989,2083.91695847924,0.00202779292824987
0.084043013549796,1.03217524340486,2093.37168584292,0.00102862361192411
0.0991238638734274,1.00577451078852,2083.46673336668,0.00307148020339695
0.0986644920259406,1.01158236655188,2083.76688344172,0.0016429507522316
0.0913888007265115,1.00288309926358,2087.96898449225,0.001449330087459
0.0902285033631273,1.017423759841,2088.86943471736,0.0020336557760008
0.0901012003054298,1.0232988843187,2089.01950975488,0.00129396860531808
0.0854550727888435,1.00577451078852,2092.02101050525,0.00110560999555002
0.0962755923909956,1.01158236655188,2085.11755877939,0.00154810034377598
0.0945897744574635,1.03217524340486,2086.31815907954,0.00121852075347103
0.0988703737925524,1.00577451078852,2083.6168084042,0.00262299012889654
0.0994190704472709,1.00577451078852,2083.31665832916,0.00258713603547492
0.0933518633900905,1.00577451078852,2086.7683841921,0.00260244239689067
0.08134159347224,1.04413027541975,2095.6228114057,0.00108356544717021
0.091469019127878,1.00867425853989,2087.96898449225,0.00189940236348342
0.095912843931699,1.00577451078852,2085.26763381691,0.00163985759271824
0.0821028908314135,1.03217524340486,2094.87243621811,0.00107673142755797
0.0980522522480719,1.00577451078852,2084.06703351676,0.00289698201304591
0.090195727603493,1.00288309926358,2088.71935967984,0.00224084023201667
0.0952370222906009,1.01158236655188,2085.71785892946,0.00212248400601419
0.0866735162099737,1.00288309926358,2091.12056028014,0.0018163048966236
0.0995050337993465,1.01158236655188,2083.31665832916,0.00283087594557464
0.0976093875134729,1.01158236655188,2084.3671835918,0.00151968101268294
0.0787062628731166,1.00288309926358,2097.27363681841,0.00105080138534478
0.089578033436755,1.00577451078852,2089.1695847924,0.00216650134945955
0.0988731207722776,1.00577451078852,2083.6168084042,0.00119159357640972
0.0964169557629031,1.00577451078852,2084.96748374187,0.0023676416683074
0.0946734116723418,1.00867425853989,2086.0180090045,0.0014085427367765
0.0835141076471859,1.0232988843187,2093.67183591796,0.0010758471284127
0.0924025783615178,1.00577451078852,2087.36868434217,0.0026348177023879
0.0865640126606271,1.06232295058138,2091.87093546773,0.00231456627771061
0.0833845287351681,1.00288309926358,2093.52176088044,0.00148380329447019
0.0993495493602237,1.00288309926358,2083.31665832916,0.00240912035194943
0.0838080541400132,1.02920793476607,2093.52176088044,0.00191807885794501
0.099907490944222,1.00288309926358,2083.01650825413,0.00285523314827007
0.0847048754456698,1.0232988843187,2092.77138569285,0.00199288779202131
0.0957124537638626,1.00867425853989,2085.41770885443,0.00178626394747714
0.0820475348268038,1.04112859832463,2095.02251125563,0.00149039788803614
0.087191117862191,1.00867425853989,2090.8204102051,0.00127382831933358
0.0974251694020244,1.00288309926358,2084.3671835918,0.00146102848450035
0.0909701525149361,1.00577451078852,2088.26913456728,0.00192272026930161
0.0967202493932809,1.36076598863131,2087.81890945473,0.00321343766361828
0.0923850791316659,1.00577451078852,2087.36868434217,0.0020538499993659
0.0774877825350968,1.00288309926358,2098.32416208104,0.00107913061731509
0.0853831349671937,1.01449885892793,2092.17108554277,0.00107940205888462
0.0900056958058834,1.017423759841,2089.01950975488,0.00212757932291769
0.0895068548888421,1.01449885892793,2089.31965982992,0.00248024915221202
0.089730938286831,1.01449885892793,2089.1695847924,0.00119696944540548
0.0792753289385889,1.00577451078852,2096.82341170585,0.00136196264045364
0.0948334217109056,1.00288309926358,2085.86793396698,0.00291601596329097
0.0944210494907994,1.00867425853989,2086.16808404202,0.00244146234512206
0.0949948307077015,1.02624915657849,2086.0180090045,0.00146472619181959
0.0796656932393567,1.00577451078852,2096.52326163082,0.00127578502865702
0.0961323831514364,1.03217524340486,2085.41770885443,0.00170326820153581
0.0969522267393896,1.00577451078852,2084.66733366683,0.00116454514310037
0.0979585996112693,1.00288309926358,2084.06703351676,0.00115831768877245
0.0970680865039916,1.01158236655188,2084.66733366683,0.00295398044109393
0.0898329650093445,1.02035709353375,2089.1695847924,0.00147114400692203
0.0865937135891824,1.01158236655188,2091.27063531766,0.00198363775332072
0.081765413557366,1.035151107089,2095.17258629315,0.00172504256982281
0.0881666383336789,1.01449885892793,2090.22011005503,0.00149581636251625
0.0818036917163965,1.05015961695978,2095.32266133067,0.00162759807954968
0.0872231019213781,1.0232988843187,2090.97048524262,0.00129274390526584
0.0907754939070862,1.00867425853989,2088.4192096048,0.00238557408555131
0.0947151978594881,1.01158236655188,2086.0180090045,0.00287675369132444
0.0970576186021679,1.01158236655188,2084.66733366683,0.00176011811389385
0.0841548588345463,1.02624915657849,2093.2216108054,0.00108259708574619
0.0826285367921842,1.02920793476607,2094.42221110555,0.00191331833107361
0.0837696494356047,1.01449885892793,2093.37168584292,0.00127733927732772
0.0933097679101862,1.12853005133194,2087.96898449225,0.00286471461927673
0.0947972389992578,1.00288309926358,2085.86793396698,0.00294266115275827
0.0963943491928967,1.03217524340486,2085.26763381691,0.00204931035027356
0.0983788094368652,1.00867425853989,2083.91695847924,0.00195555671178206
0.0964880136402029,1.00867425853989,2084.96748374187,0.0016472331751464
0.0817496238821471,1.05926897298544,2095.47273636818,0.00122899264166697
0.0873970463265494,1.00867425853989,2090.67033516758,0.00138761922618464
0.0875451031944799,1.35685404373703,2093.971985993,0.00241556263090708
0.0924169233333411,1.035151107089,2087.66883441721,0.00192672678019921
0.0823064438830447,1.02035709353375,2094.57228614307,0.00201477739901543
0.0937717512987206,1.74807732789242,2092.47123561781,0.0029359032513428
0.0849196660252,1.0232988843187,2092.62131065533,0.00103208035868449
0.0886198646043438,1.00288309926358,2089.76988494247,0.00201699877534128
0.0942248905837577,3.43861929685961,2099.37468734367,0.003028176493373
0.0997498208080162,1.00867425853989,2083.16658329165,0.00305827621790514
0.0821156907637288,1.02035709353375,2094.72236118059,0.00126112044497601
0.0966299429005725,1.00288309926358,2084.81740870435,0.00167579402040898
0.0950654911888567,1.00288309926358,2085.71785892946,0.00231869291381637
0.0885056588876368,1.00867425853989,2089.91995997999,0.00119944235188747
0.087321968361299,1.48351801054375,2095.17258629315,0.00240495923113806
0.098950687542606,1.01158236655188,2083.6168084042,0.00186844823187022
0.0789906697067858,1.00867425853989,2097.12356178089,0.00123788564710892
0.0777244259670503,1.00577451078852,2098.17408704352,0.00101758536170991
0.091930483264932,1.02035709353375,2087.81890945473,0.00111788238418604
0.0787945812335163,1.00867425853989,2097.27363681841,0.00146445699721191
0.0921358524217859,1.00577451078852,2087.51875937969,0.00185353252536697
0.0994129651775428,1.00577451078852,2083.31665832916,0.00195241950073237
0.0944863262794885,1.02624915657849,2086.31815907954,0.00262332513055259
0.0893794776344948,1.00867425853989,2089.31965982992,0.00214838336113903
0.0902004334581776,1.00288309926358,2088.71935967984,0.002395128514772
0.0949232051405582,1.00867425853989,2085.86793396698,0.00263830630909787
0.0899847159096067,1.00288309926358,2088.86943471736,0.00126546967962446
0.0814256836123399,1.05015961695978,2095.6228114057,0.00155154165189172
0.0900771818330608,1.00867425853989,2088.86943471736,0.00251247274472395
0.0951371681528292,1.00577451078852,2085.71785892946,0.00229542844823595
0.0994372749131871,1.00867425853989,2083.31665832916,0.00337062664414672
0.0985674336996069,1.00577451078852,2083.76688344172,0.00185284882011378
0.0893723290180868,1.02035709353375,2089.46973486743,0.00222901332194959
0.0997970390537788,1.01158236655188,2083.16658329165,0.00150032092265903
0.09348198969172,1.01158236655188,2086.7683841921,0.00244510792110278
0.0910425848395281,1.01158236655188,2088.26913456728,0.00180142087181483
0.0952189141941539,1.01158236655188,2085.71785892946,0.00172371984299616
0.0981565266460594,1.00577451078852,2083.91695847924,0.00327975158829509
0.0884208566548593,1.017423759841,2090.07003501751,0.00193211673138508
0.0916362045277629,1.017423759841,2087.96898449225,0.00111799238456654
0.090760703615233,1.00867425853989,2088.4192096048,0.00192373893640914
0.0958259501761117,1.00288309926358,2085.26763381691,0.00162475503101911
0.090041983958421,1.27725193454067,2091.42071035518,0.00262252709138004
0.0944345778432943,1.0232988843187,2086.31815907954,0.00220385563538921
0.0988932634056961,1.00867425853989,2083.6168084042,0.00149309090200938
0.0981126454618489,1.01158236655188,2084.06703351676,0.00209851338423954
0.0975975867874224,1.01158236655188,2084.3671835918,0.00306858252156325
0.0850182321996652,1.017423759841,2092.47123561781,0.00211666803395217
0.0826157030543186,1.04112859832463,2094.57228614307,0.00192308223044503
0.0996402824702289,1.00288309926358,2083.16658329165,0.00288724172250984
0.077717456814264,1.00577451078852,2098.17408704352,0.0012979186752601
0.0928547443170165,1.03217524340486,2087.36868434217,0.00223107505174361
0.0915168117176953,1.01158236655188,2087.96898449225,0.00228347502448329
0.0888356724962994,1.00288309926358,2089.61980990495,0.00108379587417674
0.0915071707484179,1.0232988843187,2088.11905952976,0.00241395508313387
0.0896248351316323,1.00867425853989,2089.1695847924,0.00244420043005697
0.0842008821499069,1.02920793476607,2093.2216108054,0.00100413203319052
0.0882996429509379,1.0232988843187,2090.22011005503,0.001693283589836
0.0989169181147977,1.00867425853989,2083.6168084042,0.00194796003567386
0.0798092642676909,1.00577451078852,2096.3731865933,0.00109421523748901
0.0944469699164781,1.01158236655188,2086.16808404202,0.00152364136844108
0.0808704235984641,1.00288309926358,2095.47273636818,0.00153645777596201
0.0945700029243001,1.00288309926358,2086.0180090045,0.00159145180746548
0.0989795448990265,1.01158236655188,2083.6168084042,0.00156490068827074
0.0851194380974777,1.0232988843187,2092.47123561781,0.00202568004389668
