0.0790391645295734,16.464712003024,2082.26613306653,0.086068295870338
0.0957069417325502,9.47314366240347,2067.10855427714,0.120197262069026
0.0622633339108053,3.25557838997471,2068.00900450225,0.034599171067451
0.0889602010072918,12.2750213329814,2072.96148074037,0.108713546320081
0.0724142679732051,11.9266679922861,2082.41620810405,0.0673081012118043
0.0923848940992531,2.73123512958793,2053.30165082541,0.0557504240869873
0.0761390453898218,2.46233896144414,2056.60330165083,0.0394436204150789
0.0613512921014985,18.4211326150377,2099.07453726863,0.0498519789959884
0.0747225776249154,18.053613516069,2086.46823411706,0.0767574414864496
0.0821491517967262,13.2672433518329,2077.46373186593,0.0917081463814054
0.0728901856554642,1.86774606222357,2052.70135067534,0.0290561960896489
0.0995664260623732,12.7798757548119,2068.75937968984,0.144476676480074
0.0670329819553909,10.7524610237587,2084.96748374187,0.0561835930712615
0.0581952601325144,1.59882507273807,2054.65232616308,0.0191356891262393
0.0769689773396821,3.77045792255574,2062.90645322661,0.0533360471889633
0.0838100823691774,8.51593931825384,2071.01050525263,0.0867105984527182
0.0734114077590147,2.66904925964653,2058.85442721361,0.039897452181857
0.0983625133124982,5.64206206761865,2060.35517758879,0.103312351112512
0.0995751850176831,10.3873347090322,2066.65832916458,0.135518222193166
0.08537493895527,6.25819530279368,2066.35817908954,0.0814873553693769
0.0978132924938124,6.47817779606607,2062.15607803902,0.10895780238914
0.0895220969631315,3.19062650772569,2056.15307653827,0.0609132914477457
0.0676822280281783,7.81129753947542,2079.41470735368,0.0540332453507812
0.0914128605555096,6.0805937181354,2063.65682841421,0.0922387734923077
0.0899622863647265,7.18561784115829,2066.20810405203,0.0954615069577603
0.0844356595983211,2.81911328467833,2056.00300150075,0.0507921780773253
0.0870867531020134,11.0665182039154,2072.66133066533,0.100888771106426
0.093028507625504,23.9383809351586,2078.51425712856,0.135439357334743
0.0911639877970056,2.70774742833384,2053.45172586293,0.0544982868564762
0.0607872552408176,3.97099851752979,2072.66133066533,0.0362741118147539
0.0773661341064702,4.59902389909696,2065.75787893947,0.0591307206499169
0.0313389572596865,1.669381663546,2077.91395697849,0.0092011931452562
0.096771784052707,2.58584894057531,2051.50075037519,0.0560090691871769
0.0769932378439661,2.63090415150101,2057.35367683842,0.0422653129767388
0.0935458725744757,3.92553157195246,2057.65382691346,0.0756326799848264
0.0638834825310852,1.71320152422168,2054.05202601301,0.0228378369449489
0.0834202971227683,6.57210398204128,2067.85892946473,0.0791007199441631
0.0811514251110868,4.98510624458552,2065.15757878939,0.0671986917773483
0.0937257095257532,20.0828667363378,2076.26313156578,0.134531262799883
0.0934482881086993,6.98169689372975,2064.55727863932,0.102089133338813
0.0983816590962939,3.08228092099346,2053.30165082541,0.067659005773557
0.0860632643901528,2.88479547897935,2055.85292646323,0.0531053374195082
0.0922222458250503,13.8527304550101,2072.81140570285,0.121548256898936
0.0901884347548272,6.40400427119728,2064.70735367684,0.0919279788071047
0.0909357161847393,4.26734287669584,2059.45472736368,0.0762862278440606
0.0885925361300485,3.02078648791353,2055.70285142571,0.0574554561446349
0.0998939831639979,64.0769269600819,2085.11755877939,0.180029381046575
0.0773648730430086,3.31230280598519,2060.80540270135,0.0497833751403581
0.0938489638219211,2.35148837301477,2050.90045022511,0.0490927697568602
0.0900985380060375,14.6737675621227,2074.46223111556,0.116302553310719
0.0760534641128184,1.91126246166401,2052.25112556278,0.0312119812760058
0.0838207939512416,17.4908414355252,2080.01500750375,0.0999049855590749
0.0825027077711866,31.1977684837926,2087.96898449225,0.102201108894641
0.0905611818461396,4.87160332233193,2061.25562781391,0.0813561549460705
0.0929915167877872,75.0704237295268,2090.97048524262,0.147488460945494
0.0855040222399989,15.5434666953568,2077.61380690345,0.102929259485556
0.0900708375978939,5.11596107896008,2062.0060030015,0.0827922555275863
0.0830303541684958,3.95958264771409,2061.25562781391,0.062233310073465
0.0950423903714336,2.34472828861258,2050.60030015007,0.0494767031795443
0.0645303378301407,3.01210229799636,2065.15757878939,0.0352869984943211
0.0911808519241988,73.7848148359129,2092.02101050525,0.139219538087569
0.090790113913608,2.71555413295041,2053.60180090045,0.0544083791799244
0.0699350843191467,2.96051892720402,2062.15607803902,0.039624902144374
0.0890171951045621,2.33126636583218,2051.95097548774,0.0457979495356561
0.098716558679544,12.8907317012169,2069.2096048024,0.141558703241996
0.0848457802136029,15.5882800527396,2077.91395697849,0.101831445852764
0.0953713736182807,5.82359678794962,2061.70585292646,0.0986000917102976
0.0865057764803311,2.31121826109334,2052.4012006003,0.0439742874044295
0.0947583305926324,74.2108860452115,2089.61980990495,0.156664160411014
0.0952703909517039,2.96905439714284,2053.60180090045,0.0627186158739817
0.0966339111896963,11.3570049730287,2068.75937968984,0.129298976877353
0.0951595619244956,10.8145512259435,2068.75937968984,0.123526623932859
0.0331096748449153,1.45392041663176,2069.05952976488,0.00897655299587343
0.0773656880842084,4.52026390637434,2065.45772886443,0.0588392474652016
0.0363288734925792,1.92229906736858,2076.71335667834,0.0120516133434294
0.0729803533371796,4.43008034640065,2067.25862931466,0.0524387626858446
0.0819084338569927,59.6271237907573,2096.3731865933,0.104236674162929
0.0737903408007204,3.10007958542497,2061.25562781391,0.0443217453538211
0.0465802180403124,2.04799000112185,2068.30915457729,0.0174772954492295
0.0950486373184895,64.0769269600819,2087.96898449225,0.155726787070772
0.0802718151253701,2.56361151152847,2055.85292646323,0.0437866906631898
0.0947366276903029,5.29579277470977,2060.80540270135,0.0929125762722693
0.0851725053299931,11.2918003500854,2073.86193096548,0.0962837203016376
0.0302241809175429,2.3787241732935,2095.47273636818,0.0103306676804761
0.0884078718318548,19.6256118755653,2078.66433216608,0.116584974843022
0.0868898512449305,4.19426304469508,2060.65532766383,0.069536291559664
0.0990797337047543,4.0518365057735,2056.45322661331,0.0850933419421492
0.0804240414920354,10.9713498785374,2076.11305652826,0.0837124426723815
0.0992337019704064,2.9350594625955,2052.55127563782,0.0652932938276053
0.0797531458672814,16.7998856852757,2081.9659829915,0.0887083770011727
0.097339880420632,10.6293480187976,2067.70885442721,0.129731364463299
0.0923812798094542,15.8142923261533,2074.16208104052,0.125768023820973
0.0816536899319551,4.54636621906863,2063.65682841421,0.0651526515270033
0.0973802814485278,7.6115020308696,2064.10705352676,0.115494099025818
0.0767489712106493,6.45955425993623,2070.86043021511,0.0665134727928654
0.0806202439820356,8.03944940844679,2071.91095547774,0.0782014536576561
0.0478978677473232,4.65229147967714,2087.96898449225,0.0252762113118372
0.0695210549556819,4.99947880072813,2071.16058029014,0.0500812465075272
0.089898878492302,2.51246502599404,2052.85142571286,0.0498169897453871
0.0627249808104087,7.56780167843215,2082.71635817909,0.0462414010880754
0.0866148220789651,4.760684680679,2062.30615307654,0.0743819181060805
0.0967898040061802,2.85998721049474,2052.85142571286,0.0618120859812058
0.0898855421641199,5.48194575365476,2062.90645322661,0.0853433531390307
0.0685672602010358,2.13222095925085,2056.75337668834,0.0304293480608217
0.0881343002029758,2.3787241732935,2052.4012006003,0.0462561716274333
0.0872041541161177,5.2653877364201,2063.35667833917,0.0791331350136103
0.0861596035199962,8.84069935203988,2070.41020510255,0.0926669009049605
0.0966512495794106,4.00544398533237,2056.90345172586,0.0812277074147205
0.0941587980307269,43.6928227058688,2084.3671835918,0.148880415180102
0.0857932410828148,5.14550325140415,2063.65682841421,0.0757397319572003
0.0556839623717685,1.46653209822205,2053.45172586293,0.0166887527205256
0.0624197369218259,1.71320152422168,2054.65232616308,0.0222343994069093
0.0864312833408248,21.5195511317025,2080.91545772886,0.111119760751372
0.0990924385684127,7.81129753947542,2063.80690345173,0.121188485579369
0.0491718874331068,1.98987000774274,2065.45772886443,0.0184682642947459
0.095624861440522,6.2943333190863,2062.45622811406,0.103177563988841
0.0541592264605035,1.29204553462562,2050.45022511256,0.0140222926570319
0.068810350312531,5.89104782059798,2074.16208104052,0.0519630684323501
0.0465324597662087,5.37257572706184,2093.07153576788,0.0249132885760285
0.0946245453374013,4.14623977579979,2057.95397698849,0.0800564324578977
0.0980732443141148,4.58580257506987,2058.10405202601,0.0908671178715476
0.0844625040220504,3.18145405986858,2057.65382691346,0.0556795729165366
0.0771658665139828,9.31091255809072,2075.81290645323,0.0738579197506211
0.0617388126489303,1.54009278652809,2052.4012006003,0.0197064549991405
0.0908658969629278,17.3404260963733,2075.96298149075,0.122432309959329
0.0868859817564256,3.36032741709575,2057.65382691346,0.0604937085614443
0.0749130747770788,2.6460963359074,2058.25412706353,0.0407029282845851
0.0875804641720192,3.63195145450856,2058.40420210105,0.0646988876902487
0.0881486336993198,4.02857346483847,2059.6048024012,0.0698217045429421
0.0537000550593618,6.57210398204128,2088.86943471736,0.0332633892487721
0.0655184016785492,2.65372529430481,2062.30615307654,0.033459903000903
0.06268078644023,1.61734325078285,2053.15157578789,0.0210867234893491
0.0819187463643491,2.48369792620856,2054.8024012006,0.0438032947820284
0.057903235524555,11.0029813692926,2093.971985993,0.0419436385534703
0.0430078358332923,3.75961856902805,2088.86943471736,0.0200602796263439
0.0950478654865443,9.02067029565308,2066.8084042021,0.116622161379747
0.055896470628037,1.45811221351425,2053.15157578789,0.0166349484135187
0.0939611032540612,3.83615347588896,2057.2036018009,0.0750985615797974
0.0899180445877864,65.1933879467838,2091.42071035518,0.134308375078984
0.0413462792939943,1.41265954868704,2060.20510255128,0.0114305313403436
0.0966528153071985,5.56142771178757,2060.80540270135,0.0986018326741061
0.0456167329977844,1.46653209822205,2058.70435217609,0.0132449515913389
0.093288520498716,3.31230280598519,2055.55277638819,0.0666808199650602
0.0992604223618101,33.1421054672574,2078.8144072036,0.167226017778235
0.0778966035592974,5.17521601544173,2067.10855427714,0.063287782017803
0.0759120370196624,23.1254942116391,2089.01950975488,0.0811206324699538
0.0974808107151115,7.52435222533039,2063.95697848924,0.115104908687539
0.0851016014082961,4.80198009042612,2063.05652826413,0.0720208533166592
0.0654593726948984,4.53329627591397,2071.91095547774,0.0434731193405609
0.0904420829912996,3.79223047250718,2058.10405202601,0.0700864578585624
0.0868146498265181,3.86942926293753,2059.6048024012,0.0662262449314628
0.0775040824018856,9.2308418493486,2075.36268134067,0.0748533636773148
0.0390848199908476,1.80432214140788,2071.16058029014,0.0127785209547291
0.0940027129175863,2.36506706799381,2050.90045022511,0.0494657295780075
0.0700856738576441,15.5434666953568,2087.96898449225,0.065393965287135
0.0975516258623909,3.94819959636536,2056.60330165083,0.0812869510609207
0.0760932841920871,2.7391095515787,2058.25412706353,0.0428431207214852
0.0878712816845785,7.4382002633935,2067.40870435218,0.0922430875570857
0.0847121470950362,4.31676880609627,2061.70585292646,0.0677773352384236
0.0394933994831599,2.10174801133249,2075.96298149075,0.014134222616682
0.0666322912550171,2.51970871206025,2060.80540270135,0.0331455817350547
0.0891159163046665,15.0589415844573,2075.21260630315,0.114062795141749
0.0686810324966842,8.10918567113405,2079.26463231616,0.0562176269736937
0.0364770896206293,2.2071708865269,2081.66583291646,0.0129620943500743
0.0897474322507623,8.96887940476934,2068.90945472736,0.102310239757025
0.0856922844395991,16.8483214233231,2078.36418209105,0.105687782742633
0.0807144424155945,4.61228334151361,2064.25712856428,0.0642223960726162
0.0969895037798217,3.08228092099346,2053.75187593797,0.0663208309566976
0.0842061697926068,7.4811522310616,2069.2096048024,0.0840330105738338
0.0954122015243842,3.07341994620988,2054.05202601301,0.0646269909314828
0.0911523840466651,2.65372529430481,2053.15157578789,0.0534966041883454
0.0970528540758863,24.0766133741283,2076.56328164082,0.151626728629686
0.0985471156724295,17.8469041306121,2072.66133066533,0.151557873183229
0.0649852283521455,4.50726900243269,2072.21110555278,0.0427391246475606
0.0825510503317418,3.86942926293753,2061.10555277639,0.0609084462059843
0.0830207779337611,2.45526020256225,2054.35217608804,0.044197734081882
0.099420205308943,24.8512842698056,2075.81290645323,0.161964097585513
0.0731549276270216,5.99369202303595,2071.76088044022,0.0589415697915953
0.0804643971014839,10.3574730860055,2075.21260630315,0.0834838287548071
0.0798793372863899,5.37257572706184,2066.8084042021,0.0671078963190348
0.0892387034725936,5.72386552959968,2063.65682841421,0.0858540402677148
0.0967625165095966,10.690727303607,2068.00900450225,0.12804959405903
0.0929962293376127,40.0775094490775,2084.06703351676,0.143518814420712
0.0732127856240481,2.60078095318014,2058.55427713857,0.0389896696973756
0.0916575594426766,9.91971340151178,2069.2096048024,0.110847629204969
0.0862885662298166,7.06256146630704,2067.55877938969,0.0867615965956942
0.0676007221439916,1.88394737445416,2054.65232616308,0.0267826874747291
0.0726075612618585,9.20430492459876,2078.51425712856,0.0646467227026504
0.0937070100245738,6.64822449937834,2063.80690345173,0.101162684563148
0.0646119840366525,4.11058351166975,2070.86043021511,0.0407612759839649
0.0478626808661763,1.40859841962076,2056.00300150075,0.0135151629009503
0.0971092585141675,7.4382002633935,2063.95697848924,0.113642187924048
0.0869328394676319,2.83539228475476,2055.25262631316,0.0532628658556402
0.0961543101437602,66.138617681658,2087.66883441721,0.160616488850236
0.0972568009045512,18.4211326150377,2073.56178089045,0.147402514309254
0.0965185105871145,7.6115020308696,2064.4072036018,0.113308872271425
0.0969075177070885,2.77882351455518,2052.4012006003,0.0602529669331493
0.0651248359109361,3.19982540066046,2066.05802901451,0.0368923458458903
0.0821136486943529,2.89311263070037,2057.05352676338,0.0497396741748024
0.0944850266953083,6.11570617216135,2062.60630315158,0.0989904650637853
0.0955243516685382,11.5882005855279,2069.35967983992,0.127200177553655
0.0851921624223043,3.26496454563336,2057.80390195098,0.0574270931298768
0.0937476512726397,4.77441020717598,2059.90495247624,0.0859591092550049
0.0832537579730054,18.3153703115779,2080.91545772886,0.0989768634733261
0.0496045378388911,5.60966897361054,2090.22011005503,0.0279942896789542
0.0995525195477745,11.4225861207707,2067.55877938969,0.140405342319679
0.0571316843998534,1.63607591315362,2055.70285142571,0.0191513900747256
0.0831711028903498,2.44116367657533,2054.20210105053,0.0439763178112185
0.0579622176073393,8.03944940844679,2088.26913456728,0.0399163448925034
0.0961499322391591,2.35826794741131,2050.45022511256,0.0505088966651839
0.0907680539495632,2.11388457789867,2050.15007503752,0.0421314706741887
0.0972365677325744,4.67915618701786,2058.55427713857,0.0908503063220642
0.0899482307257884,3.18145405986858,2056.00300150075,0.0612348009985415
0.065337258900098,6.78356302734552,2078.8144072036,0.0488857705582372
0.0885895694085816,3.19062650772569,2056.45322661331,0.0599944113098317
0.0913760191268201,28.3702534600969,2081.2156078039,0.132497908180562
0.0683480512056899,1.79396288338358,2053.45172586293,0.025925551609487
0.0990536217262048,44.1988889941343,2081.81590795398,0.171255516635466
0.0536855842236145,3.32185250376586,2074.46223111556,0.0274673445863959
0.0824748719449599,8.63941072106801,2071.91095547774,0.0837792181424674
0.063176295777045,2.57841511385935,2062.90645322661,0.0312086543100485
0.0489192853776425,1.92229906736858,2064.70735367684,0.0179391087469066
0.0920384687038859,11.1625120439526,2070.41020510255,0.115358855266025
0.0741401147359879,2.11388457789867,2054.65232616308,0.0334572933906279
0.0929456652548475,4.760684680679,2060.20510255128,0.0841742184310671
0.0948055681398941,5.79016143825715,2061.85592796398,0.0970357301807582
0.0550473030734499,4.20635552139048,2078.36418209105,0.031165095136006
0.0925767129830802,3.63195145450856,2056.90345172586,0.0706988946194201
0.0806127383568461,5.65832869261085,2067.10855427714,0.0699704668468519
0.0935408447710792,4.06351835261943,2058.10405202601,0.077395585399981
0.0758715453067805,2.03037797761035,2053.30165082541,0.0331214764585034
0.0525580024143927,2.94352153037066,2072.66133066533,0.0252453788129848
0.0692613818264336,1.96143148928283,2054.95247623812,0.0286642933685657
0.0856313570926155,5.38806539618403,2064.4072036018,0.0767256642164782
0.0857484737044584,16.8483214233231,2078.36418209105,0.105591758951856
0.0866305821496822,6.20437693319619,2065.75787893947,0.0834551260790363
0.090195978517929,4.0518365057735,2059.00450225113,0.0728365536593838
0.0665374731336818,2.00713065465068,2056.45322661331,0.0277919471551255
0.0996660358898898,4.01699207793678,2056.15307653827,0.0854153133075896
0.05863247456093,7.04225793763313,2085.11755877939,0.0399038676693879
0.084876088391607,18.1056638759021,2079.71485742871,0.104233159961698
0.0529974185771883,2.61579919085284,2069.65982991496,0.0240828752302123
0.083053910283874,37.1871245324062,2089.76988494247,0.104973298653442
0.0818269295365106,6.15102138343189,2067.70885442721,0.0742408888071175
0.0598227665194491,3.35066711121492,2070.11005502751,0.0328625969137884
0.0460814470616549,2.82724106811333,2077.61380690345,0.0202508355274187
0.0910003346198472,3.38947576589033,2056.45322661331,0.0654768318565263
0.0939749483682661,21.0295852575175,2076.56328164082,0.1372636424481
0.0737685292163288,16.3231210310229,2085.86793396698,0.0732888961152813
0.0965410670829712,3.1450272019994,2054.05202601301,0.0671518838578208
0.0805793528101332,34.0120577830084,2090.37018509255,0.0974610429131109
0.079798341761931,2.39935784176774,2054.95247623812,0.0410691290462065
0.0988645476802512,3.16318819550752,2053.60180090045,0.0695357663258068
0.095063363748091,8.49145760309168,2066.05802901451,0.114801744252161
0.0962113801561623,2.98619923379083,2053.45172586293,0.0638023529634641
0.0701450191045058,2.99480874260266,2062.30615307654,0.0400917792418789
0.0943567451187935,3.01210229799636,2054.05202601301,0.062692953731371
0.0904554549426715,59.6271237907573,2090.07003501751,0.135821255337379
0.0536753320552465,9.2308418493486,2095.6228114057,0.0352607268867732
0.0748328385622596,3.65292419736599,2063.35667833917,0.0499369447668381
0.0927598870254898,7.45964533309522,2065.45772886443,0.103733048707119
0.0754271616533746,2.66137624774655,2058.10405202601,0.0413678744684384
0.0792899190048969,1.80952418124502,2050.30015007504,0.0307696665148632
0.0973549395357768,5.48194575365476,2060.35517758879,0.0996625277523151
0.052417025094792,2.23273514877728,2066.20810405203,0.0217283565848225
0.0943595884581288,2.85176528809274,2053.30165082541,0.0597390972472721
0.0806716232500573,13.3054941313703,2078.36418209105,0.0880287613600766
0.069776177412528,2.36506706799381,2058.25412706353,0.0338315012572916
0.0758051961023561,2.45526020256225,2056.60330165083,0.0391356522772162
0.0712066808037109,2.10780755947618,2055.55277638819,0.0316481442310893
0.0764117104560627,2.15071639511557,2054.20210105053,0.0352427344518717
0.0986060250959074,8.10918567113405,2064.25712856428,0.122461501194298
0.0954039105404959,6.40400427119728,2062.75637818909,0.103366460834818
0.0923568005339834,29.7932945067072,2081.2156078039,0.136911545578018
0.0872505572125236,5.5136013085513,2063.95697848924,0.0807893906582727
0.0908886007280917,8.51593931825384,2067.85892946473,0.103280972440459
0.075096140787372,6.64822449937834,2072.21110555278,0.0640713677317563
0.0793911579140339,2.77882351455518,2057.35367683842,0.0460139369272036
0.0952484849664323,51.3366596640957,2085.41770885443,0.155861883567083
0.0749724305859522,6.47817779606607,2071.91095547774,0.0633557337609246
0.0253785179974731,1.19198027101602,2068.00900450225,0.00562580617831076
0.0787351078255047,30.7519010092932,2090.52026013007,0.0911654681654794
0.0716254490007091,7.06256146630704,2075.21260630315,0.0590676941023651
0.0926452017044855,3.50861959151272,2056.45322661331,0.0690189848353357
0.0956455453023439,5.25025074237118,2060.50525262631,0.0936161582274549
0.0846522842806198,4.49431145638251,2062.30615307654,0.0692083033400488
0.0889339289910393,9.39167782086193,2069.80990495248,0.101593949908769
0.0835095527251118,1.99560700049668,2050.90045022511,0.0362132416560494
0.0968138063927511,8.94309557251015,2066.05802901451,0.121009249067162
0.0303942110823544,2.62334079957365,2099.22461230615,0.0107598029532369
0.0753141899406905,4.13432012050498,2065.15757878939,0.053609061933284
0.0897478194969229,2.21991621862324,2051.05052526263,0.0438827483014532
0.0900239772290945,37.5096952649555,2085.11755877939,0.130776771254768
0.0572362783590702,5.59354223610883,2082.11605802901,0.0361661835184099
0.0542329542903844,1.35295334494457,2051.80090045023,0.0148038738651487
0.0932336207187939,2.9350594625955,2054.05202601301,0.0602117640950467
0.0924976884936953,35.9243440670047,2083.16658329165,0.140155534217298
0.0509544274376832,5.97646129188652,2089.91995997999,0.0298075341198542
0.0355064081554435,2.97761447568876,2093.52176088044,0.0139969458108286
0.0987091258898389,4.40464567244553,2057.50375187594,0.0895187744837896
0.0542909558763899,1.51371812544339,2054.95247623812,0.0167478037284116
0.091805559523688,12.9278969602916,2072.21110555278,0.118543004261968
0.0604263309676638,3.41887695499837,2070.11005502751,0.033714463409383
0.0977869304295795,2.4062754285944,2050.45022511256,0.05251429422457
0.0498297566490425,1.65502554408647,2059.90495247624,0.0163830810446136
0.0958381942512884,2.42017049201696,2050.90045022511,0.0517809164256797
0.0995826448218862,8.49145760309168,2064.4072036018,0.127405486658146
0.0942818943932894,3.1450272019994,2054.65232616308,0.0648223908094619
0.0948194237669962,2.48369792620856,2051.50075037519,0.0524633922168109
0.0716948550602072,6.2943333190863,2073.41170585293,0.0573845726907143
0.0807203385591969,3.72728711692345,2061.25562781391,0.0573679096482394
0.0984091307147257,3.13598584352336,2053.60180090045,0.0686487129967114
0.0969540725508743,2.57100265798945,2051.35067533767,0.0558180712330638
0.0797617083446187,21.0295852575175,2084.81740870435,0.0913665987294283
0.0724218716111866,2.33126636583218,2056.90345172586,0.0352816263492443
0.0325041791857493,1.05318733137807,2052.70135067534,0.00645356420590154
0.0353502824736107,1.82522046182733,2075.96298149075,0.0112844082403222
0.0716730728936601,4.07523387938939,2066.65832916458,0.0489070847110058
0.0786460073882928,2.69996316651677,2057.2036018009,0.0443498620893692
0.0637933089612505,3.26496454563336,2067.10855427714,0.0361131040796607
0.0983235957449483,4.06351835261943,2056.60330165083,0.08430278335234
0.0923898488696466,7.04225793763313,2065.00750375188,0.100284332600553
0.0976065197054249,5.92506573979369,2061.25562781391,0.103702467766822
0.0722083730124811,2.62334079957365,2059.15457728864,0.0383591656521168
0.0874354837925432,7.78884153617836,2068.15907953977,0.0927917941024245
0.0973530835350486,13.1910713679069,2069.95997999,0.137964854311938
0.0899391559926566,4.39198314906283,2060.20510255128,0.0759018838631728
0.0851495607665219,3.91424641100743,2060.35517758879,0.0645394691887526
0.0993169691832959,4.26734287669584,2056.90345172586,0.0887008383128844
0.0602296395801773,1.91677282105974,2058.10405202601,0.0235155768590618
0.0861562034014624,46.2824514344805,2090.07003501751,0.118013666063904
0.0807343583474046,47.7716005747586,2094.57228614307,0.0994520378843452
0.0997597328626238,5.48194575365476,2059.6048024012,0.104434516113936
0.0973290680731928,54.2230004661768,2084.81740870435,0.165876476469996
0.0996819461260154,7.41681684421187,2063.05652826413,0.12000159903613
0.0650596036893304,1.54453302690677,2051.35067533767,0.0209017204594383
0.0962385223291656,6.31248050684326,2062.30615307654,0.104498263080883
0.0533585245987415,3.83615347588896,2077.91395697849,0.0286695327384837
0.0992263466095729,7.39549489831676,2063.05652826413,0.119520528673302
0.0805698853593174,15.9056121278034,2080.76538269135,0.0900043289824746
0.0959783810934904,4.31676880609627,2058.10405202601,0.0841196727088251
0.0897317878149532,11.1304219326752,2071.46073036518,0.108307264312751
0.085248598812636,2.51246502599404,2054.05202601301,0.0466655047198222
0.0919691708514687,44.7108167276501,2085.86793396698,0.140416117976079
0.0892937103703207,4.25507507288674,2059.90495247624,0.0737731171356397
0.0995608925805931,5.94214829246472,2060.65532766383,0.108118114429253
0.0961788672478459,8.34603823722249,2065.45772886443,0.117064762478802
0.0851291325930918,5.85722521042959,2065.60780390195,0.078899309657142
0.0932935865419229,10.3873347090322,2069.05952976488,0.116841608751312
0.0889851039576548,38.0535430450317,2086.0180090045,0.125978817382503
0.0465696565272664,1.31455782572457,2054.35217608804,0.0121655203753442
0.0539381815535814,3.97099851752979,2078.06403201601,0.0296216449033057
0.0948098445041834,3.48847535295163,2055.85292646323,0.0709004371304906
0.0931612245247659,22.4692148500539,2077.76388194097,0.134739544740027
0.0969355351385758,16.0435815196353,2072.3611805903,0.14108781485713
0.0905818301675946,2.11388457789867,2050.15007503752,0.0419853211909381
0.0993190293884081,9.44591016576076,2065.75787893947,0.130547085143688
0.0715240625859913,3.20905081491668,2062.75637818909,0.0431633433994607
0.0695456127132109,13.6547521301788,2086.46823411706,0.0633588934715939
0.0965241121380293,46.1493981386924,2083.6168084042,0.159941720480681
0.0993179869645957,9.63820144251651,2065.90795397699,0.131895843724034
0.0522783826834908,1.76324060258228,2060.20510255128,0.0183332958577955
0.0984979927739837,7.37423424898408,2063.35667833917,0.116969579816299
0.0680141441975142,3.42873391662958,2065.60780390195,0.041194615243512
0.0758475553826075,1.83576021707557,2051.50075037519,0.0298315729854786
0.0469489744482548,1.1988633739507,2050.75037518759,0.011024520809496
0.0926209708408057,3.61109912366059,2056.90345172586,0.0702012903946553
0.0612553299128107,1.669381663546,2054.50225112556,0.0212288016183095
0.0950472780072994,35.4109260457599,2081.66583291646,0.149610582373636
0.0650135544744092,2.21353437928443,2059.00450225113,0.0292145606693747
0.0868488887295826,25.1391209535034,2082.56628314157,0.113873310496451
0.0713113870819257,1.7230944249062,2051.65082541271,0.0260227927945299
0.099490108758134,4.20635552139048,2056.75337668834,0.0879842257405259
0.0998324334151578,19.2340622708831,2072.96148074037,0.157843851865918
0.0567914513510223,3.45847564108692,2072.96148074037,0.0305078805290966
0.0927714816460158,19.4568382303861,2076.26313156578,0.131755094920086
0.0646439920254691,1.75817161928149,2054.35217608804,0.0237423580854569
0.0542626768048905,2.13222095925085,2063.80690345173,0.0221362326189355
0.0749291047651107,3.06458444505318,2060.65532766383,0.04501909436003
0.0879333865780343,26.705865146348,2082.56628314157,0.118757207766124
0.0887376398841295,2.45526020256225,2052.70135067534,0.0479888177425485
0.0720740516906974,1.8199732981517,2052.55127563782,0.0279578023844062
0.0711067409406472,13.8926692519835,2085.56778389195,0.0662992393805173
0.0666795720170481,25.7248344244728,2098.7743871936,0.0608979854419994
0.0846807212658256,4.65229147967714,2062.75637818909,0.0705007728231052
0.0880140203479792,17.4405585739443,2077.61380690345,0.112408495188744
0.0829087082462952,2.65372529430481,2055.55277638819,0.0471662918585398
0.0825658860709921,28.3702534600969,2086.7683841921,0.101523230706021
0.0842158427484974,4.31676880609627,2062.0060030015,0.066884670657535
0.0916632949198206,21.2120013170279,2077.91395697849,0.127930028097258
0.0891385437667949,17.7444386780296,2077.1635817909,0.116788354610292
0.0927976495933671,7.56780167843215,2065.60780390195,0.104421393862497
0.0924672266343914,6.20437693319619,2063.50675337669,0.0952922322585285
0.0792380313511492,2.42017049201696,2055.25262631316,0.0409755995772499
0.0830126191931928,6.25819530279368,2067.40870435218,0.0768950948343677
0.0720679289554308,3.53905426496764,2064.10705352676,0.0461495740699659
0.055916859443849,1.77853540743712,2058.40420210105,0.0200963118943621
0.0981746483479969,9.66598933399762,2066.35817908954,0.128570007074446
0.0815357842858131,27.485888313414,2087.06853426713,0.0982771581412027
0.0829577534942177,2.44116367657533,2054.20210105053,0.0439332425754885
0.0536235652106122,11.0347040567755,2099.22461230615,0.0359319706609315
0.0721066541046623,1.92784124639408,2053.60180090045,0.0296147823033406
0.0482871725423003,2.67674439360146,2074.012006003,0.0212296048476085
0.0789491329798288,37.0802185815206,2092.77138569285,0.0928523601541476
0.0919489677334004,4.50726900243269,2059.75487743872,0.0803429050542298
0.0765889951117506,5.14550325140415,2067.70885442721,0.0609804810714079
0.0237458679702074,1.78880557933512,2097.27363681841,0.00674028108593003
0.0936377662781963,4.12243473196511,2058.25412706353,0.0782673163000188
0.0440620174410651,2.49085867387056,2076.26313156578,0.0178904666484134
0.0864551535895751,3.72728711692345,2059.15457728864,0.0643129141680289
0.0748892610186929,1.92229906736858,2052.70135067534,0.0308642547220678
0.0864603351096167,3.07341994620988,2056.60330165083,0.0561292761265873
0.068245023650458,1.83576021707557,2053.90195097549,0.0264351474966999
0.0356988371624236,1.80432214140788,2075.06253126563,0.0113606741694621
0.0812667248279856,16.3701822092467,2080.76538269135,0.0917626534234644
0.0996417426844286,16.0898367576997,2071.16058029014,0.152337374452355
0.0512886441011112,3.39924796097488,2077.1635817909,0.0256755695978222
0.0936870000275071,13.7731969804542,2072.06103051526,0.126255406471638
0.0943059069807487,7.83381828565906,2065.45772886443,0.109374618193138
0.0898618766958207,6.66739199053658,2065.30765382691,0.0927643814994795
0.0932822391557824,13.8527304550101,2072.3611805903,0.124590026168536
0.0992961089615297,3.95958264771409,2056.15307653827,0.0837869441475675
0.0625322401611819,3.06458444505318,2066.65832916458,0.0338262353626943
0.09082530758127,4.59902389909696,2060.35517758879,0.079513842042539
0.0854490716300663,6.20437693319619,2066.20810405203,0.0813505890910853
0.0913359067987664,11.0665182039154,2070.71035517759,0.112450794543091
0.0658109281033675,2.37188579111585,2060.05502751376,0.0312632156018841
0.097307827108884,4.98510624458552,2059.30465232616,0.094335865718882
0.0724797718575333,2.08367368705817,2054.95247623812,0.0320394084268779
0.092338901924334,64.0769269600819,2089.61980990495,0.144343125486464
0.0894791025520354,2.67674439360146,2053.75187593797,0.0527013028084173
0.0125871334905534,1.03813555048354,2086.31815907954,0.00233360355102404
0.069040224318985,4.81582467568853,2070.71035517759,0.049082852717612
0.0894538805669317,3.35066711121492,2056.75337668834,0.0632376443129095
0.0702557775291902,30.2252632807581,2097.57378689345,0.0694368889338509
0.0989703768902889,28.6988481348414,2077.46373186593,0.163476859624074
0.0959955064192567,3.55949057200184,2055.70285142571,0.0735894235713464
0.0964439018289357,31.018650949241,2079.5647823912,0.153160566622189
0.0775077480972408,26.705865146348,2089.61980990495,0.0868403234150088
0.0656073960191185,3.62151028088471,2068.00900450225,0.0396591675986817
0.0232704433076519,1.30325307163827,2078.06403201601,0.00547383869482617
0.0807129475911859,10.845730650619,2075.66283141571,0.0849421437127188
0.0932116146489844,3.60071789654471,2056.60330165083,0.0709536836471952
0.0970949736042273,2.90145376159538,2053.00150075038,0.062893831866898
0.0774202080946365,15.8142923261533,2082.71635817909,0.0821113164854144
0.0992305936397998,5.29579277470977,2059.45472736368,0.100937770541322
0.078255705862929,2.04210241714683,2052.70135067534,0.0344848890642855
0.0489376507605257,2.7391095515787,2074.012006003,0.0218905972945327
0.096924916430029,5.67464221589759,2060.95547773887,0.100172087972022
0.0892898118234099,5.64206206761865,2063.50675337669,0.0852937763956907
0.0679484215507695,3.84721348715026,2067.70885442721,0.0433204850369091
0.0940389829605152,6.0805937181354,2062.60630315158,0.0982413079605046
0.0958571794122314,4.08698318318596,2057.50375187594,0.0808350826106173
0.0776038049552989,58.6059871454894,2099.82491245623,0.090924173550959
0.0988797421188636,3.63195145450856,2055.25262631316,0.0779670429103157
0.090881835037138,2.2071708865269,2050.75037518759,0.0442049785604789
0.0865592901394208,3.65292419736599,2058.85442721361,0.0636395055310354
0.094379115974526,10.9398093223365,2069.2096048024,0.121503613956951
0.093793008493349,40.6585876047624,2083.76688344172,0.14697118904443
0.0705248108580259,2.92662172166501,2061.70585292646,0.0398983050729536
0.095000506682728,4.06351835261943,2057.65382691346,0.0794137453415482
0.0943083286611767,26.9375187251589,2079.11455727864,0.14261206250585
0.0858045916663335,2.7391095515787,2055.10255127564,0.0508279849680441
0.0687904604469202,4.87160332233193,2071.16058029014,0.0486342656063696
0.0981299609727877,11.1304219326752,2067.85892946473,0.134415271507928
0.0766252233296265,5.74036800209287,2069.2096048024,0.063746789081793
0.0667115013236821,3.08228092099346,2064.4072036018,0.0376852649656922
0.0481814007388867,7.54604567969013,2098.62431215608,0.0281068480270516
0.0326691033201241,1.96143148928283,2082.86643321661,0.0105725068037037
0.0682629254941592,2.04210241714683,2056.00300150075,0.0292022552891096
0.0659937247043957,1.91677282105974,2055.70285142571,0.0264188336493858
0.0542702155805048,1.40051115285914,2052.70135067534,0.0154161713014038
0.0389110978718907,1.46231609576324,2063.50675337669,0.0109412344487141
0.0978561383851941,15.7234968241093,2071.6108054027,0.145375415540504
0.0923349511429088,20.9691291766305,2077.31365682841,0.131618117265727
0.0994339299336176,16.751589190816,2071.6108054027,0.153497995129986
0.0706005053316824,2.2008256876077,2056.60330165083,0.0325071921790168
0.0255738245767044,1.67902152597229,2089.01950975488,0.00715259071983189
0.0986479902268111,4.58580257506987,2057.95397698849,0.0917466660538688
0.0789011252549654,9.58286508470002,2075.06253126563,0.0786205099090185
0.0330553008988061,1.669381663546,2075.36268134067,0.00983728110376141
0.0863115784909865,4.09876636139165,2060.50525262631,0.0680293323996274
0.0720353414705065,7.24794774808137,2075.36268134067,0.0601207738812429
0.0746679884531736,6.49685502569923,2072.06103051526,0.0631136547514448
0.0700808154660985,2.51970871206025,2059.30465232616,0.0356489298976087
0.0610506198496598,2.03037797761035,2059.00450225113,0.0250912065203475
0.0964626406713943,25.5771389596111,2077.46373186593,0.150678622079609
0.0344454270145323,2.71555413295041,2092.32116058029,0.0129522888891397
0.0986952302031173,18.8503244528549,2073.26163081541,0.152470954975976
0.0683128222654949,7.65545473146367,2078.66433216608,0.0547560998974124
0.0969239702728656,29.5370822190252,2078.8144072036,0.154312188827713
0.0937889251953875,2.49085867387056,2051.65082541271,0.0520857418130565
0.0572041919164476,2.0538945595859,2061.25562781391,0.0232093261237812
0.0514347769838583,1.79913505645155,2061.25562781391,0.0182671483699612
0.0586487956228663,8.08587329578959,2087.66883441721,0.0409238929050158
0.054896120683537,1.62200621191813,2056.60330165083,0.0181457017908877
0.0967441241307131,2.63848930932274,2051.80090045023,0.0571097397028724
0.0651514366336671,3.1450272019994,2065.60780390195,0.036703678402634
0.0582265743564002,6.72522667244931,2084.66733366683,0.0389925931631625
0.0774635501069127,8.54049161663095,2074.46223111556,0.0728922138955535
0.055697619452126,5.56142771178757,2083.46673336668,0.0342934434380556
0.089508658307439,4.3542135747773,2060.20510255128,0.0749870633740558
0.0757351882081566,2.66137624774655,2057.95397698849,0.0416662143421315
0.0789623938337086,6.90175820040029,2070.71035517759,0.0715994372442013
0.0467015319031107,1.54009278652809,2059.6048024012,0.0142487297215987
0.0579483378958585,7.99329205722658,2088.11905952976,0.0399687251732703
0.072409573877561,3.18145405986858,2062.30615307654,0.0436516156373545
0.0987787284328425,3.30278056177977,2054.05202601301,0.0722386622408107
0.0984622510757376,6.11570617216135,2061.25562781391,0.107579765730661
0.0795441498230723,7.12382395041967,2070.86043021511,0.0733260612172367
0.0695618983995616,3.17230798106454,2063.50675337669,0.0409710255079511
0.0458169697934379,3.31230280598519,2082.11605802901,0.0212575105185364
0.065129597645082,13.9728926204603,2090.67033516758,0.055112629738097
0.0926636613094393,9.02067029565308,2067.70885442721,0.11050461970798
0.0821109534545956,4.65229147967714,2063.80690345173,0.0664871016282782
0.0980902860196284,12.7431360287119,2069.35967983992,0.138746856833781
0.0904753093146628,28.1262788456248,2081.66583291646,0.128591190285334
0.0920070015972649,17.1913042784243,2075.36268134067,0.12552788046876
0.0965272964422974,30.1383713644719,2079.11455727864,0.154433364510374
0.0953290885145354,22.0844211988575,2076.4132066033,0.143680926631429
0.0937354349805268,5.40359972355987,2061.40570285143,0.0917344214959917
0.0930257513482469,4.94223601165526,2060.50525262631,0.0866204806910263
0.0886017142267892,2.16937226517279,2051.05052526263,0.042269822664704
0.0875185324761414,6.42246765119551,2065.75787893947,0.0866182007104185
0.093296441620612,7.31081832073186,2065.00750375188,0.104422026035698
0.0749363430390211,8.94309557251015,2076.56328164082,0.068832845827627
0.0951220898561726,3.36032741709575,2055.25262631316,0.0694351386278896
0.0569734230541192,5.64206206761865,2082.56628314157,0.0358791412203074
0.0869866096031505,23.3260907272937,2081.51575787894,0.114177197595031
0.0652481397163308,2.25210247070889,2059.30465232616,0.0297116619732772
0.0955060624822141,3.07341994620988,2054.05202601301,0.0648723589425921
0.0644963837849912,2.29134256329585,2059.90495247624,0.0296410282910979
0.0829511314014853,4.70617602490094,2063.65682841421,0.0679830894976984
0.077253570677116,2.48369792620856,2056.30315157579,0.0404962295480215
0.0985366134243529,4.82970917626452,2058.55427713857,0.0947695750569732
0.0869702330696972,3.56975293664868,2058.40420210105,0.0632053208835174
0.0874342603294128,20.8487379146156,2080.01500750375,0.113470990812439
0.0813440148051553,5.65832869261085,2066.8084042021,0.0710925979150358
0.0994786278639611,5.94214829246472,2060.65532766383,0.108047067958805
0.0934885867292265,34.9048456133114,2082.41620810405,0.142360468763179
0.0364743151970269,1.05622377499757,2050.30015007504,0.00727165343919703
0.0753422393713748,5.74036800209287,2069.95997999,0.0614222937083028
0.0626969191016783,2.03037797761035,2058.25412706353,0.0260423828557244
0.0786925697717945,29.0312487135558,2089.76988494247,0.0909116162976971
0.0794706841366954,1.93897358646993,2051.50075037519,0.033324450471954
0.0950407375338918,6.24020417473294,2062.60630315158,0.101260398539147
0.099740660393064,13.7336016436691,2069.50975487744,0.147002115576077
0.0601496160949232,2.60078095318014,2064.70735367684,0.0291515086409179
0.078358106614477,44.1988889941343,2095.47273636818,0.0923051342758391
0.0976843115664696,2.51246502599404,2050.90045022511,0.0549345323975046
0.0592929418004911,3.60071789654471,2071.91095547774,0.0333712812660374
0.0891907492339678,2.89311263070037,2054.95247623812,0.0559142297091537
0.0718024665514471,22.6641186288517,2092.02101050525,0.0715497753364886
0.064263782538075,1.80952418124502,2055.10255127564,0.0242455737966674
0.0761083396451669,6.72522667244931,2071.76088044022,0.0662349802055887
0.0999386219120299,2.69996316651677,2051.35067533767,0.0607180485783451
0.0845108956590954,7.54604567969013,2069.05952976488,0.0854079045543917
0.0865542152141255,2.66137624774655,2054.50225112556,0.0500403347817067
0.0504821981681815,8.99473757437633,2099.22461230615,0.0313136487276927
0.0901072752764197,67.6795736840215,2091.72086043021,0.135182988226292
0.0847309799442441,3.70588742997801,2059.75487743872,0.0618889612551243
0.0733762497544854,5.80685504843578,2071.16058029014,0.0586800619301486
0.0998189764245863,3.98244730043134,2056.00300150075,0.0849948849558596
0.0964128911902882,2.85998721049474,2052.85142571286,0.0615306208178499
0.0653653328240574,6.42246765119551,2077.91395697849,0.0481728694645686
0.0781972872039314,5.37257572706184,2067.55877938969,0.0644901645021724
0.0784576383709938,5.41917883794353,2067.55877938969,0.065133444768299
0.0920991322726279,3.49853297367273,2056.60330165083,0.0680733030103244
0.0657430287452109,24.1460286404166,2098.7743871936,0.0587384458410066
0.049963927977263,3.89177332396176,2081.51575787894,0.0257931735255021
0.0807127393102977,5.74036800209287,2067.25862931466,0.0704962972552403
0.0988309994568536,12.4171951294921,2068.75937968984,0.140629643943536
0.0647649841286591,3.92553157195246,2069.95997999,0.0401777450745245
0.0967893089484967,4.0518365057735,2057.05352676338,0.0819207726593388
0.0905467847987931,6.20437693319619,2064.10705352676,0.0917995818788801
0.0790740392953688,64.8190894156514,2099.82491245623,0.0955505623362998
0.0915785708126644,7.97031285410644,2066.8084042021,0.102826983219536
0.0733430491854137,3.88058521159597,2065.00750375188,0.0497686858026699
0.05215307737265,4.20635552139048,2081.06553276638,0.0284091756972135
0.0957555761419215,15.189566737098,2072.21110555278,0.13605544990301
0.0667592561302917,14.0940971036004,2089.31965982992,0.0581489894515754
0.0646613426788619,7.97031285410644,2082.11605802901,0.0493579487639019
0.0945920936440268,11.4225861207707,2069.65982991496,0.123122972460435
0.0625302329148881,4.37935702804035,2073.26163081541,0.0395160804876956
0.0872180699350064,3.27437776251048,2057.2036018009,0.0596563891513408
0.0362870648310249,1.31834782642385,2061.40570285143,0.0092112781881916
0.0939876447236221,7.85640396138943,2065.60780390195,0.108624603590257
0.0932600261047494,12.1344753910871,2070.86043021511,0.121169228531313
0.0921517849129352,3.78132852701561,2057.50375187594,0.0722421219417432
0.0887048017574724,5.14550325140415,2062.60630315158,0.0804845121048214
0.0710583139900427,3.15409462760941,2062.75637818909,0.0421791941382365
0.0888071497379232,2.97761447568876,2055.40270135068,0.0569765369663603
0.0577719137256027,2.51970871206025,2065.45772886443,0.0269457875985985
0.0873636524665464,2.67674439360146,2054.35217608804,0.0509425303686099
0.0881712529504561,11.4225861207707,2072.51125562781,0.104569572659412
0.0941528243570887,39.1650084479089,2083.16658329165,0.147951408387684
0.0904182635748647,2.67674439360146,2053.45172586293,0.0533039821833321
0.0926429756384581,36.4452060637106,2083.31665832916,0.139974673891385
0.0786486411907229,7.16496054867685,2071.31065532766,0.0721611769300422
0.0653410261758969,1.80432214140788,2054.65232616308,0.0246786854862367
0.0371711783764112,1.1817296425721,2055.55277638819,0.0085053594752748
0.0432094719229151,2.77882351455518,2080.31515757879,0.0182126043619999
0.092642763214456,2.56361151152847,2052.4012006003,0.0527149714435752
0.0687113498391847,3.91424641100743,2067.55877938969,0.0445269093685591
0.0442572145413903,1.39648494813358,2057.80390195098,0.0122396356787454
0.043264473647396,3.77045792255574,2088.56928464232,0.0202848531558006
0.0777817010643706,6.64822449937834,2070.71035517759,0.068960621720079
0.0913405795167329,10.2684023095805,2069.80990495248,0.110589115004977
0.0519505008435174,3.6740180475533,2078.21410705353,0.0270455910438278
0.0557380464874472,2.09570588324384,2062.60630315158,0.0226978628712721
0.0856436729178825,2.27818714703702,2052.4012006003,0.042756718801043
0.094010688823177,10.1216499350543,2068.45922961481,0.118174531744729
0.0940934324463343,26.6290908341743,2079.11455727864,0.141419367879782
0.0353194434773331,2.57100265798945,2088.86943471736,0.013193961938054
0.0703529311604277,4.8997344482741,2070.26013006503,0.0510735991061922
0.0496295023455501,2.96051892720402,2075.36268134067,0.0231152248974052
0.0842021702415139,2.39935784176774,2053.60180090045,0.0441310924009321
0.0965516591524915,8.68929909148323,2065.75787893947,0.119760199308048
0.064708225228565,4.18220533158347,2071.01050525263,0.0412745857264655
0.0669968246136247,1.74305193613896,2053.30165082541,0.024601666141537
0.0589615285477742,2.85176528809274,2067.40870435218,0.0297309018697012
0.090373221179591,4.74699861247518,2060.95547773887,0.0801443592679344
0.086899037422988,42.8211093770612,2088.71935967984,0.11946925430525
0.0540013772659686,4.08698318318596,2078.66433216608,0.0299171077934117
0.0476130471898306,1.48779514022745,2057.95397698849,0.0141272543546301
0.0851299064136111,7.22711126890421,2068.30915457729,0.0852092813498108
0.0557394398704756,5.95928009583079,2084.66733366683,0.0351257025615052
0.0872885326812841,4.95648496866088,2062.60630315158,0.0768173130845367
0.0908022594456039,2.85176528809274,2054.35217608804,0.056732364216024
0.0795131129747817,4.59902389909696,2064.70735367684,0.0624616055676695
0.0988162917157187,6.13333836012256,2061.25562781391,0.1081911957063
0.0570721256636293,1.52684850782001,2053.90195097549,0.0178892562464298
0.0859314910595297,4.61228334151361,2062.15607803902,0.0720826581521194
0.0497760544450636,8.15601225127809,2098.17408704352,0.0300331370798911
0.081718888233506,2.21353437928443,2053.15157578789,0.0393435422726102
0.0884097863890743,5.01389279437678,2062.30615307654,0.0793146665364746
0.0938265310945974,8.46704626823108,2066.50825412706,0.11138661097513
0.0917508141357782,4.65229147967714,2060.20510255128,0.0815531210727252
0.0854595519973938,34.9048456133114,2087.21860930465,0.113428385402209
0.0639311404594992,3.6952337044061,2069.35967983992,0.0382863952778421
0.0829892591866793,7.74412301428478,2070.11005502751,0.082898555015606
0.081608699150346,2.66904925964653,2056.00300150075,0.046357023210862
0.0697952808809544,5.05738459676651,2071.16058029014,0.0506515105638346
0.0927134009386807,3.54925770971272,2056.60330165083,0.0695628419850261
0.0877042098475716,3.73803325566538,2058.85442721361,0.0658516169350373
0.0487029745786726,1.7683242002651,2062.45622811406,0.0168007495640574
0.0410277112594398,1.32978351631576,2058.10405202601,0.0106968981686138
0.0871310066984813,3.00344307348301,2056.00300150075,0.0559611928530716
0.0357912002394496,1.68386231169735,2072.21110555278,0.0109413193806586
0.0789752030372478,3.79223047250718,2062.15607803902,0.0558739283098853
0.049663126126816,3.10901742259474,2076.56328164082,0.02356619425162
0.0737975839847934,2.47655776434198,2057.50375187594,0.0379620646673679
0.0995990052455839,6.72522667244931,2062.0060030015,0.114819726141775
0.0902390682539031,3.0557743442915,2055.40270135068,0.0595018558269761
0.0899674268252708,4.94223601165526,2061.55577788894,0.0813941254777616
0.0934363872690019,6.88191695070772,2064.25712856428,0.102206891837044
0.0954238666175918,3.79223047250718,2056.60330165083,0.0765197303088459
0.0939194446069315,15.4542261000141,2073.26163081541,0.129763331163832
0.0923096907266023,11.6887196334189,2070.86043021511,0.117210609977081
0.0656951175458062,3.68461060628057,2068.15907953977,0.0401859025312077
0.0887790483615239,3.09116744284691,2056.00300150075,0.0585595721931005
0.0784454537130748,2.36506706799381,2055.10255127564,0.039720907244662
0.0728721569798144,6.2943333190863,2072.66133066533,0.0593683973738549
0.085835818143611,3.44853317762211,2058.40420210105,0.0602402028448385
0.0426629570918695,1.36076598863131,2057.80390195098,0.0114587896948737
0.0899234354888909,2.86823283751515,2054.65232616308,0.0562122445807818
0.0710954243150983,2.74700667630971,2060.35517758879,0.0387265785337525
0.0790283409661451,2.35826794741131,2054.95247623812,0.0399517931617897
0.0639636030180745,1.50070065992818,2051.05052526263,0.0198584549438306
0.0562316437856832,1.61734325078285,2055.85292646323,0.0186287711993565
0.0497713758073981,1.8199732981517,2062.60630315158,0.0176595982689104
0.0977007932723207,10.0057595601981,2066.95847923962,0.12809030668546
0.0900003955506408,2.99480874260266,2055.10255127564,0.0583883192626246
0.0763223937836161,8.08587329578959,2074.31215607804,0.0698760002428588
0.096275971717887,9.39167782086193,2066.8084042021,0.121360475107422
0.099710904918229,10.2094477434412,2066.35817908954,0.135851229202485
0.078285803874451,45.7525288743821,2096.07303651826,0.0916038249183636
0.0932627342393977,6.57210398204128,2063.80690345173,0.0997411445781328
0.099164886103664,27.2495189410318,2076.86343171586,0.163020250888241
0.0875785096522493,14.1754836193795,2075.36268134067,0.107574448459362
0.0793633654101313,5.85722521042959,2068.15907953977,0.0687392980488289
0.0703762656271028,1.58051892322707,2050.15007503752,0.0232802823304278
0.0774614445841419,4.63891702142887,2065.75787893947,0.059706174360162
0.0623033098016301,7.54604567969013,2083.01650825413,0.0456141362367759
0.029154540418073,1.09335121002246,2057.80390195098,0.00600654431109037
0.0660360724102324,2.14453349218355,2057.95397698849,0.0291140433535626
0.0641221304690862,1.46231609576324,2050.30015007504,0.0193049380116031
0.0881639480074365,3.65292419736599,2058.40420210105,0.0654434478360193
0.0800041084170577,18.7420980057214,2083.16658329165,0.0908632995147035
0.051482175369465,1.86774606222357,2062.15607803902,0.0188085160330006
0.085517527076821,3.10007958542497,2056.90345172586,0.0558157228477247
0.0952146784606524,7.41681684421187,2064.55727863932,0.109093367831621
0.0824815020766275,2.44820179377353,2054.50225112556,0.043660481944714
0.0777747081429126,3.6424227310724,2062.15607803902,0.0530433177197065
0.09524096445059,6.7058929175172,2063.35667833917,0.104928275965961
0.095310116249344,12.0995910689866,2069.95997999,0.127537489009348
0.0407893793698512,1.77853540743712,2068.90945472736,0.0134201171474954
0.0736982742257281,3.82512526006857,2064.70735367684,0.0496511651413026
0.0979138376158912,14.298445429222,2070.71035517759,0.141355082734316
0.0817454808358256,6.88191695070772,2069.2096048024,0.0772060272238214
0.0718365952099407,4.43008034640065,2067.85892946473,0.0510040312444224
0.0807714956793729,3.80316384938978,2061.55577788894,0.0580743869743676
0.0694883389166039,4.39198314906283,2069.05952976488,0.0477123142535721
0.0925748840693459,2.29794873135268,2050.90045022511,0.0472089035129524
0.091684202130196,19.0686558202897,2076.71335667834,0.126279169616517
0.074938621019571,8.27426512232383,2075.51275637819,0.0674217559690713
0.0554398785957117,3.9368492691367,2076.71335667834,0.0308008888548894
0.0709566132114804,2.26510726072284,2057.05352676338,0.0334696195633751
0.0822148691076946,7.58962040187813,2070.26013006503,0.080593698414967
0.0714996752777889,8.54049161663095,2078.06403201601,0.0618902813471676
0.0386462350674389,1.21274904899342,2055.70285142571,0.00912811532259695
0.0978576038504265,2.62334079957365,2051.50075037519,0.0576076047169596
0.0754477417646292,5.57746185992785,2069.50975487744,0.0609426119672224
0.0891378655410322,3.32185250376586,2056.75337668834,0.062523286674044
0.0329289359051105,2.84356700216288,2096.82341170585,0.0123725080308246
0.0921272747706017,6.36723659478765,2063.95697848924,0.0954822105557769
0.0923561375655806,4.70617602490094,2060.20510255128,0.0829223179355513
0.096628413417001,3.08228092099346,2053.75187593797,0.0660335986389125
0.0960309396989743,3.26496454563336,2054.65232616308,0.068816928148417
0.0977254723235364,24.3554775355552,2076.26313156578,0.156024290883489
0.0675970872747572,4.85759838400825,2071.76088044022,0.0472827899771746
0.0837914224849457,6.64822449937834,2067.85892946473,0.0800573507666634
0.0892401496432043,4.32921447906216,2060.20510255128,0.0743317271565187
0.0878940150234393,2.88479547897935,2055.25262631316,0.0547263409305764
0.0905911925130654,6.47817779606607,2064.70735367684,0.0930717813428863
0.0737428039558437,2.95200799512719,2060.50525262631,0.0428610949912685
0.080010609380253,4.39198314906283,2063.95697848924,0.0615230237625866
0.0783140667884339,10.1216499350543,2076.26313156578,0.0776343781821947
0.0985290404872611,20.6100250498449,2074.16208104052,0.155350648369087
0.0761541409116664,1.79913505645155,2051.05052526263,0.0293252858030779
0.0954054179473597,43.5672141029724,2083.6168084042,0.154454793961292
0.0792292026250034,60.3177469949361,2098.7743871936,0.0957584443193097
0.0903801385262676,10.1800975118018,2070.11005502751,0.107797873206705
0.0811248182406965,8.01633751167032,2071.6108054027,0.0792580520743823
0.081156462871896,6.2943333190863,2068.30915457729,0.0737335332143843
0.0810537047970256,8.89175006582625,2072.96148074037,0.0816095697539051
0.0915522076033798,11.6887196334189,2071.16058029014,0.115273571741477
0.0514307582421503,9.15145972170511,2098.32416208104,0.0324709372007912
0.0599769831274633,1.4455729400936,2051.35067533767,0.0177684199640043
0.0959280524293717,3.10007958542497,2054.05202601301,0.0656408520674091
0.0474362702468988,1.87853138201008,2065.15757878939,0.0169363376506681
0.0848713756899874,11.0347040567755,2073.71185592796,0.0951407556248411
0.0725082078417738,4.09876636139165,2066.35817908954,0.0499103382194798
0.0963243148144801,5.2653877364201,2060.20510255128,0.0955885430301353
0.0581811886038891,3.6952337044061,2073.26163081541,0.0326477013111675
0.083347590229649,6.62911211113257,2068.00900450225,0.0791303770542492
0.0579918486358062,1.37652687910296,2050.75037518759,0.0161951757562375
0.0955974486025177,20.9691291766305,2075.81290645323,0.142639592219435
0.0803495057713425,10.5683211343905,2075.66283141571,0.0829007420716331
0.0491212409977834,1.71320152422168,2061.25562781391,0.016556746937691
0.080933135523733,2.75492656923522,2056.75337668834,0.0469844613898366
0.0987272120261199,12.0995910689866,2068.60930465233,0.138569749344129
0.066403173007924,1.5896456468007,2051.50075037519,0.0220226830040414
0.0622480162017268,3.4784466459882,2069.2096048024,0.0357353547389498
0.0853478736545436,24.425696794902,2083.01650825413,0.109708310177241
0.0777664790188707,11.0347040567755,2077.76388194097,0.077757752795994
0.0881885905949554,2.69220128298041,2054.20210105053,0.0518808404938176
0.0660996212343597,1.50502732889567,2050.30015007504,0.0206175054396273
0.0976197152436238,7.4382002633935,2063.65682841421,0.115612547293882
0.0727157965676152,5.62584220609726,2071.16058029014,0.0568188673560318
0.0953374522975579,7.74412301428478,2065.00750375188,0.111250818994384
0.0482247428714932,1.21274904899342,2050.60030015007,0.0115142004108146
0.0951172576312011,3.55949057200184,2056.00300150075,0.0723803862734863
0.0981707201899314,16.8483214233231,2072.21110555278,0.148695240896095
0.085182674467804,3.70588742997801,2059.6048024012,0.0624375803413734
0.0605896431149348,3.54925770971272,2070.71035517759,0.0344363175108883
0.0917502160001375,26.705865146348,2080.31515757879,0.133314061032892
0.0795130812731671,5.10125365829453,2066.20810405203,0.0652403296429468
0.09550646891295,6.0805937181354,2062.15607803902,0.101060813305666
0.0677247863805553,3.54925770971272,2066.35817908954,0.0415688141768374
0.0902441938554715,2.57100265798945,2053.00150075038,0.0512986635154929
0.0568402144419782,5.25025074237118,2081.2156078039,0.0351904217514543
0.0966390470350589,16.0435815196353,2072.3611805903,0.141297789619266
0.0762580202281969,9.5553161597167,2076.71335667834,0.0724098810755211
0.0465487535205624,3.72728711692345,2084.21710855428,0.0226894403562285
0.0739521201920812,2.71555413295041,2059.00450225113,0.0407440023400478
0.0987884790675297,2.54156531687388,2050.90045022511,0.0563409541625767
0.095516247451035,9.28414544519475,2066.95847923962,0.118902087537956
0.080585338374374,10.2980071327174,2075.06253126563,0.0837039707613283
0.0945140678500219,5.57746185992785,2061.55577788894,0.094556706856304
0.0908345350917347,5.31106107095859,2062.15607803902,0.085795193262284
0.0680448604575073,1.78880557933512,2053.45172586293,0.0257075316834866
0.0339794631330836,1.50936647207927,2069.80990495248,0.00953035335478462
0.0759582328486188,2.44116367657533,2056.45322661331,0.0390520615977836
0.0845608351278228,4.73335188912938,2063.05652826413,0.0708663865779154
0.0806024961048496,2.18818996107018,2053.15157578789,0.038266840896546
0.0977866296922055,8.56511470172144,2065.15757878939,0.122588955416828
0.09715229681332,3.33142973427318,2054.65232616308,0.0708952204444608
0.0614776052423887,1.45392041663176,2051.05052526263,0.0183499693727428
0.0855656731860797,3.71657187129828,2059.45472736368,0.0631703238417392
0.0999657658435644,3.75961856902805,2055.40270135068,0.081466704239855
0.0713516016357055,4.36676720472819,2067.85892946473,0.0500310729493821
0.0933333627772003,9.52784643268317,2068.15907953977,0.113430615950816
0.0877704042964738,22.2759871780403,2080.61530765383,0.115384676816944
0.0616575635337252,6.44098426295101,2080.91545772886,0.0429483445449075
0.0775437717392772,3.79223047250718,2062.75637818909,0.0541700424518396
0.0645986255382657,13.4209094274668,2090.52026013007,0.0539023740350959
0.0555240776373593,1.37652687910296,2051.80090045023,0.0155191204106112
0.0739492413637943,6.42246765119551,2072.3611805903,0.0614254212169066
0.075344497856476,4.53329627591397,2066.50825412706,0.0559526718463132
0.0922939107585486,30.6634951091254,2081.66583291646,0.13592437234196
0.0583733049320649,14.9724828208773,2098.92446223112,0.0441753793358395
0.0635910191046733,5.29579277470977,2075.96298149075,0.0432396849402928
0.0646263938629733,8.81528401319323,2083.76688344172,0.0503723409118098
0.0997397491008912,15.1458996051004,2070.56028014007,0.150043154656527
0.088006197240223,13.5373258656811,2074.61230615308,0.107815769572815
0.0866172820865972,2.31788173275986,2052.4012006003,0.044118783298072
0.0997441249725373,27.3280820090234,2076.56328164082,0.166482917373642
0.0907126894410179,29.7932945067072,2082.11605802901,0.130888770761388
0.0557061015093861,1.90028922105573,2060.20510255128,0.021154181016277
0.0990403278055468,5.22010717715947,2059.30465232616,0.100089915358869
0.0836860075469601,15.4542261000141,2078.51425712856,0.0980739690666139
0.0903552287568336,3.00344307348301,2055.10255127564,0.0588097410766306
0.0665242966307571,2.32456441587663,2059.30465232616,0.0312750004403018
0.0352594948016325,1.34518555643637,2063.20660330165,0.0090778541041986
0.0976213378087293,3.25557838997471,2054.20210105053,0.070137501807706
0.0851770981659046,9.72180569368846,2072.06103051526,0.0926746269693306
0.0691807777405857,2.63848930932274,2060.50525262631,0.0361805801187602
0.0903468979732112,3.19982540066046,2056.00300150075,0.0617470032305345
0.0806480743082354,2.85998721049474,2057.35367683842,0.0481574711993665
0.0586446085356043,1.62668261683323,2054.95247623812,0.0196875263999023
0.0871706419551202,7.37423424898408,2067.70885442721,0.0899607982728151
0.089460611656962,3.33142973427318,2056.75337668834,0.0627956649852424
0.0805954778024888,26.6290908341743,2087.36868434217,0.0950014742935847
0.0816236857549458,1.86237664548846,2050.30015007504,0.0327921708850598
0.0603037593837018,7.76645008964431,2085.41770885443,0.0427902856219842
0.0328829288650073,1.57144459943409,2072.96148074037,0.0093935760507515
0.0593668284235315,3.36032741709575,2070.41020510255,0.0325811527102925
0.0853769841327388,3.18145405986858,2057.35367683842,0.0566265293205622
0.0890592248676017,5.87411217212038,2064.10705352676,0.0862158549041033
0.0777898281555965,2.48369792620856,2056.15307653827,0.0409638036102151
0.092608629611429,16.464712003024,2074.61230615308,0.126479413909262
0.0553189851979038,3.88058521159597,2076.4132066033,0.0306397207722348
0.031904779002752,2.08367368705817,2086.61830915458,0.0105427546944104
0.0868205730629314,17.1418825295271,2078.06403201601,0.108433479953897
0.0864726487350461,2.2008256876077,2051.65082541271,0.041827326291294
0.0872804064054727,60.6660524756973,2092.47123561781,0.123315805531061
0.0851305932455584,2.1944987299355,2051.95097548774,0.0409756230595093
0.0817863606933829,55.4863358814509,2095.6228114057,0.103220895489791
0.0461292557925466,1.68871705388817,2062.90645322661,0.0151376733746751
0.0995544128749709,26.3241943658462,2076.26313156578,0.164934489573099
0.0949528749786386,3.91424641100743,2057.2036018009,0.0775088198661365
0.0808644199208556,13.8926692519835,2078.8144072036,0.0891138247755513
0.0645611457092436,3.24621921773864,2066.50825412706,0.0367527446788722
0.0710439610783647,2.08367368705817,2055.40270135068,0.0312243977655491
0.0920108972597026,7.4382002633935,2065.75787893947,0.101672677250198
0.0976075870262928,7.56780167843215,2063.95697848924,0.115910951637792
0.0960370744536861,48.4642342722534,2084.3671835918,0.158730245677969
0.0968348852667064,8.22675961020021,2065.15757878939,0.117464411059278
0.0952150308632147,2.71555413295041,2052.55127563782,0.0577252849846034
0.0658810880144844,1.65979714701382,2052.70135067534,0.0229479068162931
0.0876314296592577,2.46943812909056,2053.15157578789,0.0475121863583388
0.07517264899037,5.67464221589759,2069.80990495248,0.0611659098164041
0.0913804399581581,15.3213249660846,2074.31215607804,0.121445022557757
0.0923596201017436,8.89175006582625,2067.70885442721,0.108841574172023
0.067715734776806,3.71657187129828,2067.25862931466,0.042379389103175
0.0715178363793588,2.81100886708374,2060.65532766383,0.0396050079325976
0.0869511038889457,2.94352153037066,2055.85292646323,0.0547201382240505
0.0822850121476733,4.84363370723389,2064.25712856428,0.0681328373789434
0.0752618640900456,9.94831291991456,2077.91395697849,0.0708837747950597
0.0731063470561762,12.9278969602916,2083.01650825413,0.0698185797447512
0.0944512271890399,6.45955425993623,2063.20660330165,0.101509425068202
0.0913732320695208,2.33126636583218,2051.35067533767,0.0472121606628831
0.094606124374172,23.3260907272937,2077.46373186593,0.140647884050758
0.06412878405123,2.62334079957365,2062.75637818909,0.032252619395516
0.0863995391055905,11.2918003500854,2073.26163081541,0.0993346662577442
0.0911929889419133,22.9927224875773,2078.96448224112,0.128752900952662
0.0710768831267737,8.99473757437633,2079.11455727864,0.0618136765024283
0.0799904589369811,2.78683513858361,2057.2036018009,0.0465400259049452
0.0880757674590049,11.5882005855279,2072.66133066533,0.105066377835002
0.0696938508373157,2.66137624774655,2060.35517758879,0.0368919369400442
0.0498837104397532,1.6741946565908,2060.20510255128,0.0165810552330455
0.0836742885923752,8.06262793911584,2070.41020510255,0.0848297351253278
0.0592780793940111,1.48351801054375,2052.4012006003,0.018050674060084
0.0907998523162752,7.63344674676951,2066.50825412706,0.0998545933355774
0.0953498253077716,38.3836293157633,2082.26613306653,0.153219278917679
0.0954146464157443,19.9675638236179,2075.36268134067,0.141024177002767
0.0945647836245788,48.6039614703936,2085.26763381691,0.151803871483023
0.0760186772282383,3.45847564108692,2062.0060030015,0.0497461165926919
0.0810057949839408,6.61005466738882,2069.05952976488,0.0745857735222907
0.046491210217028,2.57100265798945,2074.61230615308,0.01971849674775
0.0603584255861209,2.72338334507132,2065.60780390195,0.0300316183901799
0.0844187064545056,5.59354223610883,2065.30765382691,0.0761413948864498
0.0976307723936685,14.2163529457634,2070.71035517759,0.140705553353699
0.080633478217956,29.5370822190252,2088.56928464232,0.0965064705351085
0.0948052824908305,18.3153703115779,2074.61230615308,0.138068791400871
0.0708213286785569,7.81129753947542,2077.1635817909,0.0595041236518603
0.0490589048814349,2.69996316651677,2073.56178089045,0.0218379166441369
0.0805976701913047,33.9142795486171,2090.37018509255,0.0971296429396509
0.0626828049781402,2.96905439714284,2065.90795397699,0.0334541858457931
0.0800803968481235,2.66137624774655,2056.45322661331,0.0450764731531329
0.0847136828053665,4.07523387938939,2060.95547773887,0.0656037552022594
0.046502068956757,6.27623830106248,2096.82341170585,0.0255904085140194
0.0989884331895449,5.48194575365476,2059.90495247624,0.102577962565781
0.0547642499109583,3.28381811862624,2073.41170585293,0.0281805136604401
0.0889504995024199,14.6737675621227,2075.06253126563,0.112519396082995
0.0294672646792731,1.8570226648111,2086.0180090045,0.00899624602231506
0.0714232270128851,33.5259694810802,2098.024012006,0.0721932434148445
0.0770132062913403,45.3590725519368,2096.97348674337,0.0884297543397677
0.0709648622620839,4.08698318318596,2067.10855427714,0.0479715387967352
0.0973155071581857,10.4774371358388,2067.55877938969,0.129143004639394
0.097120755017494,14.8437245167243,2071.31065532766,0.140922902893911
0.0265548815794606,1.90028922105573,2093.37168584292,0.00795831412178677
0.0724029158636064,2.84356700216288,2060.35517758879,0.0408476842934442
0.0915084898302815,2.48369792620856,2052.25112556278,0.0503728051750654
0.0889231980869702,2.78683513858361,2054.50225112556,0.0540729032225236
0.0886132682746643,11.0029813692926,2071.76088044022,0.105528615361876
0.0929248124443802,8.41843393067599,2066.8084042021,0.108762920770965
0.0845958952493969,11.6551167748285,2074.46223111556,0.0960073644936804
0.0894950077291923,57.4367420159962,2090.37018509255,0.130886124285398
0.0989960118622022,5.90803229623124,2060.65532766383,0.107122529128701
0.0854708949773421,24.99478827893,2083.31665832916,0.109531864222169
0.02442310895258,1.14160110005127,2066.35817908954,0.00518681792396559
0.0703563425747682,1.80952418124502,2053.00150075038,0.0270285147633643
0.0906967830334158,15.5882800527396,2074.91245622811,0.119048387379644
0.0707363425095364,9.15145972170511,2079.71485742871,0.06106411623791
0.0830582604751247,23.4607874898523,2084.06703351676,0.101466978159056
0.0971606729821069,5.64206206761865,2060.80540270135,0.100424869466958
0.0645321773169396,1.70827639380871,2053.75187593797,0.0230803318569241
0.0757487406041059,2.23273514877728,2055.10255127564,0.0360760027764053
0.0868353516090881,5.11596107896008,2063.20660330165,0.0771060237623433
0.0623387758492359,19.3451295709733,2098.7743871936,0.0518196524981662
0.0704083799335075,3.50861959151272,2064.85742871436,0.0440929579343099
0.0916031284617476,2.62334079957365,2053.00150075038,0.0532236751591187
0.0879049167009094,12.3104114379469,2073.56178089045,0.105326182611157
0.0755285460689721,3.83615347588896,2063.80690345173,0.0520632886716043
0.0616599831724211,2.75492656923522,2065.00750375188,0.0312979815099579
0.0457375094474721,3.16318819550752,2080.91545772886,0.0209095459770715
0.072174207103675,1.79396288338358,2052.25112556278,0.0275203154265196
0.084087224327027,3.39924796097488,2058.70435217609,0.0579773432328842
0.0793118316788122,6.8227347852315,2070.26013006503,0.072451129787608
0.0879727841978644,26.7828608064846,2082.56628314157,0.119024914227807
0.0707641754916551,7.72186012504483,2077.01350675338,0.0592511909979326
0.099943024611762,12.0301229939707,2068.00900450225,0.143279718353775
0.098069568744825,3.49853297367273,2054.95247623812,0.0749089408912272
0.0869907731150329,3.71657187129828,2059.00450225113,0.0648641193324586
0.0914573571755082,4.54636621906863,2060.05502751376,0.0798428259992224
0.0665937754684693,14.0940971036004,2089.46973486743,0.0578627230475276
0.0798048056146582,4.52026390637434,2064.4072036018,0.062133805720246
0.0640849887897914,2.67674439360146,2063.20660330165,0.0325459401139014
0.0205505242122798,1.53566531100084,2096.97348674337,0.00524263890192028
0.0815300864059863,5.2653877364201,2065.75787893947,0.0693366192180373
0.0833562142410438,6.13333836012256,2066.95847923962,0.0770703824070102
0.0514531127577552,9.12515100556096,2098.17408704352,0.0325687191452095
0.0827686273633132,21.5815941337228,2083.16658329165,0.100112374071647
0.0826065232956804,3.31230280598519,2058.85442721361,0.055386651740052
0.0907075037119323,3.84721348715026,2058.25412706353,0.0709413577330773
0.0665496858058915,7.2688443008963,2079.11455727864,0.0513563557851526
0.0916712953618573,48.3249087633854,2086.91845922961,0.139720999993343
0.0872462245001774,7.24794774808137,2067.40870435218,0.0898615477904113
0.087721152664023,5.79016143825715,2064.4072036018,0.0833295861546536
0.0973464538046165,4.49431145638251,2058.10405202601,0.0884926702416115
0.0891681197177129,69.6563542571799,2092.77138569285,0.130722142290627
0.0922261119000811,24.3554775355552,2079.11455727864,0.132854592552958
0.0512514978534625,2.27818714703702,2067.55877938969,0.0212870445735694
0.0992157407076063,10.0057595601981,2066.35817908954,0.133124928170421
0.0832185496339577,3.34103457688672,2058.85442721361,0.0561413764583762
0.088829536457277,36.0279175169288,2085.41770885443,0.125645557444526
0.0963804079553024,13.8129064745256,2070.86043021511,0.136098210195514
0.0952545722669432,3.45847564108692,2055.55277638819,0.0712146448267675
0.0705342494324691,7.45964533309522,2076.71335667834,0.0581655483810493
0.0782765073163755,46.2824514344805,2096.22311155578,0.0916722678604608
0.0876909013834106,29.1149486853426,2083.76688344172,0.118416502153843
0.0926185180405554,10.783461436218,2069.80990495248,0.115719715753891
0.0734209025247672,3.9368492691367,2065.15757878939,0.0502689962831913
0.0959496186935251,4.19426304469508,2057.65382691346,0.0827470884020591
0.07032532858338,3.24621921773864,2063.50675337669,0.0422678021409871
0.083110761361865,51.1890764754063,2093.52176088044,0.107824254120266
0.0980092745212066,4.62558101221893,2058.25412706353,0.0911535075734342
0.0655835511009796,2.6460963359074,2062.15607803902,0.0335738297447901
0.0420064057583725,4.61228334151361,2095.92296148074,0.0202522078520488
0.0478054495636407,1.97844545312916,2066.35817908954,0.0177309907134953
0.0914559074833648,9.02067029565308,2068.30915457729,0.106443510556744
0.0543193844987953,1.57597523020146,2056.00300150075,0.0174442052545518
0.0902400053764259,7.92455244054436,2067.25862931466,0.0994863506202134
0.0920050712837845,10.2094477434412,2069.35967983992,0.1129838968702
0.0917920974994158,3.50861959151272,2056.75337668834,0.0679161075952274
0.0963715060417768,21.3344902474791,2075.51275637819,0.147455513243939
0.0987393315120147,4.29198469417562,2057.2036018009,0.0880043917442831
0.0747205581166509,8.01633751167032,2075.06253126563,0.0669647519818002
0.0843171362531561,2.97761447568876,2056.75337668834,0.0528715428264597
0.0738512192502774,2.77882351455518,2059.45472736368,0.041258118892141
0.0611111235518367,1.441417191251,2050.90045022511,0.0180452664857867
0.0747015274523795,2.77882351455518,2059.15457728864,0.0419778255112205
0.0912273309778065,8.96887940476934,2068.30915457729,0.105865858210925
0.0610153400576704,2.31788173275986,2061.85592796398,0.0276161579507162
0.0808157054872353,36.9736199650277,2091.27063531766,0.0984951069181353
0.0732205155695395,5.5136013085513,2070.56028014007,0.0572120057569518
0.0998595713872718,20.4327857832706,2073.56178089045,0.159721718068036
0.0834015760831755,26.705865146348,2085.41770885443,0.103874323799592
0.0350030604473691,1.60343464412786,2071.16058029014,0.0103065802284978
0.0981032648169278,13.6941201359897,2070.11005502751,0.14131357299859
0.0996838466318956,6.61005466738882,2061.70585292646,0.11457687265163
0.0931012325531487,3.71657187129828,2057.05352676338,0.0723447748610331
0.0912330089731401,13.932723196473,2073.26163081541,0.119203089751429
0.0456300192089538,1.50936647207927,2059.6048024012,0.0136145098617936
0.0732753006418095,8.76467231833321,2077.31365682841,0.0653642016901902
0.0243750752503475,1.7683242002651,2094.87243621811,0.00692576532959899
0.0879164043710751,5.07196553857306,2062.60630315158,0.0789905303389151
0.0974236045760361,9.07276025359497,2065.90795397699,0.12414115713809
