0.0817842126172843,20.5283266572726,2064.55727863932,0.284302785802492
0.0943860016026309,143.063085308626,2081.51575787894,0.619372392031724
0.0846969065295927,36.8591845336176,2070.86043021511,0.377653922010346
0.0827707543888529,9.57819653499228,2053.15157578789,0.172777325186811
0.0826265561051695,30.441656480749,2069.50975487744,0.336234479538412
0.0460258271282586,5.00970797899177,2050.90045022511,0.0451249140463954
0.0947131562936566,34.3199524331307,2065.75787893947,0.471703564581468
0.0482127974618119,14.6149755559616,2080.61530765383,0.0987908424679913
0.0583426508211981,6.04853072645486,2051.80090045023,0.0721109815491554
0.0599203638327802,14.9526369191729,2071.16058029014,0.142355730465264
0.0786176935114172,12.7432418640226,2059.00450225113,0.20245755494873
0.0963958599989343,17.7973548171796,2057.65382691346,0.35214428264655
0.0766355090199764,34.0272452918993,2074.16208104052,0.296055790224006
0.0639372616419705,24.0188079626047,2077.01350675338,0.187958387390298
0.0439445670889632,6.34934962645816,2060.65532766383,0.0547574534567311
0.0882613351686601,39.9268137290769,2070.26013006503,0.420634488755909
0.0796161931997992,8.02428067821897,2051.20060030015,0.137929642603084
0.0966198970993198,20.5870211940554,2059.30465232616,0.387464900999834
0.0859152486776964,159.457935123655,2087.96898449225,0.483465769222064
0.0740938705847287,58.3686401787467,2083.31665832916,0.305511032087161
0.0720414296213852,27.311762783483,2073.71185592796,0.24529124071994
0.0947786997673259,30.3548659291099,2064.4072036018,0.449525718360522
0.0898390450951029,335.951179933802,2093.82191095548,0.564602569678488
0.0927959528028076,23.0776713570612,2061.85592796398,0.382471987810932
0.0815949170298635,9.96880749546136,2054.20210105053,0.176020256232885
0.0817733511350451,11.6638280775231,2056.60330165083,0.201238575847916
0.0440004394475473,16.8095552308392,2089.1695847924,0.0888862336993689
0.0924847063844648,9.28205556873432,2050.30015007504,0.189634859624264
0.0494830065473466,23.543537468897,2090.22011005503,0.117549627012789
0.0935618252688637,58.8707354161872,2072.3611805903,0.528750365382599
0.0767623301055534,7.84307588021287,2051.50075037519,0.129180237476404
0.0450704940343608,6.38570961945854,2060.20510255128,0.0566412944756419
0.0771251764142272,19.499983193564,2065.90795397699,0.249029808234499
0.0924548193666165,206.767683167563,2086.61830915458,0.602374688676652
0.0875114820324941,11.3032030575075,2054.35217608804,0.215658058001875
0.0723763433260165,25.5029634252175,2072.3611805903,0.244026945957362
0.097528751730756,61.6224342605923,2071.01050525263,0.596656716459024
0.085837372199171,23.209827249928,2064.55727863932,0.328653404149396
0.0670532641579758,7.47148735576046,2053.60180090045,0.105359776345078
0.0896489053297359,194.734752666573,2087.81890945473,0.54747534583743
0.0811599700571145,12.1742029363666,2057.35367683842,0.206047831121857
0.0994563937998959,13.3008486998171,2053.45172586293,0.294890505410289
0.0800974013791259,159.913856826124,2092.17108554277,0.40595665739867
0.089257205719371,173.718067925394,2086.7683841921,0.537565906249271
0.0639267076980447,52.8178734817829,2090.07003501751,0.21999470789628
0.0933896232615706,256.873770053303,2088.4192096048,0.625478001575562
0.090294562770158,70.0708090628971,2075.81290645323,0.502998775728974
0.0620639112783154,45.2713008275569,2089.31965982992,0.202194820995291
0.0620232470946945,9.63304674477083,2061.10555277639,0.118073665092044
0.0942401044499748,21.6109004384566,2060.65532766383,0.379569925133301
0.0853887074655858,45.922210269902,2073.26163081541,0.406371431546919
0.093060323218967,68.0984949826794,2074.16208104052,0.538619808995892
0.072489087339111,67.9043430662396,2086.61830915458,0.297407487491246
0.0694101563023527,19.7803533829387,2070.11005502751,0.206552719140015
0.0723483933620347,16.7616304218783,2065.90795397699,0.206839043941449
0.0499798619345534,9.1766531460679,2067.40870435218,0.0841783904473326
0.0928968644807725,22.4922202721046,2061.55577788894,0.377297511619055
0.0834865086499303,17.2964047929685,2061.55577788894,0.270169200574532
0.0722085192273418,11.1748494856797,2059.30465232616,0.163082326042128
0.0979168087733414,96.7504107799844,2075.66283141571,0.649632440748586
0.0558542898617005,13.3770169365778,2071.76088044022,0.121088358566942
0.0493936037598283,18.2085412106233,2084.51725862931,0.110138724931244
0.0655710593102901,14.4078203355768,2066.95847923962,0.162792007008525
0.0717358384644466,16.1509010721782,2065.60780390195,0.200401889152166
0.080410826541893,18.2606030230492,2063.50675337669,0.26033277816832
0.0613126061542147,22.9462679549317,2078.21410705353,0.171315323397991
0.0645166660507441,7.11750391808951,2053.60180090045,0.0960971960253643
0.0885104173679184,27.7044505118647,2065.75787893947,0.375136275101691
0.0308711173971923,8.4958208841182,2087.06853426713,0.0418867315804381
0.0875916921013097,15.0812616012162,2058.25412706353,0.269775167857399
0.0738945612328742,37.2825466554623,2077.01350675338,0.281685507236928
0.0863465102023341,23.8139569614789,2064.70735367684,0.336186079801879
0.0820035419377459,115.486295464133,2086.7683841921,0.418116097548032
0.0990336197396679,59.0390584657472,2069.95997999,0.613286375411589
0.0888177280846018,413.802760522569,2096.82341170585,0.555343048236632
0.0984142202139577,24.2946863802066,2060.65532766383,0.438880224702765
0.084197404454661,33.6408487589469,2069.95997999,0.362385163707588
0.0859915258351278,64.6871773739437,2077.1635817909,0.439818881166321
0.081117758266075,33.7370345839219,2071.6108054027,0.333440121131271
0.0811601667755876,117.481699737071,2087.51875937969,0.40972786766136
0.0962870583340207,13.7252079548169,2054.65232616308,0.289465250680167
0.0643932325480801,7.26118409383141,2054.05202601301,0.0979236276581725
0.0683906585052645,6.78029147502497,2051.20060030015,0.0972865151697779
0.0931256649632698,11.2388430398205,2052.85142571286,0.232569361992425
0.0963847503840102,24.503672683284,2061.40570285143,0.423164785868674
0.0702607702253116,28.8342730190739,2075.51275637819,0.238638981564134
0.0964196682563204,31.6831057068923,2064.25712856428,0.475355048643216
0.0878968527126779,327.428527030847,2094.87243621811,0.534614674454585
0.0915320583455914,20.4114391290183,2060.80540270135,0.3495963561074
0.0924069353202436,61.2715584125027,2073.26163081541,0.519830465510476
0.0666691382658377,9.60558248895832,2058.85442721361,0.130215862766228
0.0965360572664949,22.4922202721046,2060.35517758879,0.406272086307343
0.0931772298983966,374.450763025516,2092.62131065533,0.631675501923388
0.0995901722363551,57.7058348295407,2069.50975487744,0.618116625876769
0.0654997137276191,14.8251092480606,2067.55877938969,0.164385842319369
0.0600411184634004,11.1112203084553,2065.15757878939,0.123242305823271
0.0948205569598423,22.3641504066718,2060.80540270135,0.392131715863747
0.0796648452599998,9.96880749546136,2054.8024012006,0.170652763258216
0.0943855664788661,24.6439946720961,2062.15607803902,0.406591553256441
0.0908971716751421,124.38541448795,2081.9659829915,0.551287600533121
0.0527411678466026,44.2489815380287,2099.37468734367,0.146014534480994
0.0842550064651544,8.69210656727557,2051.35067533767,0.159544745691682
0.0996478561610749,31.3233280612649,2063.05652826413,0.507210272490595
0.0789493138340061,21.0026088575404,2066.20810405203,0.267678637214178
0.0857865501199039,21.3045837548672,2063.50675337669,0.315421996884973
0.0878079382714768,12.0703719026488,2055.25262631316,0.2288206163799
0.0717166742901334,13.5693512957692,2062.75637818909,0.182977921458223
0.0819840466909034,21.3045837548672,2065.00750375188,0.290056990440421
0.0425037227646064,9.22920388965391,2074.012006003,0.0673827160417948
0.0632795743126885,22.1101941987733,2075.96298149075,0.180715165864732
0.094982226546682,30.8793457293841,2064.55727863932,0.453917598696635
0.076983667410556,25.8696442892044,2070.11005502751,0.275804087899216
0.0922010203566841,19.6116512059019,2060.20510255128,0.345251215800161
0.0572818139711968,14.9953894587395,2073.11155577789,0.132314441714786
0.0756744660432622,47.1175216931795,2079.26463231616,0.309041862667518
0.0942178958199362,10.5546162087257,2051.65082541271,0.22149554917044
0.0830844737078274,92.6943770911275,2083.31665832916,0.423107173784308
0.0870097653726201,19.3336722306986,2061.70585292646,0.309926712513048
0.0942851386480835,35.924114038768,2066.50825412706,0.472340547535096
0.0690077050796349,7.73190675055959,2053.75187593797,0.112815787005485
0.0931573767615233,24.3641496826557,2062.45622811406,0.393795034909411
0.0436967859566858,7.3866448483668,2065.90795397699,0.0610629998402323
0.090158445042901,37.4960477563908,2068.60930465233,0.435529441265708
0.0644992300469349,9.855606658283,2060.35517758879,0.126630671290886
0.0739829786202607,54.9718531182709,2082.56628314157,0.301624573632467
0.0923832543285193,19.1141286310009,2059.75487743872,0.341736570715907
0.0642608580686208,62.8663987579918,2092.62131065533,0.226400019001831
0.0798053895552128,9.71591156529397,2054.35217608804,0.167090206000213
0.0872062148443499,471.880061391145,2099.67483741871,0.525660119430018
0.0798592520167435,11.4657201812567,2056.90345172586,0.19241999283042
0.0870804655570091,8.568903128128,2050.45022511256,0.163051334856633
0.0972217809343924,315.498290749907,2088.26913456728,0.705745244444319
0.0810993658653935,48.620790909634,2076.26313156578,0.36605797661971
0.0451711210044531,19.9505067597871,2091.87093546773,0.0970646435201964
0.0774524322459853,11.5313794267009,2057.80390195098,0.184866819158107
0.0773362817969945,36.8591845336176,2074.7623811906,0.309459537739592
0.0757486717781119,206.767683167563,2099.22461230615,0.356935693348644
0.0954811730168938,15.0382642362532,2055.85292646323,0.308493744652083
0.0834571859768901,8.11644702799564,2050.45022511256,0.146852348695324
0.0485975476873148,13.764451032765,2078.8144072036,0.0978206173052582
0.0980815059035123,20.4697994612923,2058.85442721361,0.396125011944784
0.0949226950010808,14.0824620538428,2055.25262631316,0.290155716983762
0.064895925444181,57.377259952899,2090.52026013007,0.229186364353014
0.0974580059326321,42.0323785143101,2066.95847923962,0.538263098401104
0.0931170453583805,15.2980995404683,2056.75337668834,0.299969163246277
0.0782605166606231,154.969602038126,2093.2216108054,0.382588172596569
0.06496701161249,31.0561784540931,2080.46523261631,0.20782021893788
0.0989413695596123,14.8251092480606,2054.8024012006,0.321728465517593
0.0818998128094631,10.0545605771008,2054.20210105053,0.178343125454077
0.0459845295829738,7.28194525201041,2063.65682841421,0.0646732494253366
0.0827668709062402,25.7223434970713,2067.25862931466,0.317842881124288
0.0991623447313628,10.1991247557003,2050.15007503752,0.22576978051883
0.0754020421196968,8.89292719413504,2054.20210105053,0.143464154089667
0.0967812121953255,11.5313794267009,2052.25112556278,0.250162028811334
0.0512616545356797,5.81152921974877,2053.60180090045,0.0601229607019038
0.0751071961133707,17.4950701385557,2065.30765382691,0.225460667150642
0.0860042897097317,126.173824348065,2085.11755877939,0.477176497793432
0.0538581780496461,9.66058952631025,2065.90795397699,0.0964979955362851
0.070472302529857,29.5004540809269,2075.81290645323,0.240300729824125
0.0874224717135203,24.1563533398129,2064.4072036018,0.347263173549773
0.0750302502278312,44.2489815380287,2078.8144072036,0.299527139018637
0.069816981875101,37.9267248465054,2080.01500750375,0.250898471449378
0.0968436108321249,110.32935043938,2077.46373186593,0.646601793168775
0.063950012784452,15.9219753748201,2069.65982991496,0.163655640394721
0.092736836072215,101.852602486978,2078.8144072036,0.564894454016194
0.0860379868244312,10.9850467975752,2054.35217608804,0.205696900003205
0.0541420293700326,10.1121387187552,2066.8084042021,0.0999389231390034
0.0753533535472398,42.0323785143101,2077.76388194097,0.301799658057469
0.0838622813036798,9.91204547645997,2053.45172586293,0.180997004616675
0.0851743899919307,90.3428389832424,2081.66583291646,0.449687905783551
0.0818104640679853,34.6151774822854,2071.6108054027,0.341966671725784
0.0403269233839971,9.799489200637,2078.36418209105,0.0643573199677215
0.0713024910004067,12.8528610196152,2062.15607803902,0.174689470350674
0.0856377307900455,13.3008486998171,2057.2036018009,0.238003429899215
0.0918137471564721,42.8808809670361,2069.50975487744,0.469998035086063
0.0824844380583653,48.3439459350739,2075.51275637819,0.377616977066615
0.0885042344201477,33.8334954231509,2068.15907953977,0.403758228631537
0.0701258244144452,9.36190111388404,2057.05352676338,0.136616867124241
0.0750843817447245,12.7796773071451,2060.35517758879,0.189309485546824
0.0677800867375844,19.0596333781215,2070.56028014007,0.193823364848046
0.0824489587492534,19.9505067597871,2063.95697848924,0.283842048391044
0.0931531589089061,20.4114391290183,2060.35517758879,0.359419104109252
0.0967715361569397,63.9526218479422,2071.76088044022,0.588666654271777
0.0684606269136446,29.754221128626,2077.31365682841,0.227054439934808
0.0880863604990014,20.645883550101,2062.15607803902,0.327942575700187
0.0810149174591481,73.5557254265437,2081.66583291646,0.389197384691064
0.0876185400240451,9.66058952631025,2052.10105052526,0.186171886072032
0.0571320783727037,10.7063701726058,2066.05802901451,0.112196041927002
0.0971002624312123,18.6824922069355,2058.10405202601,0.367707227209672
0.0852480211202925,13.6470571313524,2057.65382691346,0.240935471540155
0.0709345191431853,29.5848017004904,2075.51275637819,0.244519742226807
0.0811540676419318,22.1734116070083,2065.90795397699,0.289624734210424
0.0591992983587734,9.57819653499228,2062.45622811406,0.110227770077545
0.0928215828269278,31.9556482303097,2065.75787893947,0.43756532062017
0.0951867012169989,350.651416845509,2090.67033516758,0.665186730688043
0.0814366738471922,16.9058163200043,2062.0060030015,0.255603123697184
0.0652020741829485,13.6860767606747,2066.20810405203,0.157146678141909
0.0662394446310495,88.3027114570839,2096.07303651826,0.249037862658181
0.070534918217779,15.8765810965279,2065.90795397699,0.193384958581158
0.0924640604862706,21.9842995755893,2061.40570285143,0.370375568424792
0.0945606411200249,14.4903277225333,2055.70285142571,0.295092909248489
0.0915539614937082,12.8162169263892,2054.95247623812,0.254875194772276
0.0953709490726861,99.8372011920941,2077.1635817909,0.611016414389159
0.049242746016692,6.81911928654524,2059.6048024012,0.0668998872555878
0.0975024211107541,14.5317584288789,2054.95247623812,0.309054738210103
0.068164983023353,25.8696442892044,2075.21260630315,0.217862203229873
0.0963555060155603,57.0505559693807,2070.71035517759,0.568092455845539
0.0865800185243455,19.2235870203035,2061.85592796398,0.304719047975863
0.0742071148950706,13.6860767606747,2061.85592796398,0.19371669165727
0.0980737611460934,23.1436549734047,2060.20510255128,0.424763112864443
0.0292603869518869,4.9246190440357,2061.85592796398,0.0272277800395413
0.0977812544343667,11.1429894799024,2051.65082541271,0.244614138935485
0.0913493140558559,30.0101711160967,2065.45772886443,0.416291087726463
0.0561836967748324,13.187408758242,2071.31065532766,0.121203655354812
0.041126393951224,12.3140350149142,2084.3671835918,0.0727088306938218
0.094317383665316,14.6149755559616,2055.85292646323,0.295488234574998
0.0952419692501344,12.4554731953392,2053.60180090045,0.26292842743151
0.0998682411286139,30.441656480749,2062.60630315158,0.504516904649201
0.0873178478215819,16.7138422487345,2059.75487743872,0.286248716424696
0.0527842453088995,12.6345576255084,2072.96148074037,0.107666906040524
0.0923130617656383,167.867046233813,2084.51725862931,0.586682353735086
0.0907213814702027,12.0359587215993,2054.35217608804,0.239015809188201
0.0993696645671368,24.998325308414,2060.65532766383,0.454072816243425
0.0874545413483695,11.3032030575075,2054.35217608804,0.215341771784965
0.0667918359474463,28.7520651910268,2077.91395697849,0.214798722750845
0.0587344070830286,7.24048212666168,2056.30315157579,0.0873501128435288
0.080124083057248,46.8492362776105,2076.4132066033,0.351880194317804
0.070517123148119,10.8603060505506,2059.45472736368,0.154699197514114
0.0999756457517138,33.8334954231509,2063.80690345173,0.525467553973816
0.0687329980449642,7.95584339636854,2054.35217608804,0.115534735378958
0.0965749484939759,200.374790595307,2083.91695847924,0.675427488188819
0.0648648628543965,28.5068453055109,2079.11455727864,0.202966284140995
0.089115901833397,15.2980995404683,2057.95397698849,0.279598170828401
0.0831717905728983,9.91204547645997,2053.60180090045,0.179376732988149
0.083005328179996,27.6254638593379,2068.00900450225,0.329677201347872
0.0921448447324734,18.5231534404957,2059.45472736368,0.333957211237816
0.0496132626636485,10.5546162087257,2071.16058029014,0.0903129950121574
0.0923384973886981,338.841079149215,2092.17108554277,0.609949503702778
0.078662825338463,71.6897104985443,2082.86643321661,0.362152376183115
0.0701328522489059,33.6408487589469,2078.06403201601,0.245469203195411
0.0474994826995431,7.77618405325504,2064.55727863932,0.0706829337254623
0.0939279914142986,32.6939448974803,2065.60780390195,0.45292189390059
0.0862714379717141,56.5639846323139,2075.36268134067,0.433854462176964
0.0866687515587967,37.7107714862486,2070.26013006503,0.398729948077312
0.0609138592492537,10.0545605771008,2062.60630315158,0.118288576587227
0.0837355143117647,8.52011211251241,2051.05052526263,0.155244502821954
0.0800242828060951,20.8830207840829,2065.60780390195,0.274117394989044
0.0302803680514943,6.11800374477568,2072.66133066533,0.0339447291997758
0.0680874209226327,8.18626584483316,2055.10255127564,0.117155325445882
0.0841757231162537,63.2264075704337,2077.91395697849,0.415821530537525
0.0533009827063832,29.1654615453982,2090.37018509255,0.139677429611451
0.0466523673475849,14.6567626550599,2082.41620810405,0.0936978323822526
0.0979483630539902,33.2588399535169,2064.25712856428,0.501737387289466
0.091361797826355,17.5450919963968,2059.00450225113,0.318934515292522
0.0981150730451228,30.1820264518266,2063.20660330165,0.482202878967923
0.0602926504473386,13.882854772999,2069.50975487744,0.139104227469977
0.0887917796713139,31.5927757268638,2067.10855427714,0.398783951079579
0.0623715082894161,25.6490079220847,2079.26463231616,0.183083977316764
0.0991764606992178,25.9436107071029,2061.10555277639,0.461383130577103
0.0845243841038186,30.6159827474815,2068.60930465233,0.355005671995996
0.0650443166819336,10.434763218138,2061.25562781391,0.133286687983826
0.0991992667880083,35.0127650896174,2064.4072036018,0.524492608772264
0.0992648101287119,50.6036082141855,2068.30915457729,0.591070029954526
0.0831297791828043,10.1410513187878,2054.05202601301,0.183071773776323
0.0976983601284737,18.5231534404957,2057.80390195098,0.370093380082696
0.0812783859658859,10.9224983497956,2055.70285142571,0.189540409161107
0.0926740948930716,17.4950701385557,2058.55427713857,0.325960157221775
0.0930474125635557,11.7977980246669,2053.45172586293,0.242832546889366
0.0908854102887059,55.9216720570698,2072.96148074037,0.489365682024732
0.0707502802663026,33.7370345839219,2077.61380690345,0.251211075048909
0.0718286920296903,8.20967199428533,2053.90195097549,0.125302323918898
0.0885876028367885,54.1926724549798,2073.71185592796,0.457082528982616
0.0707680283952481,10.1410513187878,2058.25412706353,0.147535904181069
0.0649128584313363,20.5283266572726,2073.56178089045,0.184860668517346
0.0855790162616962,51.7727434801041,2074.61230615308,0.419331319542271
0.0994803012436293,72.3063954530777,2071.91095547774,0.646563991224714
0.0848677605751015,316.400362620668,2096.82341170585,0.484772550592339
0.0897285583389352,241.235156269643,2090.07003501751,0.560309353369667
0.0569598462630406,10.7369817976251,2066.35817908954,0.111439096054531
0.0731893881009972,87.0510933765456,2089.61980990495,0.311088337601024
0.0647858216261692,30.7035198836307,2080.46523261631,0.205432115550961
0.0947583654464285,112.235651584573,2078.8144072036,0.605206206373143
0.0857991076570595,21.8591217917059,2063.80690345173,0.319803060117175
0.0915016501547257,80.8230477145972,2076.86343171586,0.529964163065645
0.0590638582229752,25.6490079220847,2082.11605802901,0.164636737632232
0.0971494569909372,12.1742029363666,2052.85142571286,0.264521369548688
0.0773055198124657,10.7984678719436,2056.90345172586,0.175018844548487
0.0612877932322899,53.4245360347261,2092.92146073037,0.201079945626235
0.0539691587192998,8.84229119754254,2063.65682841421,0.0915060832455394
0.0973338410624321,15.473812485928,2055.70285142571,0.32480091246501
0.0845305438693722,142.248489423373,2087.51875937969,0.460985408242089
0.0826200704033622,17.1488876537651,2061.85592796398,0.263395163721011
0.0526634968067056,5.31926478442073,2050.30015007504,0.0558357698943518
0.0693362701000214,9.82750787400195,2058.25412706353,0.139879739355689
0.0844358796817111,72.5131337059517,2079.41470735368,0.428700647190355
0.0671813374664426,38.1439148787253,2082.11605802901,0.231285808438598
0.0954803893310381,233.776590138525,2086.16808404202,0.660451626474636
0.0953759603023711,12.8896098855347,2054.05202601301,0.271609663386611
0.0961268218897504,55.9216720570698,2070.56028014007,0.563426963763069
0.051819781324772,14.1227265917572,2076.26313156578,0.109703367651528
0.0675517188362957,31.5927757268638,2078.8144072036,0.225337218911581
0.0997336613044324,21.0626594607242,2058.70435217609,0.414909663794516
0.0887417116932419,194.179555001232,2088.26913456728,0.537500898608451
0.0956267902647942,11.630573971469,2052.70135067534,0.247870388554471
0.0644094820826113,19.0052934936946,2072.51125562781,0.177550796006051
0.0890810908551834,54.3476199994081,2073.56178089045,0.461647455975358
0.0700811700938446,8.76687728828928,2055.70285142571,0.129169085578356
0.0932226397577406,151.903151805249,2082.86643321661,0.599294208409609
0.078571942863566,49.0390337791194,2077.91395697849,0.340279186612056
0.0795763929528544,27.5467024013616,2069.65982991496,0.301158686821227
0.0922278251260284,146.368385151623,2083.01650825413,0.581060002727065
0.0846823099695769,47.6587103877338,2074.16208104052,0.399708417170815
0.086399275555733,10.4945186167053,2053.60180090045,0.198641488195652
0.0927843222280026,83.1638987870644,2076.56328164082,0.54965843533076
0.096858927509114,10.2575307541953,2050.75037518759,0.222051360079063
0.0954732248981379,67.3252022246303,2072.96148074037,0.571798043733284
0.0912042333996663,30.1820264518266,2065.60780390195,0.41515618673863
0.0504822932316297,6.62717851743746,2057.95397698849,0.0672679469308463
0.0968946466941373,27.0788269126679,2062.30615307654,0.449739998224586
0.0377770237021473,5.50466825898689,2059.75487743872,0.0403693598300968
0.0865220592002071,14.4903277225333,2058.10405202601,0.257020628809468
0.0592844896691448,18.8970780596111,2076.11305652826,0.152697658743348
0.0986585304346115,21.6726902673049,2059.30465232616,0.414235039855831
0.0440972529143601,6.18827472552621,2059.75487743872,0.0537977883083165
0.0906463657325829,42.1525573787623,2069.80990495248,0.454457631835432
0.0945646149381783,55.2866532650874,2071.16058029014,0.537860590127568
0.096048847652949,19.3889510147338,2058.85442721361,0.368725687648055
0.0711798028813894,8.44744599608106,2054.65232616308,0.127477303776508
0.0832468796011276,15.429695940481,2060.05502751376,0.251480262155428
0.0791406038216099,25.4302533128258,2068.75937968984,0.290084522459435
0.0958441645820252,12.0016436540992,2053.00150075038,0.255942931529304
0.093237062376959,52.5171304752045,2071.16058029014,0.514077296870268
0.0810633753318614,33.1640174832526,2071.31065532766,0.333007275263914
0.0915985103613817,30.3548659291099,2065.60780390195,0.418020550525291
0.0973361441933736,111.915662620741,2077.46373186593,0.651737394407047
0.0891023212234811,13.764451032765,2056.60330165083,0.259673794515562
0.0852706758412658,148.049562608282,2087.51875937969,0.471958646174625
0.0961800616543847,30.1820264518266,2063.80690345173,0.463368514645357
0.0862597079521683,30.0101711160967,2067.55877938969,0.368742503814926
0.024062832702495,6.60828412909486,2088.56928464232,0.0270133274783172
0.030521428523627,6.85816944823335,2077.91395697849,0.0369304862453401
0.0705549150631747,41.4366042277854,2080.91545772886,0.259523574463897
0.0319640171875358,4.65128984963839,2055.85292646323,0.0282508394928518
0.0548063804078167,11.5974146743887,2069.50975487744,0.109644757272802
0.0748017455012321,18.7359091387849,2066.50825412706,0.230421703573313
0.0893962404165975,9.71591156529397,2051.65082541271,0.191829379638218
0.0782197137738394,61.7986249601431,2081.2156078039,0.349720295881807
0.0961858244494641,105.10217666729,2077.31365682841,0.629105542127918
0.0779894499575755,55.2866532650874,2079.86493246623,0.34176399642329
0.0961859066828653,12.0359587215993,2053.00150075038,0.258106052483183
0.0884679954463988,20.2952171540013,2061.85592796398,0.326401377297374
0.0892499875475538,289.599732364216,2092.47123561781,0.556077525034143
0.0980639238709387,10.3162712187099,2050.60030015007,0.226013222469558
0.0808839850602274,60.9226804384381,2079.41470735368,0.375561101039276
0.0923349718290619,27.942768084714,2064.25712856428,0.413470978114851
0.0724505824200833,41.5550796559879,2079.5647823912,0.275758007803388
0.0748161235714523,9.36190111388404,2055.25262631316,0.148820343700362
0.0759343820270564,16.4299608245213,2063.95697848924,0.222666524355459
0.0772773330081453,16.7138422487345,2063.65682841421,0.23129866476657
0.0950778898309216,52.9688902046567,2070.41020510255,0.54167720240066
0.0866505736150139,19.499983193564,2062.0060030015,0.307580636925977
0.0412778897538084,4.78600361187276,2051.35067533767,0.0381524122426739
0.082430428165766,8.568903128128,2051.50075037519,0.153463152972221
0.0698948341630194,36.336736003613,2079.41470735368,0.247909422695287
0.0976356335529624,23.8139569614789,2060.65532766383,0.427768108604904
0.0655436599657198,8.4958208841182,2056.90345172586,0.11553750454144
0.0480032233340556,14.1227265917572,2080.01500750375,0.0968624178421651
0.078249175503487,10.9850467975752,2056.75337668834,0.180599903399277
0.096223389695583,231.78276227645,2085.71785892946,0.670231826932841
0.0970178011943045,22.4280939258186,2060.20510255128,0.408628171856266
0.0777294406412377,14.325782742612,2061.10555277639,0.214812188099598
0.0673671713435239,24.5737335188131,2074.91245622811,0.209829083030665
0.0853764879754228,22.8808470979844,2064.55727863932,0.32358040757707
0.0865627885253892,334.993367790803,2096.22311155578,0.509999737916092
0.0935175282091938,33.4492990176817,2065.90795397699,0.455572098374409
0.0982542399731746,31.8645412191112,2063.65682841421,0.496575839925931
0.0983072617541466,23.2761887260476,2060.20510255128,0.427930504405784
0.0958910932317933,10.6454084991609,2051.50075037519,0.227882667687144
0.0675784626940791,26.7713331750551,2076.26313156578,0.215169216308462
0.0514917143609446,7.36558518686128,2060.50525262631,0.0751990647512749
0.0897145979904578,10.1410513187878,2052.25112556278,0.201063128133657
0.093653920873945,16.5712936542063,2057.65382691346,0.319576466344239
0.0894225951910263,9.63304674477083,2051.65082541271,0.190060607237103
0.0491148084162871,7.28194525201041,2061.55577788894,0.070260031642268
0.0933085656231608,24.7851202245534,2062.60630315158,0.398283368404425
0.0295273514757686,6.95677600844822,2080.31515757879,0.0357178946300908
0.0759042754231121,22.6857015086642,2068.75937968984,0.256449330955579
0.0700438675814095,10.4945186167053,2059.15457728864,0.148748881123899
0.0784448334400901,8.30396773628634,2052.10105052526,0.140586147313219
0.0740240263990895,7.57891218295399,2051.65082541271,0.119674328355184
0.0886390036816608,9.25559200477995,2051.20060030015,0.180691676608697
0.0674696423837061,33.5449371641478,2079.86493246623,0.227340370453094
0.0934210159143479,10.3457674738415,2051.65082541271,0.215042949009889
0.0920085414097207,371.257156839999,2093.37168584292,0.607078446229211
0.0763679232834556,7.97859072257112,2051.95097548774,0.130850757424159
0.0962021522295255,14.4903277225333,2055.25262631316,0.302604182042164
0.0371250541118648,13.6860767606747,2093.67183591796,0.0644579630842741
0.0874870158353731,334.038286413928,2095.47273636818,0.525384267922957
0.0528349499039586,6.97666680384205,2058.25412706353,0.0743542288133437
0.056815999840727,14.7828421851443,2073.26163081541,0.129391321047944
0.0476735296827214,7.15826280015886,2062.0060030015,0.0667548481521253
0.0803057714112664,8.20967199428533,2051.35067533767,0.142435160073083
0.0889423041940935,20.3532451847145,2061.70585292646,0.330817891585526
0.0875531930772668,17.3954538600703,2060.20510255128,0.294468428451498
0.0659873414982757,12.706910300011,2064.4072036018,0.154304973921031
0.0641909553653048,6.20596822410324,2050.45022511256,0.0821996815693885
0.0999611287738992,15.5180551692839,2055.10255127564,0.33808208035596
0.075431883228426,20.4114391290183,2067.40870435218,0.24355797861021
0.0794582031208364,37.4960477563908,2073.86193096548,0.32854644951358
0.0847009084180278,13.187408758242,2057.35367683842,0.232814924978134
0.0935270319401786,10.7984678719436,2052.25112556278,0.224767630215451
0.0870289207566548,68.2932020177604,2077.1635817909,0.459537526308424
0.0943624842689411,18.3128136904702,2058.55427713857,0.346854853495879
0.0865041188473406,11.8653589370175,2055.40270135068,0.220949267130482
0.0616721848105886,6.20596822410324,2051.35067533767,0.0789178516670224
0.0720167864895215,10.5847939392166,2058.40420210105,0.156348587521316
0.0868004415544642,16.3831182565332,2059.6048024012,0.280149989926585
0.0756382047295509,25.5029634252175,2070.56028014007,0.265846362730553
0.0740870972406132,19.0052934936946,2066.95847923962,0.22907969165938
0.0896480969857387,11.7641619641806,2054.35217608804,0.23070041346053
0.0946652778380167,15.473812485928,2056.45322661331,0.310655599320667
0.062784848100415,34.9129420987608,2084.21710855428,0.19875160044845
0.044453052239876,23.8820457636572,2097.42371185593,0.0978885794458082
0.0857753382639241,34.9129420987608,2069.65982991496,0.383048798306083
0.0958537372524442,13.764451032765,2054.65232616308,0.289548685127505
0.0843815775398147,9.22920388965391,2052.25112556278,0.170183247728586
0.0854512323098095,30.6159827474815,2068.30915457729,0.361116232614086
0.0867706512268814,10.7676809473209,2053.90195097549,0.204203122711363
0.0419396298219681,5.22891808613936,2054.8024012006,0.042965423997318
0.0994825865744621,49.0390337791194,2067.85892946473,0.590657342705585
0.0855582170998878,19.0596333781215,2062.15607803902,0.296360997367899
0.0994201872675983,16.9541533849002,2056.30315157579,0.358137826306742
0.0925907894814855,20.4697994612923,2060.50525262631,0.357569840172727
0.0977768885025066,14.4078203355768,2054.8024012006,0.30871571057656
0.0553942920737012,6.89744323339303,2056.60330165083,0.0779684333353266
0.0700506900840445,7.97859072257112,2053.90195097549,0.118427739028317
0.0960853165689308,56.8879022311707,2070.86043021511,0.561278231151293
0.0979749470756632,11.7977980246669,2052.25112556278,0.259407316131429
0.0940085988105219,9.99731028324292,2051.05052526263,0.208996652572825
0.0777684470193146,15.473812485928,2062.30615307654,0.224544992735925
0.0752575261444334,21.7346567654668,2068.45922961481,0.248217732753115
0.0955931527071328,109.076505017221,2078.06403201601,0.618518695241724
0.0990746536819874,114.501338871824,2076.86343171586,0.685688824768953
0.0684076710602238,6.72246389678934,2051.05052526263,0.0962337609519292
0.0442766876030648,8.86757305293207,2071.16058029014,0.0697251096918209
0.0892488244032725,50.1720214418779,2072.51125562781,0.457051908605238
0.0984226248881416,24.2946863802066,2060.65532766383,0.438541033972228
0.0824227685808571,10.7676809473209,2055.10255127564,0.191029198346973
0.0825119735217028,19.667724786681,2063.65682841421,0.283749929522015
0.0835353424147461,27.863101977913,2067.85892946473,0.335286450557057
0.0758745434660053,48.620790909634,2079.5647823912,0.312862473391317
0.0701413791773832,62.6871637866222,2087.36868434217,0.273076133055251
0.0902594223222978,38.3623486647966,2068.90945472736,0.437312073480105
0.0808067146920813,9.52365864026758,2053.75187593797,0.166833954084595
0.0594584899017624,10.2575307541953,2063.80690345173,0.115623396069676
0.0947918608578193,13.2629273732738,2054.50225112556,0.276226017236811
0.0980936409064094,21.3654977638714,2059.30465232616,0.406460648885527
0.0915446832656356,56.8879022311707,2072.81140570285,0.501290801278671
0.0845046405409522,23.3427399427226,2065.15757878939,0.319828106581687
0.0746150770718413,82.9267947169638,2087.81890945473,0.323638221165615
0.083007888569132,19.499983193564,2063.35667833917,0.285379471083022
0.0999205105839624,34.3199524331307,2063.95697848924,0.528708443567992
0.0979040303253741,10.0258945661192,2050.30015007504,0.218980661969045
0.0543298615815908,35.7195634699457,2093.2216108054,0.149777684221997
0.0738544022369429,8.18626584483316,2053.15157578789,0.129326419861842
0.0951784018638501,43.0034858674363,2068.15907953977,0.511144749309954
0.0949010475053212,39.4734246208958,2067.25862931466,0.496467706387163
0.0852897148925528,19.1141286310009,2062.30615307654,0.294966057764912
0.0844015878748721,25.2854543965652,2066.20810405203,0.330627984652691
0.0891318625235692,9.41551269286413,2051.35067533767,0.185119501120341
0.0906583755837476,57.8708271984527,2073.41170585293,0.491671701796571
0.0849463197452373,18.7894788001833,2062.15607803902,0.291425420490827
0.098648382850491,96.7504107799844,2075.36268134067,0.660443163591944
0.0807379752803683,11.6971772636284,2056.90345172586,0.198599466940545
0.0999287933421184,21.9216213343848,2059.00450225113,0.428434613201486
0.0474636808592663,8.47159891112452,2067.10855427714,0.0746914805834434
0.0748162428512973,11.630573971469,2059.00450225113,0.176337266134003
0.0657061523712755,12.9264638237135,2064.85742871436,0.154641721652088
0.042615617080903,22.4922202721046,2098.7743871936,0.0901752232898015
0.0858340920921238,9.36190111388404,2052.10105052526,0.176181090182123
0.0885007532311958,16.7138422487345,2059.30465232616,0.293079990493131
0.0835489486425405,17.6455651880953,2061.85592796398,0.273389693076334
0.064802387061848,6.79967766631192,2052.4012006003,0.0921232962654533
0.0930252719980334,52.6672873144766,2071.31065532766,0.510520033187623
0.0846560967042698,12.5268003303755,2056.60330165083,0.224442541471987
0.0587018309470721,6.51461715374576,2053.60180090045,0.0788510083456214
0.0899967665576038,49.6022928326398,2071.91095547774,0.468314736819258
0.0954262775421551,48.4821708162483,2069.35967983992,0.532127129508519
0.0668793062802301,18.7359091387849,2070.71035517759,0.188743540701461
0.0521232608611324,13.6081487487738,2075.21260630315,0.108966257727394
0.0842135868648562,15.0382642362532,2059.30465232616,0.252890361785422
0.0965792219753701,12.7432418640226,2053.60180090045,0.272755318494248
0.0980079246833099,93.4917471366253,2075.21260630315,0.650520704566048
0.0939742605503852,13.882854772999,2055.25262631316,0.283055300380288
0.0820859807614268,8.66732497484296,2051.80090045023,0.154552677893243
0.0896164330713506,79.9052612422669,2077.61380690345,0.505811329583712
0.0872245636428435,13.9623559080866,2057.35367683842,0.254000693852672
0.0830071262712154,104.802525565939,2084.81740870435,0.429407917449231
0.0652493768454619,86.062584304422,2096.67333666833,0.240362242595484
0.0996159057923837,13.7252079548169,2053.75187593797,0.303854486240558
0.0539175441956336,18.4176832939376,2080.16508254127,0.128310841680707
0.0854476984171654,16.3831182565332,2060.05502751376,0.273103213997742
0.0833802809602312,28.7520651910268,2068.30915457729,0.338398340971654
0.0799302831866629,10.1410513187878,2054.95247623812,0.17426919056121
0.0993980287743337,36.9645722156489,2064.85742871436,0.540152308340163
0.0738917107267411,30.1820264518266,2074.012006003,0.266637814923959
0.0947394737624751,86.8029067373029,2075.96298149075,0.589092311752016
0.0832682568955648,31.4128876372471,2069.50975487744,0.347273406572146
0.0816594264951687,49.7441155759049,2076.26313156578,0.373049717225489
0.0856219344220384,8.91835382783087,2051.35067533767,0.167189502684982
0.0956740070965702,14.4903277225333,2055.40270135068,0.300398381883798
0.0864413095883864,17.9504501619638,2060.95547773887,0.293527497135796
0.0603526103858284,9.855606658283,2062.45622811406,0.115199296051088
0.076139515028319,11.4657201812567,2058.25412706353,0.179319504447965
0.0447035541354592,9.3886686365594,2072.3611805903,0.0728958951093657
0.0924285128225748,14.2849392823464,2056.15307653827,0.281511140837437
0.0752750647534348,11.2709771098404,2058.25412706353,0.17420552317268
0.0475519627416041,23.543537468897,2092.77138569285,0.109243656931751
0.0970703506713057,76.1195171573592,2073.56178089045,0.609092956295042
0.0997787854750398,120.195972554956,2077.01350675338,0.704091700611218
0.0772443788365894,20.1796569425861,2066.35817908954,0.253447547681074
0.0925799492595352,69.0776131565211,2074.46223111556,0.536448263591873
0.0978619632680837,110.961159151409,2077.1635817909,0.657951483025026
0.0855756077006156,86.8029067373029,2080.91545772886,0.45375744594492
0.0966670596127821,117.146754050587,2078.21410705353,0.646262459314572
0.0822397384948611,45.530550085835,2074.91245622811,0.369687074276721
0.0821633627018987,196.409888348655,2093.07153576788,0.440180613663289
0.0557786990951493,8.13965355167307,2060.65532766383,0.0902604665717641
0.0682814204368088,32.0470157344315,2078.51425712856,0.23098509705596
0.0877160139518143,19.3336722306986,2061.55577788894,0.312375221916469
0.0906821120651301,9.30859479724011,2050.75037518759,0.186229752926274
0.0724259544351563,16.9058163200043,2066.05802901451,0.20820340852452
0.0862870264903592,9.41551269286413,2051.95097548774,0.178601437990849
0.0645697078057868,17.6960173409803,2071.16058029014,0.173464881485902
0.0879022761530212,16.1509010721782,2059.15457728864,0.28270688618998
0.0841680106366577,23.9503292451569,2065.60780390195,0.32152411684529
0.0648998895509311,26.0177886095861,2077.61380690345,0.197997881314513
0.081228582257494,52.3674017399325,2077.1635817909,0.372135540214675
0.0869860229794777,37.9267248465054,2070.26013006503,0.400610189948855
0.0923346592896937,27.1562506222958,2063.95697848924,0.40793624392254
0.0771435307693255,58.8707354161872,2081.36568284142,0.334414687995685
0.0311963798671241,5.86152081000249,2069.35967983992,0.0340798439954381
0.0762048616455488,135.509053633421,2093.2216108054,0.353353931006266
0.0986643471512476,76.5554208756709,2072.81140570285,0.6420095305534
0.0485690415714156,28.5068453055109,2095.6228114057,0.117967752692726
0.0812042369831463,90.0852674270771,2084.06703351676,0.402272395911203
0.0763745732962518,169.311062133088,2095.92296148074,0.363029786881058
0.079495626876374,156.302672311703,2092.32116058029,0.398677061103091
0.0660871190638257,10.3457674738415,2060.50525262631,0.136075122178647
0.0775445060878246,8.64261403586111,2053.00150075038,0.144532719137524
0.0807516054072207,10.0258945661192,2054.50225112556,0.174402341952473
0.0822503386304581,10.1700465856493,2054.35217608804,0.181221264332534
0.0824535892589912,10.6758458227262,2054.95247623812,0.189511913413313
0.0935951573495991,44.1228256726414,2069.05952976488,0.49600810538616
0.0516857077371558,25.8696442892044,2089.61980990495,0.129763289657994
0.0838416191095167,12.59853592522,2057.05352676338,0.221171334382491
0.0848867212110155,17.3458586273837,2061.10555277639,0.278658043239842
0.0996995940976395,106.613332696677,2075.81290645323,0.692742630989983
0.0730338645497251,143.063085308626,2096.67333666833,0.321443752044498
0.0996266641016152,31.9556482303097,2063.20660330165,0.512615636466662
0.0870071564420067,17.3954538600703,2060.35517758879,0.29156520941789
0.092534486105254,149.750049956473,2083.16658329165,0.583705270524264
0.0698850628270499,11.5974146743887,2060.95547773887,0.159185521478713
0.0782388219850365,14.2849392823464,2060.80540270135,0.216994977835179
0.0895504448235056,39.9268137290769,2069.65982991496,0.435543522702993
0.0634573042294436,12.3492432709593,2065.30765382691,0.142464822919434
0.0510552817858875,9.96880749546136,2068.60930465233,0.091264556092969
0.0993655145078988,114.501338871824,2076.71335667834,0.69196798347079
0.0681286052739253,33.2588399535169,2079.26463231616,0.231246996836416
0.0862069168237145,13.9225485943088,2057.65382691346,0.248646092176695
0.0989381161241934,30.5286951837017,2063.05652826413,0.493196052131076
0.0860628237072578,169.311062133088,2088.56928464232,0.487743737287164
0.09229379841811,11.4657201812567,2053.30165082541,0.234339963787656
0.0993534152823056,71.8946855274423,2071.91095547774,0.643529792822165
0.0926584099441501,15.8765810965279,2057.35367683842,0.305479366124587
0.06752419298268,17.0512425254688,2068.75937968984,0.184713298496136
0.0998783492410909,423.363173653855,2089.76988494247,0.765076075357413
0.0946545948906408,80.8230477145972,2075.21260630315,0.582405518730213
0.0986453297645934,14.0022770388297,2054.20210105053,0.305514255734436
0.0823245123698038,10.0545605771008,2054.05202601301,0.179298855409459
0.0967780994925391,11.7977980246669,2052.55127563782,0.255578280956637
0.0757877265414806,7.55730435850465,2051.20060030015,0.122372135525232
0.0931308250266561,9.99731028324292,2051.20060030015,0.207086305322618
0.0682450795028772,44.5023764136696,2083.76688344172,0.244597309553645
0.0869462255212034,10.1700465856493,2053.00150075038,0.194438826984055
0.0908478212881967,13.3008486998171,2055.70285142571,0.259540870674529
0.072717267671495,13.8432741205849,2062.75637818909,0.188301726615856
0.0803991632505616,10.6454084991609,2055.55277638819,0.182936927389292
0.0598245030599364,48.8992212562289,2092.92146073037,0.189283182245734
0.0620537329115192,6.93694192261966,2053.90195097549,0.0895570534884716
0.0827050254769873,8.25668525293528,2050.90045022511,0.147951716479896
0.0916222824379021,133.207458191346,2082.26613306653,0.568713589119215
0.0813652175438696,19.3336722306986,2063.95697848924,0.273242806025366
0.0587172828186347,22.1734116070083,2079.71485742871,0.156707036017295
0.0621745572832799,10.8913578086212,2063.50675337669,0.128509815735432
0.0903475058829537,13.415264467696,2055.85292646323,0.260265225240473
0.0927912730323769,13.5306644560734,2055.25262631316,0.272391786247965
0.0928790692779036,10.4050132320787,2051.80090045023,0.214674930007618
0.0997398063356041,35.112873494103,2064.25712856428,0.531071874675467
0.0963292173508157,23.8820457636572,2061.10555277639,0.41791335553912
0.0867092811104807,15.562424351202,2059.00450225113,0.270862168607727
0.0845149354788291,18.9511085347577,2062.45622811406,0.289449226933506
0.0559357021064516,6.76096055465395,2055.85292646323,0.0772253809837336
0.0893582056999093,29.8392943182548,2066.20810405203,0.395692904847152
0.0959509337070881,16.6186742527891,2057.05352676338,0.333142053444689
0.0972851893956711,10.6758458227262,2051.20060030015,0.232189227898414
0.0915629239931414,48.620790909634,2071.01050525263,0.484006856562661
0.0945639968401266,57.2136747667249,2071.46073036518,0.545049994156327
0.0576868582799304,51.7727434801041,2096.22311155578,0.17764535908484
0.0921776266766527,55.7622368184033,2072.3611805903,0.504910590404885
0.056764439843231,34.2221046827699,2089.61980990495,0.162433049562272
0.0735810328308314,12.0703719026488,2060.05502751376,0.176650833415458
0.0967460020820856,12.5268003303755,2053.30165082541,0.269397912776072
0.0542858330319473,12.5626169244427,2071.6108054027,0.11248916534019
0.0549758131089844,5.48897419860979,2050.30015007504,0.0605212898341279
0.0319795883411267,7.62231335159879,2080.46523261631,0.0415742796302228
0.0728008210144449,43.7465120343619,2080.16508254127,0.279959460637214
0.0988202835384911,89.0623037782329,2074.31215607804,0.661560904019277
0.0793487077548445,49.0390337791194,2077.46373186593,0.347321092534706
0.0447928300009391,15.0812616012162,2085.26763381691,0.0887730836053167
0.0984685630654482,10.1991247557003,2050.30015007504,0.224224569231741
0.0879359786801126,23.4094814424587,2063.80690345173,0.346626609540542
0.0998929060411038,16.3364092388438,2055.70285142571,0.351539678516484
0.0836162604943757,186.570955625928,2091.42071035518,0.456766204249977
0.0932984175781992,17.2964047929685,2058.25412706353,0.326719137130431
0.0821827193890063,11.2388430398205,2055.85292646323,0.196994491813944
0.093959498604575,31.50270328173,2065.15757878939,0.447380357251413
0.0826770522916285,10.6150579537939,2054.8024012006,0.18968343771508
0.097771904156161,12.6345576255084,2053.15157578789,0.275917333096
0.0610429579885466,31.5927757268638,2084.06703351676,0.183878774356725
0.0793521589834246,39.0251839747185,2074.46223111556,0.33049140337521
0.0944090630777237,26.8478776994092,2063.05652826413,0.424855256662684
0.0644686778222159,38.6923469738653,2084.51725862931,0.213285663117562
0.0894228901731449,77.4347313061845,2077.46373186593,0.496779740970617
0.084794517952661,14.0423123119632,2058.25412706353,0.243771176007036
0.065283749173731,93.2251978996342,2097.87393696848,0.242404696814855
0.0889198785476823,105.10217666729,2081.2156078039,0.510630109870565
0.0694439881742226,13.0376590803266,2063.20660330165,0.169207441586084
0.0656000562973075,22.1101941987733,2074.46223111556,0.192049763895598
0.0949990788882221,16.1509010721782,2056.90345172586,0.321738117602914
0.0709271234436547,33.1640174832526,2077.31365682841,0.250463251688571
0.0913385227175044,78.9978966982431,2076.71335667834,0.52489350116489
0.0683508637989964,10.1410513187878,2059.15457728864,0.140392798577129
0.0897116771301278,77.2139613539863,2077.1635817909,0.504865227727187
0.0744759654894191,32.6007329687962,2074.7623811906,0.276770087997669
0.0929557901081895,12.1742029363666,2053.90195097549,0.249645107821835
0.062860067519259,11.7641619641806,2064.70735367684,0.136374774832768
0.0823269578882916,73.3460146971022,2080.76538269135,0.405455232910984
0.0991280958595384,60.7489870966869,2070.26013006503,0.617069295872449
0.0622127800227959,6.45905545193381,2052.10105052526,0.0833557148564555
0.0622054701832455,20.9427294613663,2075.81290645323,0.172052722846833
0.0589936402465,5.84480934671973,2050.75037518759,0.0701678912741017
0.0957102990591859,29.8392943182548,2063.80690345173,0.457080472606456
0.0955728880992354,18.8970780596111,2058.70435217609,0.360054606583304
0.0947161470148564,19.278551048999,2059.15457728864,0.359045032616998
0.0909066093384738,10.434763218138,2052.4012006003,0.209961269766269
0.0802725956912501,18.5761147913694,2063.80690345173,0.262031656931102
0.082762873836646,12.8162169263892,2057.65382691346,0.219684283409643
0.0962153683220086,20.704914205238,2059.45472736368,0.386410077518417
0.0664210259953725,6.45905545193381,2050.75037518759,0.0890726833882528
0.0954001982494381,22.1101941987733,2060.50525262631,0.394230461801086
0.0970349063066713,10.6150579537939,2051.20060030015,0.23057025520521
0.0889962386345459,21.5492867752298,2062.45622811406,0.339691631822704
0.0984947712210828,52.0692237026929,2068.90945472736,0.584275878923812
0.0835951592795051,9.77155040978826,2053.30165082541,0.178395526788538
0.0815635892091473,35.112873494103,2071.91095547774,0.341366567724953
0.0995328967164187,14.0022770388297,2054.05202601301,0.308269340574429
0.0940870606180336,54.3476199994081,2071.16058029014,0.529923935094692
0.0598701668624977,10.6150579537939,2064.25712856428,0.119532465528847
0.0552547802859889,9.04658165894228,2063.50675337669,0.0961084378289673
0.0890003387848287,67.133255001128,2075.96298149075,0.482594559705072
0.0916607515365941,64.3188509925868,2074.16208104052,0.51427067956375
0.0669543086858129,6.38570961945854,2050.30015007504,0.0887355576574604
0.0711248437658332,11.5643499159773,2060.35517758879,0.163258314296994
0.0772441400030319,39.6994719371337,2075.81290645323,0.314669789175362
0.0798550598724435,8.18626584483316,2051.50075037519,0.141210983261265
0.0616677487778852,24.0874824742187,2078.8144072036,0.175449495597341
0.0861543603830941,19.3336722306986,2062.0060030015,0.304541371775608
0.0983696177044515,11.0479534333989,2051.35067533767,0.243608440398055
0.0905814440711186,77.4347313061845,2076.86343171586,0.512888970551898
0.0650855416923879,8.23314506653754,2056.45322661331,0.111390734691821
0.0528475328590177,6.24150713351353,2055.10255127564,0.0668385681908727
0.0859858067472641,13.1498108541483,2056.90345172586,0.237512599106689
0.0832098435119382,8.544472794322,2051.35067533767,0.154842100931316
0.0946532837472679,151.903151805249,2082.11605802901,0.621987297944711
0.0989111511570988,13.3770169365778,2053.60180090045,0.294303653498285
0.0975445267285331,16.5240481398719,2056.45322661331,0.341425326840841
0.0965369919257283,66.5606905958823,2072.3611805903,0.58724618079824
0.098652340456746,12.7796773071451,2053.15157578789,0.281247416300109
0.0728224307730313,76.5554208756709,2088.11905952976,0.30338571927652
0.0824773622147871,15.8765810965279,2060.80540270135,0.251617568923496
0.0932994488765467,18.4176832939376,2059.00450225113,0.340283661978344
0.0750913361632442,8.23314506653754,2053.00150075038,0.132381458062582
0.0887222860449483,13.4920879143229,2056.45322661331,0.253754634251712
0.0797524869762853,22.8156127588853,2066.95847923962,0.282859468617933
0.0927195620546971,82.9267947169638,2076.56328164082,0.548452122707908
0.088060013214063,28.2637168451449,2066.05802901451,0.376524278250717
0.0690557169423199,49.1792460536021,2084.51725862931,0.256502053492908
0.0598451872812797,59.2078627841211,2096.22311155578,0.193623517785577
0.0892044001106012,59.0390584657472,2074.46223111556,0.471131384863026
0.0914064493718003,11.1748494856797,2053.15157578789,0.225526507279569
0.0879848277532095,29.2488513551982,2066.50825412706,0.380631539419378
0.0804860650056605,16.6186742527891,2062.15607803902,0.248337630585168
0.0768746701134545,32.5077867915739,2073.41170585293,0.294201226323129
0.0875829917452999,10.1700465856493,2052.85142571286,0.195848625052176
0.0768425827567806,59.7171771322352,2081.66583291646,0.334196636492039
0.0904810640184666,63.4071843461906,2074.61230615308,0.49562979547565
0.0594609675049981,10.2282860659776,2063.80690345173,0.115343608556992
0.0999541630186829,10.4050132320787,2050.30015007504,0.23286917460222
0.0975242197552477,25.2854543965652,2061.40570285143,0.439329348160504
0.0618059016862995,19.499983193564,2074.91245622811,0.165534812043394
0.027322850264075,4.07882582302107,2050.75037518759,0.0204434141737205
0.0947501053252672,44.75722237272,2068.75937968984,0.5119831892267
0.0984340309970069,10.5245245163215,2050.75037518759,0.231992733287655
0.0636332850315676,7.84307588021287,2056.00300150075,0.103789875818723
0.0890263205754868,233.776590138525,2090.22011005503,0.546242342785791
0.0853500128337694,15.2544839606464,2059.15457728864,0.26057109589516
0.0976828519042065,20.704914205238,2059.00450225113,0.397746473271151
0.0747425905680507,7.24048212666168,2050.60030015007,0.115089573593826
0.0842994626259424,11.1429894799024,2055.10255127564,0.202406140309271
0.0771287694327613,21.183276247579,2067.10855427714,0.257894121065906
0.0957324901957919,434.382914095119,2092.62131065533,0.678026480387468
0.0947895925961971,14.4490151370219,2055.55277638819,0.295851559441849
0.0853935715977918,15.6069203933666,2059.45472736368,0.264143721349772
0.0953118771228288,23.543537468897,2061.25562781391,0.406743916561034
0.0873511447415319,9.96880749546136,2052.55127563782,0.191618462343713
0.0530564133985256,10.1700465856493,2067.70885442721,0.0973348840655154
0.0592279843769882,26.3918716150519,2082.41620810405,0.167195636275591
0.0822470428576593,21.5492867752298,2065.00750375188,0.294046924918158
0.0749393107295002,7.19925509080609,2050.45022511256,0.114612178551597
0.090415127578591,15.7861804344338,2057.95397698849,0.292792635294208
0.0880151744642377,21.9216213343848,2062.90645322661,0.337466282625413
0.0805495130169177,19.9505067597871,2064.70735367684,0.272514224968269
0.071827549671953,9.36190111388404,2056.30315157579,0.141160601736229
0.0944139753517656,16.7138422487345,2057.50375187594,0.32653781245143
0.0867651953129305,37.8185940234217,2070.26013006503,0.399816803555079
0.0619874643199313,51.6251370261205,2091.5707853927,0.205610663204319
0.0758461695281576,9.66058952631025,2055.55277638819,0.155664081449894
0.0798200450888208,32.6939448974803,2071.76088044022,0.321232149542608
0.097355733506972,63.9526218479422,2071.46073036518,0.599241887459394
0.0875367610713328,19.7239586928926,2061.85592796398,0.314765889021485
0.0789990963522725,26.7713331750551,2069.50975487744,0.294633728510157
0.0822247385868362,35.2132681282715,2071.6108054027,0.347348341404741
0.0935575211732749,40.2702697862705,2068.00900450225,0.484070281082484
0.0777870878925577,28.1831356987834,2070.86043021511,0.290293139796925
0.0631720997678292,8.35152098607252,2057.50375187594,0.108458902880163
0.0995418588678743,19.8936269546997,2058.10405202601,0.400002314033672
0.0980537030676523,27.5467024013616,2062.15607803902,0.46343645932261
0.0660866724248014,6.42227783049206,2050.75037518759,0.0881003205542265
0.0415635651826873,6.76096055465395,2064.70735367684,0.0538321260119548
0.091616110168946,11.6971772636284,2053.75187593797,0.236310513244485
0.0969853908099788,13.6860767606747,2054.35217608804,0.292111222978448
0.0993832039973432,13.8432741205849,2053.90195097549,0.305050725452714
0.0967700312125238,20.1221238198718,2059.00450225113,0.383544969772881
0.0979944137523378,10.1121387187552,2050.30015007504,0.221165161219793
0.0997173955316658,15.2109927308327,2054.95247623812,0.331956829471223
0.0942833032977955,21.4878487753682,2060.50525262631,0.379931682806585
0.0693664805630898,8.544472794322,2055.55277638819,0.12481314244698
0.0897596893265966,9.94038597042831,2051.95097548774,0.197186143735639
0.0884252029593448,11.2709771098404,2054.05202601301,0.218359290608098
0.0894936201507313,46.0535109309268,2071.31065532766,0.453171450720408
0.0530448560785956,9.04658165894228,2064.85742871436,0.0907429242396122
0.0963532364541461,25.3577505002821,2061.85592796398,0.428889065833288
0.0840836717653485,8.35152098607252,2050.75037518759,0.152458214171597
0.0705569661177327,14.2849392823464,2064.25712856428,0.182772694062762
0.0653210608982144,7.73190675055959,2055.10255127564,0.10566139016268
0.0761318228404256,10.0833085498645,2056.15307653827,0.162284571644028
0.0882993541469262,25.9436107071029,2065.00750375188,0.363960486598591
0.0933567311636521,15.2544839606464,2056.75337668834,0.29969659537668
0.0910220525924519,30.6159827474815,2065.90795397699,0.414285597197996
0.0997312571267285,36.5448208539483,2064.70735367684,0.538285855739122
0.0975971682362865,141.035284108921,2079.71485742871,0.675129578972195
0.0457463858968104,6.93694192261966,2062.30615307654,0.0619161836586751
0.0910458811212819,19.3889510147338,2060.35517758879,0.336136292755463
0.0984967944266892,11.2388430398205,2051.50075037519,0.248865258576989
0.0848763051052262,11.8315302572874,2055.70285142571,0.214946045192986
0.0741795410323494,17.7466137465261,2065.90795397699,0.222106729983605
0.0970211820448368,23.8820457636572,2060.95547773887,0.422262762472888
0.0645937282409639,11.6971772636284,2063.65682841421,0.141775661278182
0.0941697052360326,106.613332696677,2078.51425712856,0.593905137322674
0.0881288817992537,12.4554731953392,2055.55277638819,0.23577022117527
0.0907799728528161,39.9268137290769,2069.05952976488,0.45082319961397
0.0881730566266254,38.5820333271623,2069.80990495248,0.417969133885225
0.0964378572364116,75.0405858042455,2073.56178089045,0.604412472460723
0.0356511492916971,8.9950707595437,2081.66583291646,0.05211120511397
0.0492298830798883,5.36502184689064,2051.95097548774,0.0525124184687757
0.0946271050323935,19.3336722306986,2059.15457728864,0.359715942227436
0.0787470196353908,12.0359587215993,2058.10405202601,0.194935488395569
0.0915628921559386,14.2442122686495,2056.30315157579,0.277462624220226
0.0924878319526032,56.7257122261899,2072.3611805903,0.512876921436695
0.0797995319510265,19.8936269546997,2065.00750375188,0.267456938306038
0.0825157126655098,143.472130900266,2089.01950975488,0.434172381282138
0.0820286670244157,17.7466137465261,2062.45622811406,0.265931325509223
0.0921505140466546,78.9978966982431,2076.26313156578,0.538893985504302
0.0912818817167846,135.509053633421,2082.71635817909,0.561105534300257
0.0930692871482741,13.2629273732738,2054.95247623812,0.26914817072928
0.0823006950793647,22.3641504066718,2065.60780390195,0.297388401578601
0.0912586296108807,11.1112203084553,2053.15157578789,0.224299337807412
0.0869997020840473,17.4451908953138,2060.35517758879,0.292123005162029
0.07435968441688,9.3886686365594,2055.55277638819,0.148102011720476
0.0934267598440748,17.7466137465261,2058.55427713857,0.33353763784562
0.0858960956416686,10.434763218138,2053.60180090045,0.195864797419631
0.050977299182937,5.39574501828239,2051.35067533767,0.0548120735662428
0.0889097047416245,119.853288352819,2082.71635817909,0.517803309148439
0.0998201718728863,35.4149193615458,2064.25712856428,0.53666143690942
0.0986395697144559,10.4050132320787,2050.60030015007,0.229597431831802
0.0899818696816058,55.2866532650874,2073.26163081541,0.476416671915177
0.0564401264140699,19.1141286310009,2078.66433216608,0.140468084321803
0.0916500724726138,8.9950707595437,2050.15007503752,0.181470601076455
0.0948119936387593,13.2251141621628,2054.50225112556,0.274791779621207
0.0893397316759066,70.4720744328873,2076.4132066033,0.488699149293818
0.0575115096974462,14.203601369527,2071.91095547774,0.129842604072653
0.0934384804829323,11.2709771098404,2052.70135067534,0.234274052522726
0.0983652771115873,23.209827249928,2060.20510255128,0.426805285364469
0.0891440359910471,12.2789271392136,2055.10255127564,0.23718898260396
0.0944234445925217,9.3886686365594,2050.15007503752,0.196265663563206
0.0847408571975089,122.972955368921,2085.56778389195,0.460794354636654
0.0961187592647514,154.527776631657,2081.51575787894,0.648735674919533
0.0562863236274314,11.5974146743887,2068.45922961481,0.114124657473766
0.0551967170319119,12.6345576255084,2071.01050525263,0.115842852165345
0.0440543179060151,17.1488876537651,2089.61980990495,0.0895178698386337
0.062733231073627,11.7641619641806,2064.70735367684,0.136417401110507
0.0506936546935185,7.15826280015886,2060.05502751376,0.0721162610918349
0.0554201501172286,49.7441155759049,2098.17408704352,0.16327339749043
0.0769010729883519,20.3532451847145,2066.65832916458,0.252120388563787
0.0976832070611431,66.7510007447654,2071.91095547774,0.604343451302867
0.0814124607463968,24.4338115943938,2067.10855427714,0.302982852724835
0.0315632150141859,5.41117251803595,2064.70735367684,0.0323460038574207
0.0510078189133299,5.56789450947679,2052.4012006003,0.0568966736960891
0.0680578791424191,62.6871637866222,2089.1695847924,0.254703068388666
0.0960713218496438,25.6490079220847,2062.0060030015,0.430288537494255
0.0694473529927024,12.0359587215993,2061.85592796398,0.161285959871204
0.0974284658465516,16.9058163200043,2056.75337668834,0.345994135358425
0.0901563469587128,52.8178734817829,2072.66133066533,0.47364974170188
0.0967554566825761,12.5626169244427,2053.30165082541,0.27060656996133
0.0891515800731317,17.3954538600703,2059.6048024012,0.303861894363925
0.097940845400266,32.6939448974803,2064.10705352676,0.49699406136572
0.0998620250868079,154.969602038126,2079.5647823912,0.72461912329327
0.0941285813856366,58.2022285223133,2071.91095547774,0.53821265149481
0.0923739581957976,126.173824348065,2081.36568284142,0.572619092442207
0.0776774435367562,19.667724786681,2065.75787893947,0.253660923485558
0.0922359227227844,14.8251092480606,2056.60330165083,0.289334166690997
0.0837702655371711,32.4151056081438,2069.65982991496,0.355063543411546
0.0821587180279553,15.9219753748201,2060.95547773887,0.25073532743367
0.080626120574056,12.7432418640226,2058.25412706353,0.210846506261763
0.0996173984163985,78.9978966982431,2072.81140570285,0.657321809722472
0.090979633192135,12.8162169263892,2055.10255127564,0.253101967471469
0.0860933303604545,20.1221238198718,2062.60630315158,0.309161485741278
0.0964524166047304,19.1687796965618,2058.55427713857,0.369537342288528
0.0519175343753886,10.5847939392166,2069.50975487744,0.0963106227222491
0.0919833229951595,10.2868590587476,2051.95097548774,0.210204474519344
0.092447839220211,21.8591217917059,2061.40570285143,0.368036298679907
0.0979814014130233,16.4769373246547,2056.30315157579,0.342778737323374
0.099160439793966,18.3651736384921,2057.2036018009,0.377850146743091
0.0923561737965374,54.6588454317786,2072.06103051526,0.504766932366501
0.0901003665110302,16.6661903218529,2058.85442721361,0.300460717149023
0.0863292071240097,19.4443878517207,2062.0060030015,0.306383287207841
0.0581523661770133,53.5772873255519,2096.3731865933,0.180606490706904
0.0934492905992945,22.6210235385445,2061.40570285143,0.383598110900382
0.0620325417336681,6.87777830801342,2053.75187593797,0.0886873501027545
0.0988999822043066,23.0776713570612,2059.90495247624,0.432051671206135
0.089984773009351,11.7977980246669,2054.20210105053,0.232626145429736
0.0655956042954631,17.1979197075697,2070.11005502751,0.17601211048701
0.0938585972089583,57.2136747667249,2071.91095547774,0.529585923526079
0.0809572430739192,16.4769373246547,2061.85592796398,0.249268487222477
0.0756618984148546,31.9556482303097,2073.86193096548,0.283275071171265
0.0998041888901789,41.3184665784345,2065.90795397699,0.565915785957332
0.0924839559066141,18.5231534404957,2059.30465232616,0.33644053634703
0.0993265910106875,13.2629273732738,2053.45172586293,0.294158355696109
0.0919093548602366,38.0351648369497,2068.00900450225,0.457557022743645
0.0679376102815923,20.3532451847145,2071.46073036518,0.200558936351047
0.0879835448253357,10.1410513187878,2052.70135067534,0.196470366187168
0.0875155039758496,19.0596333781215,2061.40570285143,0.309856398206829
0.0837081661959007,14.3667429823903,2058.85442721361,0.243038114748754
0.0910259557686039,69.0776131565211,2075.36268134067,0.508907389769493
0.0829514498569151,19.3889510147338,2063.35667833917,0.283015148719685
0.0660150197237529,7.19925509080609,2053.30165082541,0.0996326161426987
0.085605099366795,11.8653589370175,2055.55277638819,0.217955748764395
0.0677758216697245,109.701139222652,2097.87393696848,0.265799066191141
0.0964503752201361,33.5449371641478,2064.85742871436,0.487407145529448
0.0763452348396101,10.6758458227262,2057.05352676338,0.170401715684542
0.0616287315656869,10.7984678719436,2063.65682841421,0.126107240939223
0.080491545631313,8.94385316128989,2052.70135067534,0.156441879838831
0.0958911617877876,53.7304753624608,2070.26013006503,0.553243473437923
0.0951434205500183,47.6587103877338,2069.2096048024,0.528712194446088
0.0850137350180224,25.0698004534085,2065.90795397699,0.332803804149967
0.0764716975772726,11.8992843396184,2058.70435217609,0.185480218301405
0.0916454707178119,21.9842995755893,2061.70585292646,0.363899135348389
0.096056401088948,12.59853592522,2053.60180090045,0.268731466917578
0.0866217989696022,34.4180799495182,2069.2096048024,0.387087319316052
0.0937104179507469,74.6133075004729,2074.91245622811,0.554841316337394
0.0933549753671144,17.1979197075697,2058.10405202601,0.327148345288475
0.089243777349272,72.7204630642864,2076.71335667834,0.494021238199093
0.0482019214343385,14.5317584288789,2080.46523261631,0.098545442484426
0.0475452917829268,6.70329784548246,2060.05502751376,0.0631544094083474
0.0880063744253467,15.562424351202,2058.55427713857,0.277499761283281
0.0983970432607009,18.3128136904702,2057.50375187594,0.370949200229715
0.0825275535590519,70.4720744328873,2080.16508254127,0.405017056832431
0.0943350385807042,96.1995175404884,2077.31365682841,0.589287374380282
0.094264658820936,47.7949760452604,2069.65982991496,0.516057903797872
0.0957466994634096,14.1227265917572,2055.10255127564,0.29425151226105
0.0820668358849334,14.7828421851443,2059.90495247624,0.239445748267578
0.07240941415238,7.21983918174495,2051.20060030015,0.110770300547864
0.0973052100539159,12.0359587215993,2052.70135067534,0.261902629894068
0.0301201305035586,8.04722368011515,2086.16808404202,0.0394862879303442
0.0942480398668072,47.1175216931795,2069.50975487744,0.513816251207874
0.092777177577937,17.8482409665669,2058.85442721361,0.330041045754303
0.0854865148184228,8.66732497484296,2050.90045022511,0.161736919387998
0.0776167685030635,33.5449371641478,2073.41170585293,0.303116562913882
0.0883821202167991,14.0022770388297,2057.05352676338,0.259762180229774
0.092590546666485,29.5848017004904,2064.85742871436,0.424909510110553
0.0978137911953837,52.8178734817829,2069.35967983992,0.575326314149897
0.0941124497632675,20.0647547267154,2059.75487743872,0.364446675699059
0.0869701306839887,15.1676254964996,2058.55427713857,0.267304509827947
0.0597689100976195,5.81152921974877,2050.30015007504,0.0706298674335037
0.0989262287564599,119.170848187939,2077.31365682841,0.688318258691978
0.0907544336241401,13.0004881193975,2055.40270135068,0.254476808207584
0.0785279230640225,112.235651584573,2088.86943471736,0.376012451385893
0.0556672154387462,5.55202018817461,2050.45022511256,0.0620744460118608
0.099542743253742,29.6693904865425,2062.45622811406,0.494973410324779
0.0883197228721577,147.206573906801,2085.41770885443,0.518779171556914
0.081323437924023,8.91835382783087,2052.55127563782,0.157726481954688
0.0694488275919259,11.7641619641806,2061.40570285143,0.159030428374483
0.0788078716000418,61.7986249601431,2080.91545772886,0.353924499915567
0.0726323698782529,75.6860954586023,2088.11905952976,0.301037947713496
0.0968035593884034,14.0423123119632,2054.65232616308,0.298520511237778
0.0765496507975459,7.26118409383141,2050.15007503752,0.118139554209975
0.0711341056744276,39.2486644096668,2079.71485742871,0.261156867760597
0.080579064047016,8.18626584483316,2051.20060030015,0.142812839978691
0.095462297887114,39.1367646765702,2066.95847923962,0.50121061393792
0.0785903113668955,12.5268003303755,2058.70435217609,0.200277865052668
0.0893534660070268,9.94038597042831,2052.10105052526,0.19625463411548
0.0847574109253498,10.7984678719436,2054.50225112556,0.198237093039427
0.0791435456001428,7.75401379770222,2050.75037518759,0.132049067912436
0.0956030617812515,20.8830207840829,2059.75487743872,0.384030939492511
0.0908611425822792,57.5413128614008,2073.26163081541,0.493462581475855
0.0982491007939438,47.1175216931795,2067.85892946473,0.568577981461837
0.0753993953302178,29.2488513551982,2072.66133066533,0.275611030798837
0.0974191876203988,16.1509010721782,2056.30315157579,0.334330186903382
0.0896639783753662,13.6860767606747,2056.30315157579,0.261192096868848
0.0763031535320374,7.28194525201041,2050.30015007504,0.118234258692127
0.0760473268498227,109.388376269211,2090.37018509255,0.349123168739017
0.0894744864765129,42.0323785143101,2070.26013006503,0.442138541224949
0.0285974630284901,7.51427334864795,2085.71785892946,0.0357962507826475
0.0897547245813567,35.6177253646565,2068.15907953977,0.424849401169607
0.0765215807387983,61.9753194236718,2082.41620810405,0.332132024163797
0.0965594218983715,14.6149755559616,2055.25262631316,0.306067232886668
0.0573101620344121,27.5467024013616,2084.96748374187,0.158731456027214
0.0771636588867924,12.3492432709593,2059.00450225113,0.193128066426705
0.0991411846320398,24.714456715881,2060.65532766383,0.448282228104288
0.096147638529024,11.5643499159773,2052.4012006003,0.24869794512183
0.0543813535562375,6.57065680511724,2055.70285142571,0.0728519602088341
0.0847171873740355,180.802510295653,2090.22011005503,0.472528042587061
0.0819006544230608,103.317036233619,2085.41770885443,0.413559181546838
0.0990999438729324,17.3954538600703,2056.60330165083,0.36349733193521
0.0473153060682337,9.88378578253307,2071.46073036518,0.0813311046556156
0.0939713503666396,41.2006657449125,2068.15907953977,0.490379397783005
0.0524284239092294,13.6081487487738,2074.91245622811,0.110181595488684
0.08449574250071,33.6408487589469,2069.80990495248,0.365605761814447
0.0729796618316346,8.544472794322,2054.35217608804,0.132759522709151
0.0971331412755619,371.257156839999,2090.07003501751,0.70461397861982
0.0532870962904022,6.34934962645816,2055.40270135068,0.0686440655943735
0.0993224876671085,29.3324795929199,2062.45622811406,0.489537760135144
0.0948714807738523,66.7510007447654,2073.11155577789,0.562689634101257
0.086088196962454,145.534969012033,2086.7683841921,0.483186994231731
0.0861157976954984,32.0470157344315,2068.45922961481,0.374945683807207
0.0793961131038733,10.5245245163215,2055.70285142571,0.178179527577965
0.0761917430683433,9.46943128228642,2055.10255127564,0.15375876862659
0.0194719557489003,4.35566311243889,2066.05802901451,0.0155203855049765
0.0995226441140754,100.408925880461,2075.21260630315,0.687536518423804
0.0913093875277252,127.259189299189,2081.9659829915,0.560068983265429
0.0980957078748298,15.7411733137127,2055.70285142571,0.332665052656358
0.0506233792611776,13.415264467696,2076.26313156578,0.103317824411529
0.0952404852022015,56.8879022311707,2071.16058029014,0.551408920264393
0.0570678595084586,8.9950707595437,2062.30615307654,0.100034521868329
0.0723572886775866,21.5492867752298,2069.80990495248,0.230284584754189
0.0973821948387973,370.198685745876,2089.76988494247,0.717475390218037
0.0942731660816865,103.612440027837,2078.21410705353,0.590810061521289
0.0805872531425297,10.6758458227262,2055.55277638819,0.184054613520331
0.0872977321909634,17.6455651880953,2060.50525262631,0.295046165761607
0.0726749243007537,47.6587103877338,2081.36568284142,0.285186343548524
0.098807123928996,22.3641504066718,2059.6048024012,0.422746716824886
0.0655722208495893,9.28205556873432,2058.70435217609,0.124035894517999
0.0866850979578714,27.0016239415688,2066.05802901451,0.358248151395095
0.0959473788445907,340.781476196303,2089.91995997999,0.677710748715886
0.0837228841809606,317.305013692914,2097.72386193097,0.469605263559722
0.0967708406830254,17.4950701385557,2057.35367683842,0.350479800560264
0.0934601715895917,17.3954538600703,2058.25412706353,0.329597984575041
0.066760866148183,19.0596333781215,2071.16058029014,0.188784507389924
0.0862289701861852,10.1700465856493,2053.15157578789,0.19246712234259
0.0713971023233073,13.074936320368,2062.30615307654,0.177660904012974
0.0579014969546417,23.8139569614789,2081.66583291646,0.156401111010032
0.0629575266328483,17.3954538600703,2071.91095547774,0.164825876594818
0.0905797984952041,170.280633726436,2085.71785892946,0.558248216623949
0.0808166636814635,14.2849392823464,2059.90495247624,0.228281560361345
0.0576821661758999,11.7977980246669,2067.85892946473,0.119875990438274
0.0700427340370279,9.88378578253307,2057.95397698849,0.14268899219921
0.0999887465067134,58.8707354161872,2069.50975487744,0.629413359734236
0.0768274030147484,8.8170814218763,2053.60180090045,0.145826427947739
0.0931488026506435,22.7505644058635,2061.55577788894,0.38254825722286
