0.129661812111386,5.9277031020464,2053.48069613923,0.175
0.106369106036426,14.1440990055278,2067.28345669134,0.175
0.133504110025923,5.6282734253157,2052.40048009602,0.175
0.125745620368512,6.35186780125658,2054.80096019204,0.175
0.100050860444719,40.1145247025537,2080.30606121224,0.175
0.12230543937725,6.84569756904508,2056.18123624725,0.175
0.105573286462031,15.3317876813171,2068.36367273455,0.175
0.129685579598348,5.9277031020464,2053.48069613923,0.175
0.11606320900791,8.23109717377527,2059.30186037207,0.175
0.134825494219481,5.56381506816292,2052.04040808162,0.175
0.120885920654177,7.08639265188016,2056.78135627125,0.175
0.109362847862406,11.4295469118117,2064.28285657131,0.175
0.124178498457112,6.57519980375318,2055.46109221844,0.175
0.111604940512212,9.95403124201917,2062.2424484897,0.175
0.105531491136394,15.4203434629857,2068.42368473695,0.175
0.130216761582186,5.89366155277994,2053.36067213443,0.175
0.13446357682249,5.56381506816292,2052.10042008402,0.175
0.0996425730354082,47.4065028618884,2082.22644528906,0.175
0.125420071675929,6.38855593116599,2054.92098419684,0.175
0.129924068695437,5.9277031020464,2053.42068413683,0.175
0.135849142658124,5.50009492671021,2051.80036007201,0.175
0.13294086127557,5.66078210355879,2052.52050410082,0.175
0.12824459764124,6.06584691482126,2053.96079215843,0.175
0.129893293728505,5.9277031020464,2053.42068413683,0.175
0.109969425377489,10.9148811093176,2063.62272454491,0.175
0.115584995708987,8.32645674178507,2059.54190838168,0.175
0.143983454482431,5.13280987242209,2050.0600120024,0.175
0.142755919067488,5.16245677334822,2050.2400480096,0.175
0.116035504007497,8.23109717377527,2059.30186037207,0.175
0.109532223153768,11.2337631385307,2064.04280856171,0.175
0.108172665483297,12.3181438842284,2065.36307261452,0.175
0.105689502350722,15.3317876813171,2068.36367273455,0.175
0.135666420832555,5.50009492671021,2051.86037207441,0.175
0.113385927452322,9.13019893034057,2060.98219643929,0.175
0.108302098599118,12.1071387841942,2065.12302460492,0.175
0.114359479444766,8.76943242226474,2060.32206441288,0.175
0.110883383846841,10.3040154985797,2062.7825565113,0.175
0.135537292382869,5.50009492671021,2051.86037207441,0.175
0.128611901687174,6.03101203476082,2053.84076815363,0.175
0.115228192563915,8.47157152646274,2059.78195639128,0.175
0.124486092694293,6.49989667874954,2055.28105621124,0.175
0.125625663465867,6.35186780125658,2054.86097219444,0.175
0.114265428984723,8.76943242226474,2060.32206441288,0.175
0.126960991912187,6.20721013866976,2054.38087617524,0.175
0.100898169094678,32.7912429540095,2077.90558111622,0.175
0.136077198877081,5.4685090410485,2051.74034806961,0.175
0.135671867304604,5.50009492671021,2051.86037207441,0.175
0.12694923029834,6.20721013866976,2054.38087617524,0.175
0.135295868877271,5.53186325116201,2051.92038407682,0.175
0.136837539047354,5.43710454646936,2051.56031206241,0.175
0.143709717502839,5.13280987242209,2050.0600120024,0.175
0.114198009783808,8.82008430703416,2060.44208841768,0.175
0.117939751337869,7.68144139281058,2058.22164432887,0.175
0.126190719615054,6.27912240806387,2054.62092418484,0.175
0.132121754958076,5.72636385099737,2052.76055211042,0.175
0.142007108070701,5.19227491356753,2050.4200840168,0.175
0.121350781995491,7.00523504030693,2056.60132026405,0.175
0.106145866037939,14.4737241117876,2067.58351670334,0.175
0.116560312854343,8.0436418748083,2058.94178835767,0.175
0.113072145065204,9.28932145903777,2061.22224444889,0.175
0.141454019049248,5.22226528215118,2050.5401080216,0.175
0.10516579463388,15.9625235417481,2068.90378075615,0.175
0.119355221609666,7.37792042799738,2057.50150030006,0.175
0.0989335917766839,65.4497442690774,2085.88717743549,0.175
0.109963349432388,10.9148811093176,2063.62272454491,0.175
0.108934535670608,11.6959099805258,2064.58291658332,0.175
0.114407612979678,8.76943242226474,2060.32206441288,0.175
0.141763507795304,5.19227491356753,2050.4200840168,0.175
0.110569709986222,10.5441483060703,2063.14262852571,0.175
0.134184271780386,5.59595143755845,2052.22044408882,0.175
0.109453766245192,11.2337631385307,2064.04280856171,0.175
0.128460361192068,6.06584691482126,2053.90078015603,0.175
0.143915762764472,5.13280987242209,2050.0600120024,0.175
0.113170824400161,9.18293458777804,2061.04220844169,0.175
0.101158438451666,30.0773188333397,2076.88537707541,0.175
0.125411811033362,6.38855593116599,2054.92098419684,0.175
0.113841436537323,8.97380210978585,2060.68213642729,0.175
0.126320185754822,6.27912240806387,2054.62092418484,0.175
0.142455557876584,5.16245677334822,2050.300060012,0.175
0.13879470173408,5.34396902219665,2051.14022804561,0.175
0.116743308620927,7.99744893524145,2058.88177635527,0.175
0.141811626196549,5.19227491356753,2050.4200840168,0.175
0.119102284864138,7.46339570425412,2057.68153630726,0.175
0.131206967519129,5.7927053813632,2053.00060012002,0.175
0.0995670158321123,49.3567634573345,2082.70654130826,0.175
0.142347629547163,5.19227491356753,2050.3600720144,0.175
0.099146823242058,59.3453497036433,2084.80696139228,0.175
0.130819285055674,5.82616381189231,2053.12062412483,0.175
0.13602790276519,5.4685090410485,2051.74034806961,0.175
0.12164898408696,6.92500689429393,2056.42128425685,0.175
0.141971226441526,5.19227491356753,2050.4200840168,0.175
0.142815980673843,5.16245677334822,2050.2400480096,0.175
0.142328794172126,5.19227491356753,2050.3600720144,0.175
0.11065034712236,10.483595485213,2063.0226045209,0.175
0.13816021737947,5.37483556977805,2051.26025205041,0.175
0.113591486716695,9.0777661226663,2060.86217243449,0.175
0.137835771699943,5.37483556977805,2051.32026405281,0.175
0.127641705832074,6.13612145164168,2054.14082816563,0.175
0.108245091946833,12.3181438842284,2065.36307261452,0.175
0.139033071974224,5.31327973469088,2051.02020404081,0.175
0.120287275234473,7.16849049713269,2057.02140428086,0.175
0.132621375982029,5.69347855060436,2052.64052810562,0.175
0.102728133783396,22.165260329156,2073.16463292659,0.175
0.118054510809815,7.68144139281058,2058.16163232647,0.175
0.100786553706562,32.4156980061919,2077.78555711142,0.175
0.13908358864615,5.31327973469088,2051.02020404081,0.175
0.107001768729202,13.4296295187868,2066.56331266253,0.175
0.10740764691343,12.9734812430331,2066.08321664333,0.175
0.127221656385378,6.17156343941625,2054.26085217043,0.175
0.126878727412326,6.20721013866976,2054.38087617524,0.175
0.103749449817667,19.1929428791772,2071.30426085217,0.175
0.128150254488255,6.10088299973121,2054.02080416083,0.175
0.121306862331977,7.00523504030693,2056.60132026405,0.175
0.11613419218084,8.23109717377527,2059.30186037207,0.175
0.140632806898867,5.25242887388322,2050.72014402881,0.175
0.0994983844172833,50.2169608166211,2082.88657731546,0.175
0.142139131750522,5.19227491356753,2050.4200840168,0.175
0.106210866519268,14.4737241117876,2067.58351670334,0.175
0.106717478188314,13.9821123150444,2067.10342068414,0.175
0.109889235891614,10.9779250183872,2063.68273654731,0.175
0.128699912755757,6.03101203476082,2053.78075615123,0.175
0.133112782153089,5.66078210355879,2052.52050410082,0.175
0.128934313734593,5.99637720407285,2053.72074414883,0.175
0.109746391878463,11.0413330665098,2063.80276055211,0.175
0.126089255122221,6.31539036354282,2054.68093618724,0.175
0.109449908949163,11.2337631385307,2064.04280856171,0.175
0.121776197060842,6.92500689429393,2056.42128425685,0.175
0.119866654503865,7.25153946893524,2057.20144028806,0.175
0.103893990087921,18.7558421173328,2071.00420084017,0.175
0.111692660104115,9.89686733905512,2062.1824364873,0.175
0.143414528145011,5.13280987242209,2050.1200240048,0.175
0.127830855034821,6.13612145164168,2054.14082816563,0.175
0.110780280982178,10.483595485213,2063.0226045209,0.175
0.111259587143343,10.1860077436388,2062.6025205041,0.175
0.118668281847243,7.50650397409388,2057.80156031206,0.175
0.142171400108907,5.19227491356753,2050.4200840168,0.175
0.142445770899471,5.16245677334822,2050.300060012,0.175
0.108582466432964,11.96848058178,2064.94298859772,0.175
0.109291661592831,11.4295469118117,2064.28285657131,0.175
0.123065277744549,6.72843338428345,2055.88117623525,0.175
0.113753190758361,8.97380210978585,2060.68213642729,0.175
0.127094806057162,6.20721013866976,2054.38087617524,0.175
0.119788359800282,7.293424065782,2057.32146429286,0.175
0.137669021771453,5.37483556977805,2051.32026405281,0.175
0.121141351434146,7.04569699279812,2056.66133226645,0.175
0.116535175386924,8.0436418748083,2058.94178835767,0.175
0.110675716516961,10.483595485213,2063.0226045209,0.175
0.118836541913166,7.50650397409388,2057.80156031206,0.175
0.116249323905781,8.13682972063414,2059.12182436487,0.175
0.10797584036121,12.5328264140034,2065.60312062413,0.175
0.135992632399461,5.4685090410485,2051.74034806961,0.175
0.116796150832695,7.99744893524145,2058.82176435287,0.175
0.12589035259081,6.35186780125658,2054.80096019204,0.175
0.139133462909986,5.31327973469088,2051.02020404081,0.175
0.12878750920301,6.03101203476082,2053.78075615123,0.175
0.137871147763789,5.37483556977805,2051.32026405281,0.175
0.102572179055967,22.6818168300982,2073.40468093619,0.175
0.134922460713792,5.53186325116201,2051.98039607922,0.175
0.140673269631325,5.25242887388322,2050.72014402881,0.175
0.104651238585925,17.1047431975172,2069.80396079216,0.175
0.10443267776885,17.4028473254854,2070.04400880176,0.175
0.120486608967327,7.16849049713269,2056.96139227846,0.175
0.104966796759801,16.3345266305675,2069.20384076815,0.175
0.140670939718026,5.25242887388322,2050.72014402881,0.175
0.132902748031132,5.69347855060436,2052.58051610322,0.175
0.117306521510312,7.86045568946845,2058.58171634327,0.175
0.123205982990505,6.68979340981204,2055.76115223045,0.175
0.106320495782487,14.3906045654914,2067.52350470094,0.175
0.113377949027174,9.13019893034057,2060.98219643929,0.175
0.130171990932238,5.89366155277994,2053.36067213443,0.175
0.101612351667784,26.9597187780626,2075.5651130226,0.175
0.102914276190318,21.5360764034637,2072.74454890978,0.175
0.134948090294146,5.53186325116201,2051.98039607922,0.175
0.132097124341823,5.72636385099737,2052.76055211042,0.175
0.11239283042121,9.56071220046713,2061.64232846569,0.175
0.102398341324017,23.3444739588916,2073.76475295059,0.175
0.119514964930419,7.33555058635551,2057.44148829766,0.175
0.136985946053338,5.43710454646936,2051.56031206241,0.175
0.104452591902467,17.4028473254854,2070.04400880176,0.175
0.125344977544549,6.38855593116599,2054.92098419684,0.175
0.1223886968638,6.84569756904508,2056.18123624725,0.175
0.101568940584321,27.2720546771616,2075.68513702741,0.175
0.123013411693845,6.72843338428345,2055.88117623525,0.175
0.12520146993403,6.42545597022062,2055.04100820164,0.175
0.11315795130817,9.18293458777804,2061.04220844169,0.175
0.116914013316298,7.95152127198837,2058.76175235047,0.175
0.126875812503785,6.20721013866976,2054.38087617524,0.175
0.104646449932362,17.1047431975172,2069.80396079216,0.175
0.119449302561895,7.37792042799738,2057.50150030006,0.175
0.129372094426314,5.96194127391598,2053.60072014403,0.175
0.110575986416144,10.5441483060703,2063.14262852571,0.175
0.109868881983878,10.9779250183872,2063.74274854971,0.175
0.104835176322589,16.7151991692849,2069.50390078016,0.175
0.111984663026812,9.78352248861393,2062.0024004801,0.175
0.132308997584286,5.72636385099737,2052.70054010802,0.175
0.1378890031582,5.37483556977805,2051.32026405281,0.175
0.120639612210208,7.12732336743282,2056.90138027606,0.175
0.12114577019582,7.04569699279812,2056.66133226645,0.175
0.141583932099325,5.22226528215118,2050.5401080216,0.175
0.126884616410579,6.20721013866976,2054.38087617524,0.175
0.126218939929095,6.27912240806387,2054.62092418484,0.175
0.142375567373388,5.16245677334822,2050.300060012,0.175
0.100566179789329,35.5447437536229,2078.86577315463,0.175
0.123099732906618,6.72843338428345,2055.88117623525,0.175
0.140983951463821,5.22226528215118,2050.600120024,0.175
0.108154353739136,12.3181438842284,2065.36307261452,0.175
0.127045915408208,6.20721013866976,2054.38087617524,0.175
0.110659173075152,10.483595485213,2063.0226045209,0.175
0.140549194073777,5.25242887388322,2050.72014402881,0.175
0.131754031986798,5.75943909554708,2052.88057611522,0.175
0.119925493016585,7.25153946893524,2057.20144028806,0.175
0.128694150161651,6.03101203476082,2053.78075615123,0.175
0.116166409036433,8.18382771794484,2059.24184836967,0.175
0.14385523704328,5.13280987242209,2050.0600120024,0.175
0.111967026036181,9.78352248861393,2062.0024004801,0.175
0.101261737723533,28.8888574021513,2076.40528105621,0.175
0.10416948893166,18.0147323432395,2070.52410482096,0.175
0.0997152793762835,46.3268654843505,2081.98639727946,0.175
0.109065600486228,11.5619614165913,2064.46289257852,0.175
0.12536022723424,6.38855593116599,2054.92098419684,0.175
0.11897142114599,7.46339570425412,2057.68153630726,0.175
0.121557078113383,6.96500545227891,2056.48129625925,0.175
0.142821309802445,5.16245677334822,2050.2400480096,0.175
0.14053044323613,5.25242887388322,2050.72014402881,0.175
0.140046903346968,5.2827666892935,2050.84016803361,0.175
0.118854957152141,7.50650397409388,2057.80156031206,0.175
0.135275717364549,5.53186325116201,2051.92038407682,0.175
0.11720526139991,7.90585736162312,2058.64172834567,0.175
0.129408853631575,5.96194127391598,2053.60072014403,0.175
0.135894679503161,5.4685090410485,2051.74034806961,0.175
0.13643675893507,5.4685090410485,2051.68033606721,0.175
0.100530259234967,35.3406177836102,2078.80576115223,0.175
0.109369578729572,11.4295469118117,2064.28285657131,0.175
0.142474636835301,5.16245677334822,2050.300060012,0.175
0.118549137383334,7.54986123554579,2057.92158431686,0.175
0.101032364774822,31.4955447653674,2077.42548509702,0.175
0.109900707736158,10.9148811093176,2063.62272454491,0.175
0.138940152978216,5.31327973469088,2051.02020404081,0.175
0.117133244910539,7.90585736162312,2058.64172834567,0.175
0.133043402280345,5.66078210355879,2052.52050410082,0.175
0.11110634055611,10.1860077436388,2062.6025205041,0.175
0.122677245859044,6.76729654167483,2056.00120024005,0.175
0.143175440835731,5.13280987242209,2050.1800360072,0.175
0.132800461782515,5.69347855060436,2052.58051610322,0.175
0.143687979313046,5.13280987242209,2050.0600120024,0.175
0.131161417508857,5.7927053813632,2053.00060012002,0.175
0.134877470186603,5.53186325116201,2052.04040808162,0.175
0.131827075869088,5.75943909554708,2052.88057611522,0.175
0.0993718588885922,53.8103024049807,2083.66673334667,0.175
0.139353953400487,5.31327973469088,2050.96019203841,0.175
0.13468393833235,5.56381506816292,2052.10042008402,0.175
0.136908672968493,5.43710454646936,2051.56031206241,0.175
0.129643472048803,5.9277031020464,2053.48069613923,0.175
0.132717559098165,5.69347855060436,2052.64052810562,0.175
0.129339466714818,5.96194127391598,2053.60072014403,0.175
0.137114371484027,5.40588040128206,2051.44028805761,0.175
0.100036406340592,40.1145247025537,2080.30606121224,0.175
0.135472196222748,5.50009492671021,2051.86037207441,0.175
0.121902783385138,6.88523803959517,2056.30126025205,0.175
0.104633223749312,17.0065142632699,2069.74394878976,0.175
0.102800628560157,21.7855778853565,2072.92458491698,0.175
0.139917880475625,5.2827666892935,2050.84016803361,0.175
0.136172410601632,5.4685090410485,2051.74034806961,0.175
0.112573402799151,9.50580704584117,2061.58231646329,0.175
0.111118121062753,10.1860077436388,2062.6025205041,0.175
0.109180724289486,11.4955635096105,2064.34286857371,0.175
0.125377973246927,6.38855593116599,2054.92098419684,0.175
0.110533118817797,10.6050508775566,2063.20264052811,0.175
0.0997234985578168,45.7963024829641,2081.80636127225,0.175
0.122672033994035,6.76729654167483,2056.00120024005,0.175
0.113731776635831,8.97380210978585,2060.68213642729,0.175
0.125542329088873,6.38855593116599,2054.92098419684,0.175
0.103995842207457,18.4345617053333,2070.76415283057,0.175
0.109628646933181,11.1692500050717,2063.98279655931,0.175
0.142969902177579,5.16245677334822,2050.2400480096,0.175
0.110986034609302,10.3040154985797,2062.7825565113,0.175
0.142524717852851,5.16245677334822,2050.300060012,0.175
0.104993420179302,16.3345266305675,2069.20384076815,0.175
0.132730770305379,5.69347855060436,2052.58051610322,0.175
0.123179158389515,6.68979340981204,2055.76115223045,0.175
0.122238288026013,6.84569756904508,2056.18123624725,0.175
0.140503455829442,5.25242887388322,2050.72014402881,0.175
0.111846489228382,9.84003171633479,2062.0624124825,0.175
0.135620445980502,5.50009492671021,2051.86037207441,0.175
0.108242654725201,12.3181438842284,2065.36307261452,0.175
0.108642554167275,11.96848058178,2064.94298859772,0.175
0.141960911108079,5.19227491356753,2050.4200840168,0.175
0.107145188142554,13.4296295187868,2066.56331266253,0.175
0.112306280835319,9.67147573126437,2061.82236447289,0.175
0.114937226072713,8.56971705725559,2059.96199239848,0.175
0.125685158412968,6.35186780125658,2054.80096019204,0.175
0.133962913140723,5.59595143755845,2052.28045609122,0.175
0.127689584180689,6.13612145164168,2054.14082816563,0.175
0.122451151878715,6.80638417108163,2056.12122424485,0.175
0.143587368808609,5.13280987242209,2050.1200240048,0.175
0.113742281905448,8.97380210978585,2060.68213642729,0.175
0.113739939835825,8.97380210978585,2060.68213642729,0.175
0.131705783551249,5.75943909554708,2052.88057611522,0.175
0.131947017374012,5.75943909554708,2052.82056411282,0.175
0.142136519372722,5.19227491356753,2050.4200840168,0.175
0.143025181065291,5.16245677334822,2050.2400480096,0.175
0.111847085767131,9.84003171633479,2062.0624124825,0.175
0.137605222408016,5.37483556977805,2051.32026405281,0.175
0.130360763240922,5.85981549695445,2053.24064812963,0.175
0.139084973568867,5.31327973469088,2051.02020404081,0.175
0.110062372487487,10.9148811093176,2063.62272454491,0.175
0.106897419452037,13.6636831932795,2066.80336067213,0.175
0.101687977324396,27.2720546771616,2075.68513702741,0.175
0.119112639703097,7.42053499612018,2057.62152430486,0.175
0.136710230497123,5.43710454646936,2051.56031206241,0.175
0.105249633741847,15.9625235417481,2068.90378075615,0.175
0.11307309174453,9.28932145903777,2061.22224444889,0.175
0.137659083360046,5.37483556977805,2051.32026405281,0.175
0.133531801660631,5.6282734253157,2052.40048009602,0.175
0.136554194178217,5.43710454646936,2051.62032406481,0.175
0.112186103945666,9.67147573126437,2061.82236447289,0.175
0.109732712510004,11.1051073569377,2063.86277255451,0.175
0.116156661682734,8.18382771794484,2059.24184836967,0.175
0.12366823845813,6.61317789021976,2055.58111622324,0.175
0.140803412336685,5.25242887388322,2050.66013202641,0.175
0.134960578066699,5.53186325116201,2051.98039607922,0.175
0.137364258260937,5.40588040128206,2051.44028805761,0.175
0.113716568333757,8.97380210978585,2060.68213642729,0.175
0.141499691385209,5.22226528215118,2050.5401080216,0.175
0.122377486219868,6.84569756904508,2056.18123624725,0.175
0.102198673034988,24.7284330905736,2074.4848969794,0.175
0.137295013186394,5.40588040128206,2051.44028805761,0.175
0.121107873370843,7.04569699279812,2056.72134426885,0.175
0.125331728413834,6.38855593116599,2054.92098419684,0.175
0.107803710896526,12.6780227210752,2065.78315663133,0.175
0.134125061749076,5.59595143755845,2052.22044408882,0.175
0.133876649105755,5.6282734253157,2052.34046809362,0.175
0.103153893594708,20.6851097223421,2072.26445289058,0.175
0.139338259470238,5.31327973469088,2050.96019203841,0.175
0.104772937477838,16.6192073042701,2069.44388877776,0.175
0.124954399893238,6.46256914239905,2055.10102020404,0.175
0.140378368629755,5.25242887388322,2050.72014402881,0.175
0.131566149732521,5.75943909554708,2052.88057611522,0.175
0.117671702792994,7.77043304452438,2058.34166833367,0.175
0.115407460474656,8.37455001705244,2059.60192038408,0.175
0.118120526715303,7.63732849425456,2058.10162032406,0.175
0.117177917132218,7.90585736162312,2058.64172834567,0.175
0.127658659457407,6.13612145164168,2054.14082816563,0.175
0.121186762065182,7.00523504030693,2056.60132026405,0.175
0.143378375432859,5.13280987242209,2050.1200240048,0.175
0.127609154575722,6.13612145164168,2054.14082816563,0.175
0.132071316627437,5.72636385099737,2052.76055211042,0.175
0.13786925143736,5.37483556977805,2051.32026405281,0.175
0.105195652519497,15.9625235417481,2068.90378075615,0.175
0.113310524893295,9.18293458777804,2061.04220844169,0.175
0.109377938279726,11.3639094334169,2064.22284456891,0.175
0.118233543040246,7.63732849425456,2058.10162032406,0.175
0.10649666316002,14.225794745742,2067.34346869374,0.175
0.111744870233694,9.89686733905512,2062.1824364873,0.175
0.114728743886152,8.66899963153375,2060.14202840568,0.175
0.106979365593477,13.4296295187868,2066.56331266253,0.175
0.123079557068849,6.72843338428345,2055.88117623525,0.175
0.111911025828407,9.78352248861393,2062.0024004801,0.175
0.114047838447482,8.87102875502857,2060.50210042008,0.175
0.112741812591861,9.39694085202226,2061.40228045609,0.175
0.107342002776495,13.1995850943453,2066.32326465293,0.175
0.105612474471863,15.3317876813171,2068.36367273455,0.175
0.101724214192553,26.650959936689,2075.3850770154,0.175
0.108291107548013,12.1071387841942,2065.12302460492,0.175
0.105134975385396,16.1474538514202,2069.02380476095,0.175
0.111434239714253,10.0693514841637,2062.4224844969,0.175
0.140451346147171,5.25242887388322,2050.72014402881,0.175
0.111690819197756,9.89686733905512,2062.1824364873,0.175
0.119707065269487,7.293424065782,2057.32146429286,0.175
0.140863677788911,5.22226528215118,2050.600120024,0.175
0.1331594765242,5.66078210355879,2052.46049209842,0.175
0.114288861777786,8.76943242226474,2060.32206441288,0.175
0.111603550251781,9.95403124201917,2062.2424484897,0.175
0.121735571514804,6.92500689429393,2056.42128425685,0.175
0.128186027975879,6.10088299973121,2054.02080416083,0.175
0.103862355217087,18.6481312700654,2070.94418883777,0.175
0.125220283407065,6.42545597022062,2055.04100820164,0.175
0.113328448251191,9.18293458777804,2061.04220844169,0.175
0.103305655166686,20.0979414082682,2071.90438087618,0.175
0.14039173579669,5.25242887388322,2050.72014402881,0.175
0.106566014366919,13.9018159916578,2067.04340868174,0.175
0.111177470808842,10.1860077436388,2062.6025205041,0.175
0.110698953174872,10.483595485213,2063.0226045209,0.175
0.117294539305289,7.86045568946845,2058.58171634327,0.175
0.106063321924687,14.7259744294318,2067.82356471294,0.175
0.134104920670688,5.59595143755845,2052.22044408882,0.175
0.122188984911738,6.84569756904508,2056.18123624725,0.175
0.132369740947257,5.72636385099737,2052.70054010802,0.175
0.131905613791022,5.75943909554708,2052.82056411282,0.175
0.106179023397491,14.4737241117876,2067.58351670334,0.175
0.113936529933543,8.92226745608123,2060.56211242248,0.175
0.139755724544378,5.2827666892935,2050.90018003601,0.175
0.1407967410574,5.25242887388322,2050.66013202641,0.175
0.12115872992106,7.04569699279812,2056.66133226645,0.175
0.119903472975583,7.25153946893524,2057.20144028806,0.175
0.131182780619163,5.7927053813632,2053.00060012002,0.175
0.127742201423911,6.13612145164168,2054.14082816563,0.175
0.115555591823462,8.37455001705244,2059.60192038408,0.175
0.110312867732726,10.7279133646656,2063.38267653531,0.175
0.133662898216098,5.6282734253157,2052.34046809362,0.175
0.121707604220916,6.92500689429393,2056.42128425685,0.175
0.141006243261124,5.22226528215118,2050.600120024,0.175
0.120680568830772,7.12732336743282,2056.90138027606,0.175
0.118175337270278,7.63732849425456,2058.10162032406,0.175
0.102532341766338,23.3444739588916,2073.76475295059,0.175
0.122465241088065,6.80638417108163,2056.12122424485,0.175
0.123306554180617,6.68979340981204,2055.76115223045,0.175
0.1292101460892,5.96194127391598,2053.60072014403,0.175
0.133106544749158,5.66078210355879,2052.52050410082,0.175
0.113272150386253,9.18293458777804,2061.04220844169,0.175
0.11591178092341,8.23109717377527,2059.30186037207,0.175
0.125806373649493,6.35186780125658,2054.80096019204,0.175
0.130741667894156,5.82616381189231,2053.12062412483,0.175
0.129339599180878,5.96194127391598,2053.60072014403,0.175
0.123058220702233,6.72843338428345,2055.88117623525,0.175
0.121568915354212,6.96500545227891,2056.48129625925,0.175
0.142237706459455,5.19227491356753,2050.3600720144,0.175
0.138590387552659,5.34396902219665,2051.14022804561,0.175
0.115125963570085,8.47157152646274,2059.78195639128,0.175
0.133594632283545,5.6282734253157,2052.34046809362,0.175
0.10839785953124,12.177069125071,2065.18303660732,0.175
0.113381617138315,9.13019893034057,2060.98219643929,0.175
0.104750419138999,16.8117454794054,2069.56391278256,0.175
0.118736885237813,7.50650397409388,2057.80156031206,0.175
0.11888815090539,7.46339570425412,2057.74154830966,0.175
0.121161956951148,7.00523504030693,2056.60132026405,0.175
0.104185884272357,17.9112775331676,2070.40408081616,0.175
0.115712029549733,8.32645674178507,2059.48189637928,0.175
0.115642267571859,8.32645674178507,2059.48189637928,0.175
0.114305133729289,8.76943242226474,2060.32206441288,0.175
0.123287030434907,6.68979340981204,2055.76115223045,0.175
0.137731330232509,5.37483556977805,2051.32026405281,0.175
0.112181093517602,9.67147573126437,2061.82236447289,0.175
0.137572416335944,5.40588040128206,2051.38027605521,0.175
0.102862269772044,21.9114104965849,2072.98459691938,0.175
0.133308968639104,5.66078210355879,2052.46049209842,0.175
0.10843940506361,12.177069125071,2065.18303660732,0.175
0.120522195908157,7.12732336743282,2056.90138027606,0.175
0.119609908788319,7.33555058635551,2057.38147629526,0.175
0.127403609092088,6.17156343941625,2054.26085217043,0.175
0.12589515615063,6.35186780125658,2054.80096019204,0.175
0.1288053013855,6.03101203476082,2053.78075615123,0.175
0.115287696159655,8.47157152646274,2059.78195639128,0.175
0.115447742989633,8.37455001705244,2059.60192038408,0.175
0.103780163046334,19.1929428791772,2071.30426085217,0.175
0.101488478753757,28.0688171933232,2076.04520904181,0.175
0.136195133292384,5.4685090410485,2051.68033606721,0.175
0.107325140631837,13.1995850943453,2066.32326465293,0.175
0.140434485333078,5.25242887388322,2050.72014402881,0.175
0.100598882730025,35.1376640660105,2078.74574914983,0.175
0.128876984148379,5.99637720407285,2053.72074414883,0.175
0.139652535224764,5.2827666892935,2050.90018003601,0.175
0.128499573601356,6.06584691482126,2053.90078015603,0.175
0.117371676931568,7.86045568946845,2058.52170434087,0.175
0.133340994634953,5.66078210355879,2052.46049209842,0.175
0.141327650082168,5.22226528215118,2050.5401080216,0.175
0.12760106072896,6.13612145164168,2054.14082816563,0.175
0.14385148626592,5.13280987242209,2050.0600120024,0.175
0.129622787835142,5.9277031020464,2053.48069613923,0.175
0.115503937464807,8.37455001705244,2059.60192038408,0.175
0.107030876402502,13.4296295187868,2066.56331266253,0.175
0.115406400120656,8.37455001705244,2059.60192038408,0.175
0.134474675903799,5.56381506816292,2052.10042008402,0.175
0.1062556847004,14.4737241117876,2067.58351670334,0.175
0.110190079657455,10.7279133646656,2063.38267653531,0.175
0.109061057248316,11.5619614165913,2064.46289257852,0.175
0.124181607390291,6.53743981743082,2055.40108021604,0.175
0.127933884869053,6.10088299973121,2054.02080416083,0.175
0.130669031704885,5.85981549695445,2053.18063612723,0.175
0.131673205702826,5.75943909554708,2052.88057611522,0.175
0.140577699810297,5.25242887388322,2050.72014402881,0.175
0.120493892661833,7.16849049713269,2056.96139227846,0.175
0.135656286436709,5.50009492671021,2051.86037207441,0.175
0.10824309235804,12.3181438842284,2065.36307261452,0.175
0.106127241615821,14.6414062627396,2067.70354070814,0.175
0.11038788359399,10.6050508775566,2063.20264052811,0.175
0.132701233513859,5.69347855060436,2052.64052810562,0.175
0.140724829373475,5.25242887388322,2050.72014402881,0.175
0.140924153696439,5.22226528215118,2050.600120024,0.175
0.128348116327618,6.06584691482126,2053.90078015603,0.175
0.107070169857577,13.4296295187868,2066.56331266253,0.175
0.0989004250949816,64.3286151471491,2085.70714142829,0.175
0.0992216044715191,57.3296366935823,2084.38687737548,0.175
0.132683686887031,5.69347855060436,2052.64052810562,0.175
0.127845695878402,6.13612145164168,2054.14082816563,0.175
0.109201500695118,11.4295469118117,2064.28285657131,0.175
0.119959556947351,7.25153946893524,2057.20144028806,0.175
0.136273338466239,5.4685090410485,2051.68033606721,0.175
0.118683526394993,7.50650397409388,2057.80156031206,0.175
0.10019822253069,38.3081911525882,2079.76595319064,0.175
0.133223687237236,5.66078210355879,2052.46049209842,0.175
0.125515375531901,6.38855593116599,2054.92098419684,0.175
0.115846990647821,8.27863965605879,2059.42188437688,0.175
0.101619626912025,27.1154370165082,2075.62512502501,0.175
0.106503506258409,14.225794745742,2067.34346869374,0.175
0.125692287015065,6.35186780125658,2054.80096019204,0.175
0.122657615009297,6.76729654167483,2056.00120024005,0.175
0.123442145760845,6.65137533656814,2055.70114022805,0.175
0.110271256441474,10.7279133646656,2063.38267653531,0.175
0.129585852284548,5.9277031020464,2053.48069613923,0.175
0.109266188790178,11.4295469118117,2064.28285657131,0.175
0.102182363059592,24.7284330905736,2074.4848969794,0.175
0.106249335337326,14.4737241117876,2067.58351670334,0.175
0.101998751850826,25.450882821744,2074.8449689938,0.175
0.122133249841815,6.84569756904508,2056.24124824965,0.175
0.117152669284273,7.90585736162312,2058.64172834567,0.175
0.139636732564442,5.2827666892935,2050.90018003601,0.175
0.105417676725353,15.6890916100885,2068.66373274655,0.175
0.116648435007816,8.0436418748083,2058.94178835767,0.175
0.10031787978834,37.2207733764093,2079.40588117624,0.175
0.143593641197106,5.13280987242209,2050.1200240048,0.175
0.127993627026284,6.10088299973121,2054.02080416083,0.175
0.12547372062514,6.38855593116599,2054.92098419684,0.175
0.105407741851307,15.6890916100885,2068.66373274655,0.175
0.138959686265569,5.31327973469088,2051.02020404081,0.175
0.109063148800818,11.5619614165913,2064.46289257852,0.175
0.10872704592775,11.8314103761204,2064.76295259052,0.175
0.124654450638877,6.49989667874954,2055.22104420884,0.175
0.134157993378435,5.59595143755845,2052.22044408882,0.175
0.0996596924081896,47.6803208930514,2082.28645729146,0.175
0.107815405498051,12.6780227210752,2065.72314462893,0.175
0.142246586509718,5.19227491356753,2050.3600720144,0.175
0.102277412642332,23.7513250862094,2074.00480096019,0.175
0.137718615419805,5.37483556977805,2051.32026405281,0.175
0.114795179511957,8.56971705725559,2059.96199239848,0.175
0.125922945164982,6.31539036354282,2054.74094818964,0.175
0.137491876853132,5.40588040128206,2051.38027605521,0.175
0.134987768096565,5.53186325116201,2051.98039607922,0.175
0.103614101616462,19.4152985023894,2071.48429685937,0.175
0.112974802836872,9.28932145903777,2061.22224444889,0.175
0.143654512812369,5.13280987242209,2050.1200240048,0.175
0.10305731092089,21.4123992568061,2072.68453690738,0.175
0.106100378618288,14.8110310584131,2067.88357671534,0.175
0.135708991665151,5.50009492671021,2051.86037207441,0.175
0.10020522028682,38.5294577056047,2079.82596519304,0.175
0.102568707780515,22.6818168300982,2073.40468093619,0.175
0.127726750330987,6.13612145164168,2054.14082816563,0.175
0.106272301084863,14.4737241117876,2067.58351670334,0.175
0.130558941060482,5.85981549695445,2053.24064812963,0.175
0.132516935271365,5.69347855060436,2052.64052810562,0.175
0.107409324678523,12.9734812430331,2066.08321664333,0.175
0.118103443673453,7.68144139281058,2058.16163232647,0.175
0.109126310126619,11.5619614165913,2064.46289257852,0.175
0.121065590551622,7.04569699279812,2056.72134426885,0.175
0.135895098563552,5.4685090410485,2051.74034806961,0.175
0.107505972216812,12.9734812430331,2066.08321664333,0.175
0.125391781610856,6.38855593116599,2054.92098419684,0.175
0.115587177765481,8.32645674178507,2059.54190838168,0.175
0.118760410598133,7.50650397409388,2057.80156031206,0.175
0.117925431130395,7.72580908567334,2058.28165633127,0.175
0.132652452907529,5.69347855060436,2052.64052810562,0.175
0.136980760795222,5.43710454646936,2051.56031206241,0.175
0.119170624774072,7.42053499612018,2057.62152430486,0.175
0.132580228264718,5.69347855060436,2052.64052810562,0.175
0.113399945878359,9.13019893034057,2060.92218443689,0.175
0.13994171172331,5.2827666892935,2050.84016803361,0.175
0.109196039352155,11.4295469118117,2064.28285657131,0.175
0.122619918389866,6.76729654167483,2056.00120024005,0.175
0.13643190001031,5.4685090410485,2051.68033606721,0.175
0.117527692936798,7.81531474954562,2058.46169233847,0.175
0.138150915711356,5.37483556977805,2051.26025205041,0.175
0.138060731083241,5.37483556977805,2051.26025205041,0.175
0.132758872764631,5.69347855060436,2052.58051610322,0.175
0.118747981180566,7.50650397409388,2057.80156031206,0.175
0.118833579562403,7.50650397409388,2057.80156031206,0.175
0.133123060757916,5.66078210355879,2052.52050410082,0.175
0.133764186330764,5.6282734253157,2052.34046809362,0.175
0.136521105287357,5.43710454646936,2051.62032406481,0.175
0.121422682284047,7.00523504030693,2056.60132026405,0.175
0.124113817200796,6.57519980375318,2055.46109221844,0.175
0.131980045627784,5.75943909554708,2052.82056411282,0.175
0.13310496052544,5.66078210355879,2052.52050410082,0.175
0.126537146948146,6.24306273180741,2054.50090018004,0.175
0.12786000739155,6.13612145164168,2054.14082816563,0.175
0.138665820497109,5.34396902219665,2051.14022804561,0.175
0.128028439820647,6.10088299973121,2054.02080416083,0.175
0.136532306399247,5.43710454646936,2051.62032406481,0.175
0.134212683376635,5.59595143755845,2052.22044408882,0.175
0.107044407968271,13.4296295187868,2066.56331266253,0.175
0.119660672390786,7.293424065782,2057.32146429286,0.175
0.13463190080166,5.56381506816292,2052.10042008402,0.175
0.142714417599102,5.16245677334822,2050.2400480096,0.175
0.118151189103684,7.63732849425456,2058.10162032406,0.175
0.103173387235006,20.6851097223421,2072.26445289058,0.175
0.13221480240809,5.72636385099737,2052.76055211042,0.175
0.110902828005841,10.3040154985797,2062.7825565113,0.175
0.117534679866156,7.81531474954562,2058.46169233847,0.175
0.126466565874389,6.24306273180741,2054.50090018004,0.175
0.111117344218983,10.1860077436388,2062.6025205041,0.175
0.100760490045124,33.3627338424092,2078.14562912583,0.175
0.0993133702177375,52.5848246695256,2083.42668533707,0.175
0.10194358317984,25.304723767126,2074.7849569914,0.175
0.139315670726266,5.31327973469088,2051.02020404081,0.175
0.130166198689829,5.89366155277994,2053.36067213443,0.175
0.109602917727174,11.2337631385307,2064.04280856171,0.175
0.140240425879434,5.25242887388322,2050.78015603121,0.175
0.110933106012592,10.3040154985797,2062.7825565113,0.175
0.105836210960683,15.069160014048,2068.12362472494,0.175
0.125282097460811,6.38855593116599,2054.98099619924,0.175
0.115155084592172,8.47157152646274,2059.78195639128,0.175
0.123516409024311,6.65137533656814,2055.64112822564,0.175
0.132083791700917,5.72636385099737,2052.76055211042,0.175
0.11550398356538,8.37455001705244,2059.60192038408,0.175
0.120407383759893,7.16849049713269,2057.02140428086,0.175
0.12052701498301,7.12732336743282,2056.90138027606,0.175
0.1138777408118,8.97380210978585,2060.68213642729,0.175
0.136568626135918,5.43710454646936,2051.62032406481,0.175
0.103558492859038,19.7536713480067,2071.66433286657,0.175
0.138842753550451,5.31327973469088,2051.08021604321,0.175
0.099429374612642,51.9825917726449,2083.30666133227,0.175
0.106760683219682,13.7426040713143,2066.86337267453,0.175
0.108901254364513,11.7634650805689,2064.70294058812,0.175
0.100929415229494,31.6774617501149,2077.48549709942,0.175
0.115792400610284,8.27863965605879,2059.42188437688,0.175
0.138032351902144,5.37483556977805,2051.26025205041,0.175
0.125498117344207,6.38855593116599,2054.92098419684,0.175
0.140669199741444,5.25242887388322,2050.72014402881,0.175
0.132675380205836,5.69347855060436,2052.64052810562,0.175
0.132418754178539,5.72636385099737,2052.70054010802,0.175
0.106333634445217,14.3079623572268,2067.46349269854,0.175
0.134539707195799,5.56381506816292,2052.10042008402,0.175
0.125364327481354,6.38855593116599,2054.92098419684,0.175
0.123720363624688,6.61317789021976,2055.58111622324,0.175
0.141009910388164,5.22226528215118,2050.600120024,0.175
0.11273300805217,9.39694085202226,2061.40228045609,0.175
0.141917466159212,5.19227491356753,2050.4200840168,0.175
0.115781110992623,8.27863965605879,2059.42188437688,0.175
0.134154379061496,5.59595143755845,2052.22044408882,0.175
0.114231108636553,8.76943242226474,2060.32206441288,0.175
0.125363648251139,6.38855593116599,2054.92098419684,0.175
0.140711662275736,5.25242887388322,2050.72014402881,0.175
0.128286348426024,6.06584691482126,2053.96079215843,0.175
0.120882838487788,7.08639265188016,2056.78135627125,0.175
0.128499058092509,6.06584691482126,2053.90078015603,0.175
0.125277347956997,6.42545597022062,2054.98099619924,0.175
0.119827801914814,7.293424065782,2057.26145229046,0.175
0.115831056853214,8.27863965605879,2059.42188437688,0.175
0.113427536850849,9.0777661226663,2060.86217243449,0.175
0.141313288780829,5.22226528215118,2050.5401080216,0.175
0.128461450708591,6.06584691482126,2053.90078015603,0.175
0.114976841217219,8.56971705725559,2059.96199239848,0.175
0.141593055140068,5.22226528215118,2050.5401080216,0.175
0.139273838630204,5.31327973469088,2051.02020404081,0.175
0.120813287258798,7.08639265188016,2056.78135627125,0.175
0.1172896432698,7.86045568946845,2058.58171634327,0.175
0.139416955399075,5.31327973469088,2050.96019203841,0.175
0.114453300286835,8.76943242226474,2060.32206441288,0.175
0.101221974831763,30.0773188333397,2076.88537707541,0.175
0.143646764127605,5.13280987242209,2050.1200240048,0.175
0.135820916873432,5.50009492671021,2051.80036007201,0.175
0.135262327712629,5.53186325116201,2051.98039607922,0.175
0.115517231612054,8.37455001705244,2059.60192038408,0.175
0.136228426621782,5.4685090410485,2051.68033606721,0.175
0.111419402755302,10.0693514841637,2062.4224844969,0.175
0.141291406937545,5.22226528215118,2050.5401080216,0.175
0.130910750884108,5.82616381189231,2053.12062412483,0.175
0.119440774122269,7.37792042799738,2057.50150030006,0.175
0.139406057796126,5.31327973469088,2050.96019203841,0.175
0.132493955576531,5.69347855060436,2052.64052810562,0.175
0.122637137671551,6.76729654167483,2056.00120024005,0.175
0.103259760795817,20.4482114607491,2072.14442888578,0.175
0.140803409550925,5.25242887388322,2050.66013202641,0.175
0.129802183087897,5.9277031020464,2053.48069613923,0.175
0.105824476903208,15.069160014048,2068.12362472494,0.175
0.102289244233876,23.8885117732672,2074.06481296259,0.175
0.10695176007588,13.5852155412096,2066.74334866973,0.175
0.109402272635575,11.2986488972231,2064.16283256651,0.175
0.134253196746205,5.59595143755845,2052.22044408882,0.175
0.123136002603105,6.68979340981204,2055.82116423285,0.175
0.131200211405131,5.7927053813632,2053.00060012002,0.175
0.133539878313321,5.6282734253157,2052.40048009602,0.175
0.12119575915044,7.00523504030693,2056.60132026405,0.175
0.142278688795011,5.19227491356753,2050.3600720144,0.175
0.11616823189301,8.18382771794484,2059.24184836967,0.175
0.12403790761924,6.57519980375318,2055.46109221844,0.175
0.114239450054054,8.76943242226474,2060.32206441288,0.175
0.10492229969717,16.6192073042701,2069.44388877776,0.175
0.116669842267755,8.0436418748083,2058.94178835767,0.175
0.109208192676987,11.4295469118117,2064.28285657131,0.175
0.125191115005605,6.42545597022062,2055.04100820164,0.175
0.109334056519504,11.4295469118117,2064.28285657131,0.175
0.124571491483521,6.49989667874954,2055.22104420884,0.175
0.116259843157211,8.13682972063414,2059.12182436487,0.175
0.138093893436625,5.37483556977805,2051.26025205041,0.175
0.13577660657803,5.50009492671021,2051.80036007201,0.175
0.102932993839541,21.1671716400053,2072.56451290258,0.175
0.105911530692953,14.9826210048919,2068.06361272254,0.175
0.13914301738346,5.31327973469088,2051.02020404081,0.175
0.100946746803996,30.9560381127168,2077.24544908982,0.175
0.115268535313162,8.47157152646274,2059.78195639128,0.175
0.140313006556889,5.25242887388322,2050.78015603121,0.175
0.139556719255848,5.2827666892935,2050.90018003601,0.175
0.111589637363519,9.95403124201917,2062.2424484897,0.175
0.100032019430551,40.1145247025537,2080.30606121224,0.175
0.110157564281536,10.7279133646656,2063.38267653531,0.175
0.102072293618929,24.4452282688584,2074.3648729746,0.175
0.130411778931817,5.85981549695445,2053.24064812963,0.175
0.105407484816125,15.6890916100885,2068.66373274655,0.175
0.101683517996699,27.2720546771616,2075.68513702741,0.175
0.115475742063333,8.37455001705244,2059.60192038408,0.175
0.118566772613515,7.54986123554579,2057.92158431686,0.175
0.142705011154896,5.16245677334822,2050.2400480096,0.175
0.103790127138214,19.0827218543819,2071.24424884977,0.175
0.130003590689127,5.89366155277994,2053.36067213443,0.175
0.129482736680872,5.96194127391598,2053.54070814163,0.175
0.112547376697939,9.56071220046713,2061.64232846569,0.175
0.133904204907291,5.59595143755845,2052.28045609122,0.175
0.120701357560399,7.12732336743282,2056.90138027606,0.175
0.117634698668431,7.77043304452438,2058.40168033607,0.175
0.122554795523309,6.76729654167483,2056.00120024005,0.175
0.12938508274705,5.96194127391598,2053.60072014403,0.175
0.114001931483579,8.87102875502857,2060.50210042008,0.175
0.124772949986822,6.46256914239905,2055.16103220644,0.175
0.103890529839881,18.7558421173328,2071.00420084017,0.175
0.120520586195448,7.12732336743282,2056.90138027606,0.175
0.123362511765836,6.68979340981204,2055.76115223045,0.175
0.121878873637747,6.88523803959517,2056.30126025205,0.175
0.136462365364722,5.43710454646936,2051.62032406481,0.175
0.118612578719309,7.50650397409388,2057.80156031206,0.175
0.140173780884122,5.25242887388322,2050.78015603121,0.175
0.134055615580423,5.59595143755845,2052.22044408882,0.175
0.13883215653895,5.34396902219665,2051.14022804561,0.175
0.142995924048701,5.16245677334822,2050.2400480096,0.175
0.107011089085581,13.4296295187868,2066.56331266253,0.175
0.124842876029669,6.46256914239905,2055.16103220644,0.175
0.139494708314688,5.2827666892935,2050.90018003601,0.175
0.124718904992411,6.46256914239905,2055.16103220644,0.175
0.110311272830536,10.7279133646656,2063.38267653531,0.175
0.124163016072364,6.57519980375318,2055.46109221844,0.175
0.111733814908262,9.89686733905512,2062.1824364873,0.175
0.114492576045818,8.71907142059136,2060.20204040808,0.175
0.131829751828591,5.75943909554708,2052.88057611522,0.175
0.123092001502625,6.72843338428345,2055.88117623525,0.175
0.139440529995911,5.31327973469088,2050.96019203841,0.175
0.136266160309297,5.4685090410485,2051.68033606721,0.175
0.133421612576059,5.6282734253157,2052.40048009602,0.175
0.118505779428926,7.59346892677529,2057.98159631926,0.175
0.134008784821968,5.59595143755845,2052.28045609122,0.175
0.138861532014361,5.31327973469088,2051.08021604321,0.175
0.0995355329769864,51.0921498294339,2083.06661332266,0.175
0.105233623282336,15.9625235417481,2068.90378075615,0.175
0.136876673425643,5.43710454646936,2051.56031206241,0.175
0.141554907894307,5.22226528215118,2050.5401080216,0.175
0.0989112232228464,64.3286151471491,2085.70714142829,0.175
0.121666254208737,6.92500689429393,2056.42128425685,0.175
0.137047539520264,5.40588040128206,2051.50030006001,0.175
0.135742000292346,5.50009492671021,2051.80036007201,0.175
0.104681356700086,17.1047431975172,2069.80396079216,0.175
0.126696575872674,6.24306273180741,2054.50090018004,0.175
0.113091419286805,9.28932145903777,2061.22224444889,0.175
0.132155362647914,5.72636385099737,2052.76055211042,0.175
0.11655794462482,8.0436418748083,2058.94178835767,0.175
0.122034843696382,6.88523803959517,2056.30126025205,0.175
0.132284683032347,5.72636385099737,2052.76055211042,0.175
0.137497025178141,5.40588040128206,2051.38027605521,0.175
0.123485213267427,6.65137533656814,2055.70114022805,0.175
0.100236027404069,38.7520022852263,2079.88597719544,0.175
0.105749196612174,14.9826210048919,2068.06361272254,0.175
0.113203371075591,9.18293458777804,2061.04220844169,0.175
0.142665535953632,5.16245677334822,2050.300060012,0.175
0.140484390615205,5.25242887388322,2050.72014402881,0.175
0.135370810202078,5.50009492671021,2051.86037207441,0.175
0.139910919285529,5.2827666892935,2050.84016803361,0.175
0.134620293330068,5.56381506816292,2052.10042008402,0.175
0.139361464689751,5.31327973469088,2050.96019203841,0.175
0.133509306388104,5.6282734253157,2052.40048009602,0.175
0.136216574637792,5.4685090410485,2051.68033606721,0.175
0.116749174413862,7.99744893524145,2058.88177635527,0.175
0.141654125765169,5.19227491356753,2050.4800960192,0.175
0.10850871774288,11.96848058178,2064.94298859772,0.175
0.131260095036315,5.7927053813632,2053.00060012002,0.175
0.133512265249711,5.6282734253157,2052.40048009602,0.175
0.143868553151558,5.13280987242209,2050.0600120024,0.175
0.141584898899698,5.22226528215118,2050.5401080216,0.175
0.106053086239932,14.7259744294318,2067.82356471294,0.175
0.137782859288311,5.37483556977805,2051.32026405281,0.175
0.114459462088618,8.71907142059136,2060.26205241048,0.175
0.122873781613106,6.72843338428345,2055.88117623525,0.175
0.137422546179155,5.40588040128206,2051.44028805761,0.175
0.117132379680916,7.90585736162312,2058.64172834567,0.175
0.125635579917967,6.35186780125658,2054.86097219444,0.175
0.101016334501219,31.4955447653674,2077.42548509702,0.175
0.139223195491327,5.31327973469088,2051.02020404081,0.175
0.0995943020240759,47.1342573099534,2082.16643328666,0.175
0.131682393932577,5.75943909554708,2052.88057611522,0.175
0.132907833528233,5.69347855060436,2052.58051610322,0.175
0.129967349525349,5.89366155277994,2053.36067213443,0.175
0.133011476936681,5.66078210355879,2052.52050410082,0.175
0.0999960192776603,42.4926833568436,2080.96619323865,0.175
0.136065076479691,5.4685090410485,2051.74034806961,0.175
0.139303527184522,5.31327973469088,2051.02020404081,0.175
0.121312477497698,7.00523504030693,2056.60132026405,0.175
0.124246348089396,6.53743981743082,2055.34106821364,0.175
0.118374823094394,7.59346892677529,2057.98159631926,0.175
0.108107998304398,12.3181438842284,2065.36307261452,0.175
0.119171949279714,7.42053499612018,2057.62152430486,0.175
0.134827818087961,5.56381506816292,2052.04040808162,0.175
0.114609424507109,8.66899963153375,2060.14202840568,0.175
0.104569951170433,17.1047431975172,2069.80396079216,0.175
0.103864754783701,18.6481312700654,2070.94418883777,0.175
0.0989987452044859,65.0738801855264,2085.82716543309,0.175
0.119449751192587,7.37792042799738,2057.50150030006,0.175
0.106060829633327,14.7259744294318,2067.82356471294,0.175
0.101510225061926,28.2309415390768,2076.10522104421,0.175
0.118685652007112,7.50650397409388,2057.80156031206,0.175
0.124628710004088,6.49989667874954,2055.22104420884,0.175
0.105867044911878,15.069160014048,2068.12362472494,0.175
0.14327677306306,5.13280987242209,2050.1200240048,0.175
0.125040959149599,6.42545597022062,2055.04100820164,0.175
0.102050956004243,25.0149189195332,2074.6049209842,0.175
0.132208139768431,5.72636385099737,2052.76055211042,0.175
0.122439517859307,6.80638417108163,2056.12122424485,0.175
0.143835940480443,5.13280987242209,2050.0600120024,0.175
0.133152051214501,5.66078210355879,2052.46049209842,0.175
0.105071175449675,16.3345266305675,2069.20384076815,0.175
0.111076460728512,10.2448417098122,2062.7225445089,0.175
0.105384817900633,15.6890916100885,2068.66373274655,0.175
0.108173904575,12.3181438842284,2065.36307261452,0.175
0.140999854320817,5.22226528215118,2050.600120024,0.175
0.129102381936767,5.99637720407285,2053.66073214643,0.175
0.120975627272958,7.04569699279812,2056.72134426885,0.175
0.106517933547101,14.1440990055278,2067.28345669134,0.175
0.128621235468262,6.03101203476082,2053.84076815363,0.175
0.122434972966419,6.80638417108163,2056.12122424485,0.175
0.125548666086814,6.38855593116599,2054.92098419684,0.175
0.12757792557606,6.13612145164168,2054.14082816563,0.175
0.11433961083304,8.76943242226474,2060.32206441288,0.175
0.134257675992801,5.59595143755845,2052.22044408882,0.175
0.121840029417198,6.88523803959517,2056.30126025205,0.175
0.102346660741297,23.8885117732672,2074.06481296259,0.175
0.130506785976228,5.85981549695445,2053.24064812963,0.175
0.126383294521996,6.27912240806387,2054.62092418484,0.175
0.136042286280554,5.4685090410485,2051.74034806961,0.175
0.126640792663582,6.24306273180741,2054.50090018004,0.175
0.0986582881203809,77.3471332892138,2087.7475495099,0.175
0.12016510470799,7.20989540649827,2057.08141628326,0.175
0.0998075870311226,45.2718158067401,2081.68633726745,0.175
0.129452141916884,5.96194127391598,2053.60072014403,0.175
0.101093668126418,30.0773188333397,2076.88537707541,0.175
0.105409506141146,15.6890916100885,2068.66373274655,0.175
0.102279698307928,23.7513250862094,2074.00480096019,0.175
0.105390395086713,15.6890916100885,2068.66373274655,0.175
0.110346618893599,10.6663052198171,2063.32266453291,0.175
0.125162386367466,6.42545597022062,2055.04100820164,0.175
0.13597040624327,5.4685090410485,2051.74034806961,0.175
0.100955289135804,31.1348389289956,2077.30546109222,0.175
0.110025242421022,10.9148811093176,2063.62272454491,0.175
0.124505327763238,6.49989667874954,2055.28105621124,0.175
0.0991118368026168,62.5025806223304,2085.34706941388,0.175
0.128536946891208,6.03101203476082,2053.84076815363,0.175
0.11123166008094,10.1860077436388,2062.6025205041,0.175
0.110964604603949,10.3040154985797,2062.7825565113,0.175
0.135833838648065,5.50009492671021,2051.80036007201,0.175
0.132453163376363,5.69347855060436,2052.64052810562,0.175
0.136026766018857,5.4685090410485,2051.74034806961,0.175
0.11240188860799,9.56071220046713,2061.64232846569,0.175
0.139224147009439,5.31327973469088,2051.02020404081,0.175
0.120258575159911,7.16849049713269,2057.02140428086,0.175
0.117069003588427,7.90585736162312,2058.64172834567,0.175
0.127732401462727,6.13612145164168,2054.14082816563,0.175
0.132125766413356,5.72636385099737,2052.76055211042,0.175
0.140931420184083,5.22226528215118,2050.600120024,0.175
0.131194429032764,5.7927053813632,2053.00060012002,0.175
0.129472922295858,5.96194127391598,2053.54070814163,0.175
0.13953779190119,5.2827666892935,2050.90018003601,0.175
0.136768680367149,5.43710454646936,2051.56031206241,0.175
0.101298226295835,29.0557182667768,2076.46529305861,0.175
0.102786292006098,21.7855778853565,2072.92458491698,0.175
0.117879890698898,7.72580908567334,2058.28165633127,0.175
0.117600274996831,7.81531474954562,2058.46169233847,0.175
0.103588493388626,19.7536713480067,2071.66433286657,0.175
0.12844468940087,6.06584691482126,2053.90078015603,0.175
0.123381586426642,6.65137533656814,2055.70114022805,0.175
0.137174180751217,5.40588040128206,2051.44028805761,0.175
0.110451917356574,10.6050508775566,2063.20264052811,0.175
0.109815807565858,11.0413330665098,2063.80276055211,0.175
0.114947701556251,8.56971705725559,2059.96199239848,0.175
0.119905092031713,7.25153946893524,2057.20144028806,0.175
0.106203279560622,14.4737241117876,2067.58351670334,0.175
0.133223128818182,5.66078210355879,2052.46049209842,0.175
0.109425030790144,11.2337631385307,2064.04280856171,0.175
0.128967092864793,5.99637720407285,2053.72074414883,0.175
0.100171353386662,38.7520022852263,2079.88597719544,0.175
0.101191510158118,30.2510442028234,2076.94538907782,0.175
0.142524362482029,5.16245677334822,2050.300060012,0.175
0.129863977662582,5.9277031020464,2053.42068413683,0.175
0.120953912351026,7.04569699279812,2056.72134426885,0.175
0.104369499292151,17.604464189928,2070.16403280656,0.175
0.129391101753101,5.96194127391598,2053.60072014403,0.175
0.140161786845753,5.2827666892935,2050.84016803361,0.175
0.136013812672321,5.4685090410485,2051.74034806961,0.175
0.12823902648097,6.06584691482126,2053.96079215843,0.175
0.107559299682931,12.9734812430331,2066.08321664333,0.175
0.104711323663647,17.1047431975172,2069.80396079216,0.175
0.125030287018213,6.42545597022062,2055.04100820164,0.175
0.126518179625635,6.24306273180741,2054.50090018004,0.175
0.125289945654103,6.38855593116599,2054.98099619924,0.175
0.12720996911699,6.17156343941625,2054.26085217043,0.175
0.104375069163533,17.50336546337,2070.10402080416,0.175
0.111991547082116,9.78352248861393,2062.0024004801,0.175
0.106711735316809,13.9821123150444,2067.10342068414,0.175
0.105902953289723,14.9826210048919,2068.06361272254,0.175
0.134782067694567,5.56381506816292,2052.10042008402,0.175
0.127007052779416,6.20721013866976,2054.38087617524,0.175
0.12849326567924,6.06584691482126,2053.90078015603,0.175
0.113461589050563,9.0777661226663,2060.86217243449,0.175
0.110831503466735,10.3635310727429,2062.9025805161,0.175
0.11188688750672,9.78352248861393,2062.0024004801,0.175
0.14219346217989,5.19227491356753,2050.3600720144,0.175
0.133834076086382,5.6282734253157,2052.34046809362,0.175
0.133133573761953,5.66078210355879,2052.52050410082,0.175
0.133429286162406,5.6282734253157,2052.40048009602,0.175
0.105939370168768,14.8110310584131,2067.88357671534,0.175
0.133857977633054,5.6282734253157,2052.34046809362,0.175
0.132780474840876,5.69347855060436,2052.58051610322,0.175
0.12805712466593,6.10088299973121,2054.02080416083,0.175
0.10912304435035,11.5619614165913,2064.46289257852,0.175
0.108073200574328,12.3181438842284,2065.36307261452,0.175
0.121790118823246,6.92500689429393,2056.36127225445,0.175
0.141439363132639,5.22226528215118,2050.5401080216,0.175
0.118000962876646,7.68144139281058,2058.16163232647,0.175
0.108471531014697,12.1071387841942,2065.12302460492,0.175
0.108435770588682,12.177069125071,2065.18303660732,0.175
0.105203038071275,15.9625235417481,2068.90378075615,0.175
0.130680887412311,5.85981549695445,2053.18063612723,0.175
0.126083724664856,6.31539036354282,2054.68093618724,0.175
0.123455988593124,6.65137533656814,2055.70114022805,0.175
0.124630867528479,6.49989667874954,2055.22104420884,0.175
0.115988309381132,8.23109717377527,2059.30186037207,0.175
0.126886905782882,6.20721013866976,2054.38087617524,0.175
0.132161414920383,5.72636385099737,2052.76055211042,0.175
0.107778533721453,12.7512504643373,2065.84316863373,0.175
0.105457822161553,15.6890916100885,2068.66373274655,0.175
0.13362526135127,5.6282734253157,2052.34046809362,0.175
0.121431133355011,7.00523504030693,2056.60132026405,0.175
0.106133954838957,14.5573237532004,2067.64352870574,0.175
0.130390595989243,5.85981549695445,2053.24064812963,0.175
0.110158098750209,10.7279133646656,2063.38267653531,0.175
0.0994260702375198,52.2828411071172,2083.36667333467,0.175
0.128923327556695,5.99637720407285,2053.72074414883,0.175
0.110193869482256,10.7279133646656,2063.38267653531,0.175
0.109552078928293,11.2337631385307,2064.04280856171,0.175
0.143722803918452,5.13280987242209,2050.0600120024,0.175
0.128079296173515,6.10088299973121,2054.02080416083,0.175
0.104132459079864,18.3286959037413,2070.70414082817,0.175
0.116882617038032,7.95152127198837,2058.76175235047,0.175
0.101467708694924,28.0688171933232,2076.04520904181,0.175
0.125000573094516,6.42545597022062,2055.04100820164,0.175
0.10497480606214,16.3345266305675,2069.20384076815,0.175
0.126659865012536,6.24306273180741,2054.50090018004,0.175
0.118790583381832,7.50650397409388,2057.80156031206,0.175
0.119326428772222,7.37792042799738,2057.50150030006,0.175
0.130596711521552,5.85981549695445,2053.24064812963,0.175
0.13957288024457,5.2827666892935,2050.90018003601,0.175
0.111702732401944,9.89686733905512,2062.1824364873,0.175
0.134458531634533,5.56381506816292,2052.10042008402,0.175
0.124534162170903,6.49989667874954,2055.28105621124,0.175
0.115286570652883,8.47157152646274,2059.78195639128,0.175
0.115449545041998,8.37455001705244,2059.60192038408,0.175
0.106775861543923,13.6636831932795,2066.80336067213,0.175
0.134076423698554,5.59595143755845,2052.22044408882,0.175
0.138953296563615,5.31327973469088,2051.02020404081,0.175
0.117305377641352,7.86045568946845,2058.58171634327,0.175
0.116426956981194,8.13682972063414,2059.12182436487,0.175
0.140995965884217,5.22226528215118,2050.600120024,0.175
0.127532122693387,6.13612145164168,2054.20084016803,0.175
0.107921952023989,12.5328264140034,2065.60312062413,0.175
0.123989606920337,6.57519980375318,2055.46109221844,0.175
0.140504297540773,5.25242887388322,2050.72014402881,0.175
0.11204604397655,9.78352248861393,2062.0024004801,0.175
0.10244657943323,23.0771190657875,2073.64472894579,0.175
0.124983680064335,6.42545597022062,2055.04100820164,0.175
0.109181608717002,11.4955635096105,2064.34286857371,0.175
0.114069697893225,8.87102875502857,2060.50210042008,0.175
0.119092900810734,7.46339570425412,2057.68153630726,0.175
0.130027374978789,5.89366155277994,2053.36067213443,0.175
0.101724514454619,26.650959936689,2075.3850770154,0.175
0.119782416708193,7.293424065782,2057.32146429286,0.175
0.11517426293589,8.47157152646274,2059.78195639128,0.175
0.135376895579061,5.50009492671021,2051.86037207441,0.175
0.126658493092498,6.24306273180741,2054.50090018004,0.175
0.107275636094647,13.1995850943453,2066.32326465293,0.175
0.102696220246164,22.5515599377096,2073.34466893379,0.175
0.102028525796189,25.597886085113,2074.9049809962,0.175
0.109970606086077,10.9148811093176,2063.62272454491,0.175
0.118689211991736,7.50650397409388,2057.80156031206,0.175
0.111512136626596,10.0115253213603,2062.3624724945,0.175
0.112340336300195,9.61593448503166,2061.70234046809,0.175
0.103602262802457,19.6402301778248,2071.60432086417,0.175
0.114080625424845,8.87102875502857,2060.50210042008,0.175
0.10593907383855,14.8110310584131,2067.88357671534,0.175
0.135472328253282,5.50009492671021,2051.86037207441,0.175
0.125630647626382,6.35186780125658,2054.86097219444,0.175
0.142971426031245,5.16245677334822,2050.2400480096,0.175
0.118431165174048,7.59346892677529,2057.98159631926,0.175
0.141386584832631,5.22226528215118,2050.5401080216,0.175
0.114187073529874,8.82008430703416,2060.44208841768,0.175
0.138105134725531,5.37483556977805,2051.26025205041,0.175
0.111188792696355,10.1860077436388,2062.6025205041,0.175
0.106800036248457,13.6636831932795,2066.80336067213,0.175

