0.0842783684285058,1.04112859832463,2053.75187593797,0.0191301756596094
0.186312766749165,5.48194575365476,2050.75037518759,0.248825359701166
0.161544448858711,356.359197281987,2080.01500750375,0.444095818933005
0.163627148154245,8.81528401319323,2056.60330165083,0.269665958798001
0.188838885508831,43.9451273819645,2061.70585292646,0.737197425069851
0.111069871920382,4.07523387938939,2062.0060030015,0.0726870704463717
0.112056707289196,56.94280539997,2085.71785892946,0.112220150961098
0.15485957519077,25.7248344244728,2065.15757878939,0.316086913238053
0.19239125999775,14.9294397640879,2055.40270135068,0.55020237738639
0.107441560446861,2.2071708865269,2056.90345172586,0.0492607369207872
0.156967518977354,7.04225793763313,2056.30315157579,0.215162920966531
0.192864227209675,17.8983585267682,2056.30315157579,0.605445103892367
0.137377774721637,2.13222095925085,2050.75037518759,0.0693660071869822
0.188977255064355,32.9518247994517,2060.05502751376,0.702510470243042
0.184791455917038,25.2115995346114,2059.30465232616,0.597636006809078
0.161144824840823,10.0057595601981,2057.80390195098,0.274738020421162
0.161521519062873,14.257340102472,2060.05502751376,0.314180385769898
0.14565608730746,2.95200799512719,2052.10105052526,0.101044284921083
0.184134380144981,6.8227347852315,2052.25112556278,0.296031753280381
0.090769644604881,1.05622377499757,2052.25112556278,0.0212307779744662
0.186408297789823,202.687378964529,2070.26013006503,0.826420687901115
0.150942696889502,7.4382002633935,2057.65382691346,0.201478534422992
0.173635350957487,10.1800975118018,2056.00300150075,0.336732978168521
0.194782920320485,93.97087014239,2064.70735367684,0.932628680723104
0.170101119087139,63.1611621799113,2067.25862931466,0.513461792518266
0.13044577988906,16.464712003024,2068.30915457729,0.164222470376713
0.160226603453908,16.0898367576997,2060.95547773887,0.321702235221636
0.198852386910891,9.97699489356779,2052.55127563782,0.460655395913376
0.19896687618331,6.59105201019205,2050.45022511256,0.322098508133726
0.0753508805129535,3.1450272019994,2073.56178089045,0.0283207127605586
0.133716696951493,1.88937898174206,2050.30015007504,0.0594245040259955
0.187840220505502,21.5815941337228,2058.10405202601,0.593097075661269
0.185004491681631,23.9383809351586,2059.00450225113,0.589542938612467
0.102774674482508,47.3607809164382,2089.01950975488,0.0849285217311642
0.165138184927631,36.6556592993152,2065.15757878939,0.421990379682547
0.14132909614661,128.9815619574,2080.01500750375,0.254502628958516
0.149893922187706,2.75492656923522,2050.90045022511,0.0987371718033424
0.195602151854832,220.336157528401,2068.90945472736,1.01548463242567
0.101279732363292,5.40359972355987,2068.00900450225,0.0641464520456701
0.158868589235733,5.45047194460812,2054.35217608804,0.188732038325721
0.101360714418933,5.65832869261085,2068.45922961481,0.0650152640593362
0.158645078255107,252.988497160128,2078.8144072036,0.406605858739326
0.12509073944046,20.788801735641,2071.76088044022,0.149735459242776
0.175744214443383,69.2564322420242,2066.65832916458,0.5861626864139
0.173804683324987,16.5121814020749,2058.70435217609,0.421374098240098
0.171175965982705,75.0704237295268,2068.15907953977,0.525243170091166
0.197959863894854,65.5698478688224,2062.30615307654,0.958638069692899
0.196652242673911,20.4916955329151,2056.45322661331,0.685860532555813
0.192161567594044,10.8145512259435,2053.75187593797,0.452170100999122
0.157481452949695,3.10901742259474,2050.75037518759,0.11770389024142
0.124830157601502,27.5651328577691,2074.16208104052,0.152592064474425
0.133269167955558,8.46704626823108,2062.30615307654,0.151595597464763
0.185487514922458,8.76467231833321,2053.45172586293,0.363182870179614
0.195828183041192,6.862132740856,2050.90045022511,0.327847974704034
0.192367806366244,23.1921673069706,2057.80390195098,0.661281016966658
0.168057851775356,4.61228334151361,2051.95097548774,0.184054081809983
0.192441521874454,32.9518247994517,2059.6048024012,0.742908478408341
0.169788670927291,6.0805937181354,2053.45172586293,0.232827974282094
0.182123234285137,22.1480927773524,2059.00450225113,0.546217327986864
0.192687232007045,20.3740453880163,2057.05352676338,0.634860222956763
0.199134808054528,55.967638704318,2061.25562781391,0.966192756384235
0.185424778535072,6.09812467340626,2051.50075037519,0.272268450860889
0.189065620248556,21.8945026225075,2057.95397698849,0.612744171383274
0.157070228882222,11.0347040567755,2059.15457728864,0.266343066984713
0.18814730701094,25.8733827583896,2059.00450225113,0.635359880837047
0.166760569204215,7.02201277776474,2054.65232616308,0.248969725150379
0.199256585228936,26.705865146348,2057.50375187594,0.792731202381797
0.169993828030908,48.3249087633854,2065.75787893947,0.492767392281931
0.174261203017562,11.1946946742062,2056.45322661331,0.357319696252651
0.0656010560873803,5.49775074742009,2089.01950975488,0.0235469267972094
0.189406922709662,35.513019260565,2060.50525262631,0.70937953017365
0.183535487419667,20.3740453880163,2058.40420210105,0.539421371154456
0.187793335619865,7.90177085082341,2052.55127563782,0.345863025804738
0.172576171342198,30.7519010092932,2062.60630315158,0.484172568471248
0.146779662452282,4.63891702142887,2055.10255127564,0.14491247174203
0.18793529270151,45.8844379566866,2062.0060030015,0.738193689482447
0.134571821834785,14.2163529457634,2066.05802901451,0.175883941125008
0.185554462052105,27.015182265558,2059.6048024012,0.615345662620282
0.179223383979458,155.077087847916,2070.41020510255,0.68061978588647
0.18392020358243,19.4568382303861,2058.10405202601,0.533924338933417
0.157366933505449,10.5076446271293,2058.85442721361,0.260771098388432
0.157480643146459,16.2761951447872,2061.70585292646,0.300387802499325
0.10277796060234,1.65502554408647,2054.95247623812,0.0372080823136299
0.172725427287019,6.53437118513655,2053.45172586293,0.254454157621824
0.163042654442914,4.29198469417562,2052.10105052526,0.16563379792863
0.152399579185969,20.3740453880163,2064.10705352676,0.28857436528092
0.115333564833362,2.43414579263315,2056.00300150075,0.0595345939752939
0.190460254146776,12.345903576098,2054.65232616308,0.481931354831007
0.165076281506768,6.45955425993623,2054.50225112556,0.229118356497602
0.195949845796304,16.8483214233231,2055.55277638819,0.618989831101221
0.189281245002282,11.5216685859765,2054.50225112556,0.453250015308367
0.194633568080001,43.6928227058688,2060.65532766383,0.841298946917121
0.185469317978803,13.4984086137474,2055.85292646323,0.468598600730593
0.197765113514737,11.3897483457029,2053.30165082541,0.502630937659469
0.176127609485701,4.94223601165526,2051.35067533767,0.209951481954605
0.161788493708866,10.1216499350543,2057.80390195098,0.27837107202326
0.198231616655099,7.31081832073186,2051.05052526263,0.352548078457006
0.148070977808249,11.4225861207707,2061.25562781391,0.223819097405443
0.180651493893869,5.40359972355987,2051.35067533767,0.235315269001059
0.193204781301243,8.63941072106801,2052.4012006003,0.390698438334932
0.173447440284098,53.4480645187486,2065.60780390195,0.542568145953008
0.155072418248375,3.79223047250718,2052.4012006003,0.137705763582173
0.103733601258497,11.0665182039154,2074.31215607804,0.0781800238177311
0.170524638851577,10.0346071582177,2056.30315157579,0.321153366240459
0.165931482752213,9.07276025359497,2056.45322661331,0.282521835163726
0.155626573915781,4.25507507288674,2053.15157578789,0.151723161525086
0.189599823244066,5.23515726431772,2050.15007503752,0.242656509708812
0.169679653890096,14.5895202202118,2058.70435217609,0.371681949221411
0.182717910663663,150.242983290666,2069.50975487744,0.734529915160478
0.171750653211869,5.5454396587911,2052.55127563782,0.222267061400244
0.175731161553645,399.853107120361,2076.71335667834,0.630928458493568
0.136932295986051,37.9441463047634,2072.66133066533,0.213109692565599
0.147400361461085,83.0290000254614,2074.91245622811,0.2955228564374
0.162947801803979,123.17501693521,2073.11155577789,0.443375208932435
0.185545557696579,20.0828667363378,2057.95397698849,0.561580461666346
0.193184354109095,104.232823226058,2065.45772886443,0.920131934042146
0.17484898327567,32.8570945343963,2062.60630315158,0.512350031075713
0.173861362272984,7.72186012504483,2054.20210105053,0.290615537207098
0.139636353090856,6.01097243209366,2058.40420210105,0.148614102634104
0.136118544773797,5.56142771178757,2058.55427713857,0.134526197614451
0.193878331799226,15.7234968241093,2055.55277638819,0.574543386412023
0.168856933476173,15.4987821679022,2059.15457728864,0.376267768553748
0.16136102670013,4.74699861247518,2053.00150075038,0.176277507614571
0.184845563745736,48.0474581976622,2062.90645322661,0.683803974941508
0.160810755899628,54.6933447910292,2068.60930465233,0.399208507826513
0.184090794359905,23.9383809351586,2059.15457728864,0.578716768726486
0.188516909031164,12.0301229939707,2054.8024012006,0.460971962847895
0.182169474264495,10.8769999686707,2055.10255127564,0.398070000620546
0.185692758878744,5.43480286846039,2050.75037518759,0.245839148402044
0.194727333456036,11.2918003500854,2053.60180090045,0.482808769076345
0.192306068255072,92.3615840827968,2065.00750375188,0.887953142454407
0.171668927995841,31.3779203344798,2062.90645322661,0.476027592500412
0.185760355723935,5.59354223610883,2050.90045022511,0.253106339703856
0.195933495752864,19.5129342263596,2056.30315157579,0.663780858283456
0.195315981583663,8.22675961020021,2051.95097548774,0.38202133761061
0.181737440784585,55.3268231583471,2064.25712856428,0.650530304089643
0.0726389241901961,3.49853297367273,2076.71335667834,0.0270224421173844
0.1216312525916,9.04667778353943,2066.05802901451,0.118278184169231
0.188003365515667,12.2045460501459,2054.95247623812,0.46159026597823
0.18995526841695,9.72180569368846,2053.45172586293,0.410665548207885
0.199721842382629,25.5771389596111,2057.2036018009,0.788518677517315
0.17322656762334,21.2120013170279,2060.35517758879,0.447139324912623
0.180411805325983,10.1508316565282,2054.95247623812,0.373265347100305
0.159459255977154,5.19013667692469,2053.90195097549,0.183924925817488
0.198669291863955,20.788801735641,2056.30315157579,0.7096222960392
0.173515142846558,10.0346071582177,2055.85292646323,0.336238295068593
0.19994858547584,28.2073696994518,2057.65382691346,0.821286251946111
0.133991884761591,16.5121814020749,2067.25862931466,0.180136474868254
0.17702245942606,15.9974592566334,2058.10405202601,0.436737630700566
0.173077751431202,4.91386086905364,2051.65082541271,0.203591205728012
0.164473780098341,9.36467852310833,2056.90345172586,0.279987671646407
0.183416894435222,18.6882180181159,2057.95397698849,0.521757138921759
0.194277363377092,6.44098426295101,2050.75037518759,0.305965730393241
0.0853282688018951,2.00136053357019,2062.60630315158,0.0306179933820379
0.187181315207964,41.011270705513,2061.55577788894,0.70782221180571
0.191148792908225,6.0805937181354,2050.75037518759,0.283482076571308
0.165663863547059,6.94161247758823,2054.8024012006,0.242243989536536
0.132628999725558,24.0073976636039,2070.56028014007,0.182671136434763
0.148068650315569,5.35713058780925,2056.00300150075,0.160288018501394
0.195668766447313,30.8405617924466,2058.70435217609,0.784171411685594
0.181763795411194,17.5918424880948,2057.80390195098,0.498261098303569
0.196020709761926,27.4068715821386,2058.10405202601,0.753618733081783
0.176338201528329,123.530142735827,2069.80990495248,0.623148508221488
0.198261417031682,22.2119479273284,2056.75337668834,0.721055892455004
0.153675635504013,5.31106107095859,2054.95247623812,0.173274223752371
0.198309563219129,31.018650949241,2058.40420210105,0.819761402335921
0.198447932493947,50.8951816995986,2060.95547773887,0.923890900666264
0.16438508938592,9.80613514975012,2057.2036018009,0.285766849282761
0.195140982493445,15.3654978668113,2055.25262631316,0.578275415937878
0.160476592594648,12.4171951294921,2059.30465232616,0.295884029334771
0.184534200329818,16.5121814020749,2057.05352676338,0.509249456767304
0.137739314661319,2.53425879720196,2052.10105052526,0.0818672686746803
0.185322315411951,9.418754960271,2053.90195097549,0.379234863116744
0.140527238729346,12.3814980416064,2063.50675337669,0.195413337151291
0.138288059945524,61.3687089327262,2075.66283141571,0.230187462037403
0.198902858180995,83.0290000254614,2063.35667833917,1.01068546622339
0.180228536538057,5.79016143825715,2051.80090045023,0.249388140387312
0.111905309353911,4.70617602490094,2063.05652826413,0.0786452022267565
0.0832378242202225,1.10601480450688,2055.10255127564,0.0198316870803806
0.13665643265552,2.51970871206025,2052.25112556278,0.0803299136660069
0.170020338387126,53.6021605942022,2066.35817908954,0.4996195338702
0.193982186980867,9.2308418493486,2052.70135067534,0.413156967379513
0.152089430715205,16.464712003024,2062.75637818909,0.273171776273118
0.0917524259271018,1.19541686845759,2053.75187593797,0.0241717614293133
0.144903659368964,4.37935702804035,2055.10255127564,0.135328284062536
0.158643398461565,3.59036651349369,2051.50075037519,0.136022217902131
0.155202306865687,3.03823005207779,2050.90045022511,0.113162583732239
0.194371442242912,12.3814980416064,2054.20210105053,0.507436355976969
0.163309037518209,43.5672141029724,2066.65832916458,0.411395540671025
0.135265459100045,205.626114678607,2085.71785892946,0.218212942925004
0.190238138416117,10.1216499350543,2053.60180090045,0.424243315697818
0.19182329065614,86.6930926644114,2064.70735367684,0.880656143841592
0.0745876481458253,1.75311720834914,2065.30765382691,0.0224820554749225
0.199437729420468,16.7998856852757,2055.10255127564,0.648369707021436
0.190767668336788,8.84069935203988,2052.85142571286,0.387114229964237
0.106233454184038,7.39549489831676,2069.35967983992,0.0778217955329424
0.136838025753672,21.9576266468948,2068.60930465233,0.201461092450495
0.159022354882784,2.97761447568876,2050.30015007504,0.113778321479578
0.171287359506547,9.33775684323017,2055.85292646323,0.310118446608724
0.193368846963685,7.45964533309522,2051.65082541271,0.34673233419869
0.190443474784958,158.690210978165,2068.15907953977,0.893748816136533
0.161415520474617,4.88564863828298,2053.15157578789,0.18089098272639
0.169570384225786,4.63891702142887,2051.80090045023,0.187421603094454
0.181431159399295,50.167805761144,2063.65682841421,0.64875527783571
0.133478138985351,1.98987000774274,2050.75037518759,0.0625229377048862
0.193444254132068,25.0668507346102,2057.95397698849,0.702845611712192
0.171546569422659,16.5121814020749,2059.15457728864,0.401425537167719
0.197168008695291,17.8469041306121,2055.70285142571,0.647314570744761
0.180253438768786,521.109790058718,2077.01350675338,0.710224161564085
0.154111388340766,6.02830266228601,2055.70285142571,0.189016920542359
0.188525298202821,121.414643152359,2067.10855427714,0.840669409397451
0.110637288827024,2.57100265798945,2057.65382691346,0.0571219887069696
0.141984211478827,3.68461060628057,2054.35217608804,0.115469184958387
0.191658678378448,17.0926028588123,2056.30315157579,0.576136295428846
0.139157361638489,15.4097981223956,2065.45772886443,0.198815084431822
0.164632301380158,25.1391209535034,2062.90645322661,0.392760203034816
0.0982396655020043,1.78366310156055,2057.05352676338,0.0365147004793321
0.191226569673164,9.17784428848941,2053.00150075038,0.399739979584642
0.185722687240247,175.513722672171,2069.65982991496,0.803471477252463
0.182263521874028,49.5933968601569,2063.50675337669,0.653235246552492
0.194376304408233,637.457320345404,2074.61230615308,1.0187768561942
0.176993789249571,13.3438551917019,2057.05352676338,0.40557518443637
0.178947371254618,4.7881753057283,2050.75037518759,0.20817832063812
0.191935685714812,31.4683859934887,2059.45472736368,0.724161105053347
0.183559869490099,4.80198009042612,2050.30015007504,0.215134549722811
0.170992716787911,1239.57645455257,2084.51725862931,0.576162596522957
0.12642583263591,5.07196553857306,2059.90495247624,0.1084180802804
0.0857282373950876,4.25507507288674,2072.06103051526,0.0404697131115451
0.171001617087291,6.25819530279368,2053.45172586293,0.24101958078467
0.177614285323928,7.56780167843215,2053.60180090045,0.299464062073228
0.191947851615535,1547.20331356802,2079.71485742871,0.983379819447157
0.191948025219382,9.2308418493486,2053.00150075038,0.403123179110179
0.175654657053508,28.3702534600969,2061.55577788894,0.509939540947639
0.161511531088119,5.28056837192541,2053.75187593797,0.190550916792947
0.195912728171982,7.4382002633935,2051.35067533767,0.352928830486023
0.183818273861353,38.6052759973495,2061.85592796398,0.646119550505634
0.164592298181596,3.50861959151272,2050.60030015007,0.139424368574761
0.146834038650844,14.257340102472,2063.05652826413,0.232196371971199
0.0853910590707879,1.53125056362849,2059.00450225113,0.0262686469226472
0.185462566103522,4.87160332233193,2050.15007503752,0.220859810894462
0.177340128896434,5.37257572706184,2051.65082541271,0.228270201541542
0.189608878531946,105.744080225672,2066.20810405203,0.846638729239842
0.198737684179146,6.94161247758823,2050.75037518759,0.337907092506618
0.155178227574342,2.78683513858361,2050.30015007504,0.103680279798441
0.083191647280894,1.8570226648111,2062.45622811406,0.0280934530776834
0.171817877631696,33.0468281812645,2063.20660330165,0.480503221272323
0.162908681683284,7.20633469066447,2055.40270135068,0.239457893846591
0.195008559722921,21.0295852575175,2056.90345172586,0.668480780470025
0.172633257767576,6.25819530279368,2053.15157578789,0.246392483331978
0.158302885695017,4.92802801770652,2053.75187593797,0.174871254264469
0.154081592729584,16.2294041616006,2062.30615307654,0.281900754475713
0.160152639705201,3.95958264771409,2051.95097548774,0.150486423027047
0.193704246965754,19.7958495069776,2056.75337668834,0.63854522609861
0.152984374687057,65.7588922489258,2071.76088044022,0.335410007001829
0.170433674602003,3.88058521159597,2050.60030015007,0.160226468416718
0.160670807130407,4.25507507288674,2052.4012006003,0.160318294592232
0.169128141281448,87.1937028632918,2069.50975487744,0.505527442122481
0.186314781774965,51.6331037591724,2063.05652826413,0.71196722759982
0.196314506610035,28.7815897627645,2058.25412706353,0.776098564644826
0.196426441480976,19.9675638236179,2056.45322661331,0.668734773384984
0.191325641267119,7.90177085082341,2052.25112556278,0.355852710522325
0.10838524842114,2.66904925964653,2058.55427713857,0.0563124775201811
0.118455784223343,1.93897358646993,2053.15157578789,0.0523840378119399
0.114370247109091,1.8199732981517,2053.45172586293,0.0469801629860418
0.153896681897387,2.77882351455518,2050.45022511256,0.10266995479041
0.178286373535411,8.03944940844679,2053.90195097549,0.31390597918964
0.186602721844995,14.9724828208773,2056.30315157579,0.499265133001533
0.177669923181055,7.50272113554967,2053.60180090045,0.296697637968509
0.185873638537784,27.3280820090234,2059.6048024012,0.622365578785188
0.0920352684559671,1.12205075712963,2052.85142571286,0.0228760627716593
0.136759276005198,1456.43404646513,2099.37468734367,0.232084601913057
0.154494648373524,7.92455244054436,2057.50375187594,0.21931779055845
0.145161833509189,7.87905475386486,2059.15457728864,0.186610948229518
0.176015674439062,7.18561784115829,2053.60180090045,0.282044291099501
0.186111033596957,7.78884153617836,2052.70135067534,0.335770925424263
0.162836017798845,3.24621921773864,2050.30015007504,0.127664562824692
0.150110060265073,8.01633751167032,2058.40420210105,0.204091288131705
0.191982321373443,11.6551167748285,2054.20210105053,0.472719865574355
0.117106013002229,1.58051892322707,2051.50075037519,0.0427577785809491
0.156988393559242,6.02830266228601,2055.25262631316,0.196782235186408
0.106420932414091,5.19013667692469,2065.75787893947,0.0717237812566339
0.158854378165852,3.21830282695794,2050.75037518759,0.123083043878043
0.144664182879259,5.99369202303595,2057.35367683842,0.162433606433634
0.173004095744139,4.44285270778494,2051.05052526263,0.185778078731548
0.10090652869295,6.7058929175172,2070.41020510255,0.0668209319228978
0.158423295201562,7.16496054867685,2056.15307653827,0.222209713490759
0.176655975520864,28.2886943462597,2061.40570285143,0.516847129271541
0.173723407607563,21.8315600677534,2060.35517758879,0.45999525226114
0.124403127993421,9.74983462452457,2065.90795397699,0.127999243230777
0.199917938522676,11.858192730432,2053.30165082541,0.528208583635648
0.14780605226277,5.29579277470977,2055.85292646323,0.159937952737951
0.167701917771392,14.9724828208773,2059.15457728864,0.363566939584171
0.186334845207044,8.25047817477399,2053.00150075038,0.350980679082122
0.120528523321585,4.92802801770652,2061.10555277639,0.0955393548510375
0.188098577901098,16.9456122371505,2056.75337668834,0.541929518598341
0.171508695344386,11.3243557313592,2056.90345172586,0.345008620906537
0.11908572348902,14.6315832552147,2070.86043021511,0.122866342387361
0.140924327033434,64.0769269600819,2075.21260630315,0.243970817999057
0.134585244643601,2.69220128298041,2053.15157578789,0.0831786987391389
0.172134265503869,21.5195511317025,2060.65532766383,0.437600695758397
0.178145982525448,10.0925521055113,2055.25262631316,0.360259766977725
0.188737808769146,12.9651693704974,2055.10255127564,0.485312573840474
0.191246778644049,11.0665182039154,2054.05202601301,0.452300595496965
0.167027774806275,7.85640396138943,2055.40270135068,0.265608727689341
0.172071374812305,9.44591016576076,2055.70285142571,0.318817044447656
0.198907682768309,48.6039614703936,2060.65532766383,0.923245442860353
0.169511791655319,34.208460777616,2063.80690345173,0.462955298599986
0.198775950898263,13.1531495321769,2053.90195097549,0.559576496772123
0.184358333349803,21.0902156392867,2058.40420210105,0.558688145884641
0.190804062610012,6.44098426295101,2051.20060030015,0.297707793112139
0.195306764616403,11.2593385593765,2053.60180090045,0.482278517577052
0.136773679066316,13.932723196473,2065.30765382691,0.184661237367704
0.191735668312187,98.1178305232072,2065.45772886443,0.877295448204287
0.195724888270844,8.78994173863968,2052.25112556278,0.405158402591071
0.187351486377768,7.39549489831676,2052.25112556278,0.326314298784664
0.15306672148522,141.428727684403,2076.71335667834,0.350632465999655
0.0918584544645501,1.1817296425721,2053.60180090045,0.0239338306718057
0.198046491106418,202.687378964529,2068.00900450225,1.07187812308624
0.133305083349361,8.49145760309168,2062.45622811406,0.149949051734647
0.168872697758776,5.08658851868221,2052.4012006003,0.201837826470111
0.196669985874966,20.788801735641,2056.60330165083,0.685330025966913
0.162892511448476,11.4225861207707,2058.40420210105,0.298212549549146
0.163080832990261,97.8357603146925,2071.6108054027,0.443231131684496
0.179436558235962,177.546586943045,2071.16058029014,0.683407887241199
0.105004727870643,5.70741049859425,2067.25862931466,0.0709261557360946
0.159480842127727,9.39167782086193,2057.65382691346,0.260370311110318
0.18900503958873,10.6599934842429,2054.05202601301,0.431463460335452
0.195975464135753,18.1056638759021,2056.00300150075,0.635155141659252
0.135474248853163,3.13598584352336,2054.20210105053,0.0946263212936463
0.167287574475344,131.98668844869,2072.3611805903,0.499658707447942
0.180622815546333,4.8997344482741,2050.75037518759,0.215182317551302
0.164127764757056,67.6795736840215,2069.05952976488,0.445779793711997
0.199832189010587,28.9477893633602,2057.80390195098,0.826355120664557
0.195575175131345,7.20633469066447,2051.20060030015,0.341929651126229
0.130744718394427,3.13598584352336,2055.10255127564,0.0886240711853082
0.144803738055768,10.1216499350543,2061.10555277639,0.201707168968909
0.189821070601461,60.4916490468777,2063.20660330165,0.798884866643899
0.189235544733456,55.8067423266136,2062.90645322661,0.775929439873325
0.168944953662056,36.13178957939,2064.25712856428,0.460773562532702
0.170368448863513,5.82359678794962,2053.00150075038,0.228116112161981
0.167070018846952,1098.39915480281,2085.11755877939,0.516550107949681
0.177056154216424,7.2688443008963,2053.45172586293,0.288969569022628
0.168220008351057,37.0802185815206,2064.55727863932,0.455235877585266
0.197146586017703,127.872364011854,2065.75787893947,1.03239299454419
0.159335725591889,15.2333597657718,2060.80540270135,0.310052723843621
0.199849674833361,17.5412692675873,2055.25262631316,0.669523217801548
0.14683429046385,41.4862782755825,2070.41020510255,0.275233835389404
0.179936934078006,4.36676720472819,2050.15007503752,0.19126912327882
0.170094194416706,7.72186012504483,2054.8024012006,0.274989570543579
0.175723812376969,18.8503244528549,2059.15457728864,0.457823685001547
0.165270002689808,38.7165788401476,2065.45772886443,0.427027346609687
0.125693928241679,14.8010516157109,2068.90945472736,0.143520136073652
0.185275574218071,208.60745870723,2070.71035517759,0.797907787999788
0.16760731526457,13.7731969804542,2058.70435217609,0.350472228511815
0.0888383094032216,2.46943812909056,2063.95697848924,0.036464511011374
0.197348565568976,7.18561784115829,2051.05052526263,0.345045961362493
0.190344363700105,69.6563542571799,2063.80690345173,0.831702069308925
0.166673127825807,21.4576864915806,2061.55577788894,0.394965649933474
0.192778357503559,9.77794436555052,2053.15157578789,0.426035161784664
0.195794507664765,150.242983290666,2066.8084042021,1.01687390921132
0.162564283901406,5.84038679556032,2054.20210105053,0.207998052469235
0.187278994495258,11.4555185704036,2054.65232616308,0.442144706545625
0.16218151494079,7.50272113554967,2055.85292646323,0.241161950288397
0.173029634357114,14.8010516157109,2058.25412706353,0.396702249505667
0.199189134450588,10.3574730860055,2052.70135067534,0.474675386629799
0.169278474436238,23.3260907272937,2061.55577788894,0.426579282953778
0.15763059783851,11.6216105181022,2059.45472736368,0.271999290282669
0.198729171856927,34.0120577830084,2058.85442721361,0.844253739693735
0.169646306002081,7.20633469066447,2054.50225112556,0.260926402000186
0.190867348314982,11.756216271046,2054.35217608804,0.469269914227053
0.171376098019927,25.7248344244728,2061.70585292646,0.458523601600488
0.135057611153041,2.0657547958787,2050.90045022511,0.0658087051065022
0.196474428320813,6.76406156642458,2050.75037518759,0.324875660793222
0.149627865059785,26.6290908341743,2066.65832916458,0.279898164136598
0.184015749292102,12.3814980416064,2055.55277638819,0.439729585087273
0.147802914479474,28.0454211126682,2067.40870435218,0.271899712180816
0.193815184750534,127.138203086498,2066.35817908954,0.952079410298455
0.199532991558417,147.245493016899,2066.05802901451,1.10066088750189
0.0460153106037389,1.00288309926358,2072.66133066533,0.00786618445735675
0.195486366899288,321.274842370961,2070.86043021511,1.02849591588261
0.192963792515873,2438.35409826883,2081.81590795398,1.01021385939368
0.174067140564941,28.1262788456248,2061.85592796398,0.488002125869355
0.106149856535045,11.1304219326752,2073.26163081541,0.0841523084133808
0.194657814613439,6.22226476776323,2050.60030015007,0.296466283453244
0.180328903248608,7.00182581890258,2052.85142571286,0.290706043063215
0.171050389257425,7.72186012504483,2054.65232616308,0.278775082187498
0.174460360767489,18.8503244528549,2059.45472736368,0.441599774131547
0.166576911344055,566.484846656702,2081.36568284142,0.502311328933966
0.18381761405602,37.2943387037601,2061.70585292646,0.637463025746896
0.197180288430412,100.403866506169,2064.55727863932,1.00356212475946
0.141753189934877,4.82970917626452,2056.30315157579,0.13798380970172
0.120746449212255,2.49804006667886,2055.10255127564,0.0656435001457781
0.148548539239063,3.95958264771409,2053.75187593797,0.132234002750497
0.152593957296519,8.91738586389294,2058.55427713857,0.225490371846398
0.159364500304133,10.783461436218,2058.70435217609,0.272207543881682
0.1625284926643,10.2684023095805,2057.80390195098,0.28287258548258
0.162957577324537,11.0347040567755,2058.10405202601,0.295839460953034
0.146339680692224,4.95648496866088,2055.70285142571,0.149868974109648
0.105450793596125,20.257070714631,2079.41470735368,0.087523677908918
0.18647866551582,96.4375262265749,2066.35817908954,0.775210607259854
0.165887862564535,14.4640552653053,2059.30465232616,0.345355942132512
0.168094189223255,30.6634951091254,2063.50675337669,0.435267237098278
0.199365809761683,152.860780949318,2066.35817908954,1.0829105315225
0.199211846436743,28.0454211126682,2057.80390195098,0.801185387436216
0.172570663599792,23.259032627454,2060.95547773887,0.455454512530697
0.0983132061100642,14.3396692667093,2079.41470735368,0.0696470593008514
0.154059735301744,52.2311372931222,2069.95997999,0.3388239692144
0.198660530627786,135.841747034889,2065.75787893947,1.0816989547428
0.0873493582600023,10.4774371358388,2081.9659829915,0.0493017238928488
0.170881268850064,15.7234968241093,2059.00450225113,0.388327458527327
0.197758245151075,26.4762037102107,2057.65382691346,0.770812454109276
0.18373135221601,9.15145972170511,2053.90195097549,0.365952155522997
0.198634987818201,76.3784327637523,2062.90645322661,1.00593987001552
0.126948422009779,2.52697328239242,2053.90195097549,0.0721451338405579
0.184501087659872,14.5895202202118,2056.45322661331,0.477216757625647
0.0984809183530964,1.28833114804146,2053.00150075038,0.0283424915402644
0.171715984558556,4.39198314906283,2051.20060030015,0.181854255549481
0.153194790422091,5.84038679556032,2055.70285142571,0.18240007039314
0.188715255880242,2914.84962034325,2083.91695847924,0.910339291261097
0.197140140614142,10.7524610237587,2053.15157578789,0.47727132623924
0.162685081669586,9.89119610131619,2057.50375187594,0.279865868292413
0.193198210039805,8.89175006582625,2052.55127563782,0.399169652880432
0.148885200476459,7.16496054867685,2057.80390195098,0.190830416364819
0.185498408389607,7.4811522310616,2052.55127563782,0.323326446487768
0.172442031655874,8.68929909148323,2055.25262631316,0.303545332242849
0.180678733830638,11.6887196334189,2055.70285142571,0.40536728673416
0.158620455751186,12.7431360287119,2059.90495247624,0.28555594464897
0.119891213924318,46.5497099496079,2080.31515757879,0.139506439414699
0.163488387118084,6.74461616851603,2054.95247623812,0.230837807534533
0.129543261597672,2.0657547958787,2051.80090045023,0.0624667529665502
0.140386371930125,4.94223601165526,2056.75337668834,0.136549424793895
0.160659903703725,173.504134191697,2075.81290645323,0.426797609941356
0.179622512419569,12.0648070327153,2056.00300150075,0.406500203513236
0.184781576401685,11.5216685859765,2055.10255127564,0.425466584183427
0.18496692403113,7.92455244054436,2053.00150075038,0.335195330374139
0.199450702264053,29.6222405590191,2057.95397698849,0.830051612526053
0.192250569962833,22.0844211988575,2057.50375187594,0.65306758971125
0.171941815677682,19.3451295709733,2060.05502751376,0.423074206787507
0.167309308233084,41.6058873339274,2065.45772886443,0.452145039278924
0.17208034238554,4.97077500682395,2051.80090045023,0.204125500313603
0.17753398981092,72.5212224721817,2066.50825412706,0.618313999948521
0.191451971159408,13.9728926204603,2055.25262631316,0.520482202606247
0.194268733168639,7.81129753947542,2051.80090045023,0.36258832668717
0.102694554565025,1.81474121907939,2056.00300150075,0.0398222642503072
0.182188395096632,491.95228346019,2076.11305652826,0.75644021938455
0.188523993329156,188.069590808229,2069.50975487744,0.851913897716687
0.144226624865088,128.610764357393,2078.96448224112,0.275724265975793
0.193130448839959,9.58286508470002,2053.00150075038,0.420784057627777
0.197509487470148,139.407478322704,2066.20810405203,1.0341411810599
0.114536409572523,1.35685404373703,2050.30015007504,0.035673695221354
0.164816916659338,4.09876636139165,2051.65082541271,0.161528688957409
0.196766966471502,7.3318961356485,2051.20060030015,0.350131312032568
0.174531510546904,43.9451273819645,2064.25712856428,0.541572536784624
0.199773912753441,12.5972302899552,2053.60180090045,0.549256754626687
0.185852214887309,15.7688292262238,2056.60330165083,0.510436528836599
0.162385740932347,12.7065019223768,2059.15457728864,0.30754248460939
0.187247830387436,39.6186319317599,2061.40570285143,0.699155047758031
0.16342933261566,10.8769999686707,2057.95397698849,0.296107731174038
0.195296242107451,9.63820144251651,2052.85142571286,0.430980667157909
0.188196910941861,30.4874450288918,2059.90495247624,0.663924974521585
0.0588765309189829,1.93897358646993,2076.71335667834,0.0153351450455154
0.167899537900062,17.0434648578319,2059.90495247624,0.380702913056282
0.171832132033928,5.64206206761865,2052.70135067534,0.225453760405649
0.189442499875135,13.5763553199153,2055.25262631316,0.502646033870534
0.160008428936593,4.14623977579979,2052.4012006003,0.155584724532584
0.115788457423187,7.54604567969013,2066.20810405203,0.0991065325379182
0.1851288902284,9.77794436555052,2054.05202601301,0.389889955183181
0.198159313481248,67.6795736840215,2062.45622811406,0.964554694320557
0.120226980048125,19.4009034997931,2072.96148074037,0.129807321166177
0.113431018298167,19.1787679790464,2075.36268134067,0.109181087387308
0.190943964680504,30.3124057150643,2059.30465232616,0.714326379535841
0.190653874876164,16.464712003024,2056.15307653827,0.562574410555258
0.188845199253586,17.7955976561148,2056.90345172586,0.560995400302653
0.180802841936778,8.22675961020021,2053.75187593797,0.327822995016066
0.158353257570417,247.228352377776,2078.66433216608,0.409262966661969
0.163610511432919,16.6554123326141,2060.65532766383,0.343030140546259
0.192010222013129,18.1578643020893,2056.45322661331,0.603795321759076
0.12911105487912,8.71435120329488,2063.65682841421,0.138748867032856
0.190289307415481,20.4916955329151,2057.35367683842,0.616026686051116
0.193740357758528,7.76645008964431,2051.80090045023,0.360056194751744
0.176769837117375,31.5591124739724,2062.0060030015,0.530725980431629
0.196822294800064,51.1890764754063,2061.10555277639,0.913264602353025
0.165367558478955,8.84069935203988,2056.30315157579,0.278453029608463
0.159223139537885,3.02949571521225,2050.30015007504,0.115989349717439
0.199013893067995,10.5987906532703,2052.85142571286,0.481580378725078
0.187517127971404,149.811063124895,2068.45922961481,0.828256193440469
0.130236873892272,7.92455244054436,2062.60630315158,0.138221590178357
0.157471793064047,7.20633469066447,2056.30315157579,0.22029505661432
0.181996123816905,4.59902389909696,2050.30015007504,0.204246662819698
0.17077031636431,33.2376574471234,2063.35667833917,0.475749700487335
0.196558081820509,8.06262793911584,2051.65082541271,0.380448388669144
0.126291699128374,264.914528391194,2091.5707853927,0.173655107687467
0.170414480910891,14.0940971036004,2058.40420210105,0.370914272082777
0.164554114080758,7.08292353206951,2055.10255127564,0.241614618403572
0.139978243952929,2.10174801133249,2050.30015007504,0.0697514272759024
0.197701319109431,10.0925521055113,2052.70135067534,0.459737538265752
0.19481622309357,13.3054941313703,2054.50225112556,0.533437542238779
0.192689205176538,127.872364011854,2066.65832916458,0.917910262076419
0.152415478698543,5.82359678794962,2055.70285142571,0.181278600416907
0.197154940964242,9.61049343596866,2052.55127563782,0.439317110358126
0.181490255642843,4.74699861247518,2050.45022511256,0.210009891359595
0.117548561724782,9.33775684323017,2067.55877938969,0.10839462923018
0.150399068825992,2.75492656923522,2050.90045022511,0.098893518642684
0.163007764675662,30.3997993896586,2064.4072036018,0.39297495579367
0.18585439207271,17.4908414355252,2057.2036018009,0.531651937039868
0.147415043011293,9.39167782086193,2060.05502751376,0.206485359376018
0.176191492761558,13.0400368809022,2057.05352676338,0.396317403376869
0.174793361229689,87.4450909638054,2068.15907953977,0.588333573615934
0.152384490272355,5.35713058780925,2055.25262631316,0.171197232790421
0.14548286019895,4.49431145638251,2055.10255127564,0.139338551222859
0.181858059784912,8.96887940476934,2054.05202601301,0.352167590298834
0.174634636367887,130.475473686424,2070.56028014007,0.594757478859028
0.15880391501195,64.6327467909754,2070.11005502751,0.387845013424927
0.173786315906744,8.44270511134198,2054.8024012006,0.305750307487815
0.199903233039442,7.4382002633935,2050.90045022511,0.363651787961299
0.194773352816634,22.3402110602687,2057.2036018009,0.686562977912095
0.188916889020008,71.4847748067636,2064.25712856428,0.800196217044088
0.196694065438126,7.6115020308696,2051.35067533767,0.362281001998415
0.156676754962393,3.37001557459736,2051.35067533767,0.126228430233343
0.169072249315735,19.9101608535235,2060.65532766383,0.40697859629657
0.19510824290888,17.7444386780296,2056.00300150075,0.621525855349057
0.146678802310329,6.862132740856,2057.95397698849,0.179440225711431
0.166854421099212,11.0665182039154,2057.50375187594,0.316006498879571
0.189000251036416,11.8923810771604,2054.65232616308,0.462158519230525
0.169164206706449,20.5507751252155,2060.80540270135,0.412566311917044
0.19010285170375,23.1254942116391,2058.10405202601,0.635598182564412
0.173296861121012,8.20310923201435,2054.65232616308,0.299134179784668
0.157055470810798,5.11596107896008,2054.20210105053,0.17649195192939
0.0857219125736985,1.83048275359669,2061.25562781391,0.0294457394824173
0.147094100428945,6.68661474347447,2057.65382691346,0.178693562572937
0.179765269332581,15.9056121278034,2057.65382691346,0.457374251061704
0.174698701646724,38.3836293157633,2063.50675337669,0.527245453679332
0.140524827085234,23.0590127888488,2068.00900450225,0.220216258084218
0.188207281298172,14.5895202202118,2055.85292646323,0.510152930470606
0.160441900932099,4.65229147967714,2053.00150075038,0.171976922224613
0.149008580114999,14.053579239644,2062.45622811406,0.242900225708825
0.19441765962583,104.533336801941,2065.30765382691,0.936671981809065
0.173688717817258,30.7519010092932,2062.45622811406,0.491741215817562
0.186399211365802,78.8359274288079,2065.30765382691,0.756539417630948
0.199032813165512,15.7688292262238,2054.8024012006,0.625054072013855
0.195891150920599,24.425696794902,2057.50375187594,0.724267372989697
0.128405197341247,8.84069935203988,2063.95697848924,0.137228056339017
0.18230067702333,9.5553161597167,2054.35217608804,0.369034166251724
0.193635825043289,10.6293480187976,2053.45172586293,0.456308497517392
0.125925568411173,2.74700667630971,2054.8024012006,0.0758661594196939
0.198697875105502,10.5076446271293,2052.85142571286,0.476546348088398
0.193181177004217,17.4405585739443,2056.15307653827,0.599314189463665
0.195765984588269,7.2688443008963,2051.20060030015,0.345346287082444
0.19940339056685,11.6887196334189,2053.30165082541,0.51862846937996
0.187931418073124,20.8487379146156,2057.80390195098,0.593662877766056
0.135329236744301,23.6642924260888,2069.65982991496,0.19464823960983
0.178381566356148,7.81129753947542,2053.75187593797,0.307842235157035
0.175564317358617,9.74983462452457,2055.40270135068,0.340957803810079
0.192301276958753,23.9383809351586,2057.95397698849,0.670233998179102
0.166398862615736,6.61005466738882,2054.35217608804,0.23788613316101
0.126788906340675,39.7328563803063,2076.4132066033,0.164694205312651
0.149611625996454,15.6782947440786,2063.05652826413,0.253254912183222
0.1752986365324,62.4379825789225,2066.20810405203,0.568683348379944
0.185975321345488,13.1153367145537,2055.55277638819,0.468172294709451
0.181046555472954,58.7749540238697,2064.70735367684,0.64739364425922
0.199432653934205,32.5745345994639,2058.55427713857,0.84133454021811
0.169319662962474,4.01699207793678,2050.90045022511,0.164376580969349
0.125558632865949,1.91677282105974,2051.80090045023,0.05605940257478
0.146301412486015,3.71657187129828,2053.60180090045,0.123218904675591
0.181096860144929,20.9088468955437,2058.85442721361,0.525165301347161
0.196826566011899,8.25047817477399,2051.80090045023,0.388670242716145
0.168072199666589,12.2397329678754,2057.95397698849,0.335619364344528
0.193711384316878,21.5195511317025,2057.2036018009,0.659870219702098
0.174938750465091,11.6551167748285,2056.60330165083,0.368189129884737
0.184862522801025,5.37257572706184,2050.75037518759,0.241759158745481
0.180535498244834,261.128463634885,2073.11155577789,0.704539777921461
0.192479920832425,238.833104350358,2069.95997999,0.944758964042709
0.188657221735053,17.8469041306121,2056.90345172586,0.562044727235407
0.155132597008047,20.9691291766305,2063.80690345173,0.30432212868078
0.182188327884759,12.5972302899552,2055.85292646323,0.433397558450522
0.162060519273766,58.9444080505326,2068.75937968984,0.415362189573934
0.179259069950013,5.16033824803901,2051.20060030015,0.223541851839847
0.104418009024533,1.57144459943409,2054.05202601301,0.0364888369010715
0.13819535541398,5.25025074237118,2057.65382691346,0.135919718410615
0.185368495090801,11.0984240743995,2054.8024012006,0.42039345202031
0.181545995845193,8.91738586389294,2054.05202601301,0.350248252793222
0.172554926621878,24.2156440378081,2061.25562781391,0.456326925279293
0.14587044488008,15.1023580078497,2063.65682841421,0.231072874734872
0.111872037339327,3.16318819550752,2059.30465232616,0.0658121889971795
0.186123159670825,16.6075311717231,2056.90345172586,0.521100910938363
0.170225090799078,9.2308418493486,2055.85292646323,0.305775601656318
0.19962036284276,31.8328643748612,2058.40420210105,0.838793890327929
0.112433609715993,2.18189932872234,2055.55277638819,0.0529266911560523
0.197127980508296,7.4811522310616,2051.20060030015,0.35853466375763
0.11240399438355,2.17562678075294,2055.55277638819,0.0527374648125589
0.182372375219962,6.59105201019205,2052.25112556278,0.283262557181674
0.106051012434883,4.66570449781614,2064.85742871436,0.0685796128499919
0.188900731546366,6.2943333190863,2051.20060030015,0.288446986975012
0.18904754212627,10.5987906532703,2054.05202601301,0.429220260752962
0.186147903241746,8.73947554283164,2053.30165082541,0.365849067917174
0.196548918346684,19.9101608535235,2056.45322661331,0.666974890046109
0.177081853758877,10.9398093223365,2055.85292646323,0.370408124150307
0.188227271917546,6.78356302734552,2051.65082541271,0.306402570825248
0.16737657869801,4.88564863828298,2052.4012006003,0.191902034440387
0.112522567235608,1.92229906736858,2054.35217608804,0.0480109594247753
0.1671867377889,3.84721348715026,2050.90045022511,0.155499093849285
0.186754418884096,4.95648496866088,2050.15007503752,0.22593284706876
0.195108992684635,90.5188827206817,2064.4072036018,0.944651012451702
0.191706123904804,24.9229329891828,2058.25412706353,0.67242282254923
0.194571205676053,13.6547521301788,2054.65232616308,0.540583324253992
0.193150408552105,9.61049343596866,2053.00150075038,0.422674441246116
0.177097780154389,19.9101608535235,2059.30465232616,0.474686973203086
0.195652895845006,31.1977684837926,2058.85442721361,0.776752678125686
0.143912072495818,2.46233896144414,2050.90045022511,0.0843471184442886
0.110697874920302,3.10901742259474,2059.45472736368,0.0638789591651342
0.149458138178449,3.00344307348301,2051.65082541271,0.106534911633648
0.199708719627706,189.700955062392,2067.25862931466,1.13276652013139
0.187604782925233,275.01718976248,2071.76088044022,0.841220046128365
0.116158723501069,2.81100886708374,2057.2036018009,0.0660948998959616
0.183609170192545,13.2672433518329,2056.00300150075,0.45196508089187
0.16233507139235,35.513019260565,2065.60780390195,0.391595098146581
0.159099587878563,19.9101608535235,2062.60630315158,0.329207536960507
0.19919228554573,76.3784327637523,2062.75637818909,1.02751108402907
0.180957003405618,10.9713498785374,2055.25262631316,0.39529660889134
0.156521667082655,3.07341994620988,2050.75037518759,0.115583731567156
0.170641475205404,36.6556592993152,2063.95697848924,0.482975726081766
0.192510657276653,16.3231210310229,2055.85292646323,0.577405752686715
0.153119321534361,3.81412874828321,2052.70135067534,0.135806984531923
0.183075904100892,7.90177085082341,2053.15157578789,0.328203376059362
0.18405654946489,23.8009421380058,2059.15457728864,0.575058066111264
0.19148830430793,6.13333836012256,2050.75037518759,0.286773567898617
0.19573851409416,13.1531495321769,2054.35217608804,0.535554325257386
0.198227595120595,14.5475781084805,2054.50225112556,0.590407279964292
0.183863033570468,3061.05736079501,2085.71785892946,0.788909729923803
0.179100773745508,17.4405585739443,2058.25412706353,0.469367408839804
0.171139437261798,34.208460777616,2063.50675337669,0.478630522942147
0.186170724598511,23.4607874898523,2058.70435217609,0.599397304111982
0.188561865929893,5.72386552959968,2050.75037518759,0.263071161573587
0.119846476993299,49.3086634510913,2080.91545772886,0.138146191816598
0.197677740209092,19.1787679790464,2056.00300150075,0.675180427539737
0.178856743019741,10.0346071582177,2055.10255127564,0.363271681532407
0.187034816330023,194.120775669537,2069.95997999,0.82772753110353
0.159798624267163,51.6331037591724,2068.45922961481,0.389300906923642
0.162355219642773,3.40904833026788,2050.75037518759,0.133338907120298
0.199586620990378,36.4452060637106,2059.00450225113,0.884548751904805
0.184132795802852,17.8983585267682,2057.50375187594,0.525641149344837
0.19857835880034,9.97699489356779,2052.55127563782,0.459510287240098
0.182919749149388,95.0592752055781,2066.95847923962,0.715071721212246
0.100102780391666,1.43314150019665,2053.90195097549,0.0318445548808362
0.174631927964598,8.27426512232383,2054.50225112556,0.306722733143966
0.173643841726794,28.4520477169552,2062.0060030015,0.484062594349361
0.16560612863579,20.1988354669711,2061.40570285143,0.379556378695011
0.164008616364599,64.0769269600819,2068.75937968984,0.442081907894048
0.128253930527923,16.3231210310229,2068.90945472736,0.155264984368076
0.169610765329901,11.6887196334189,2057.35367683842,0.340326649749229
0.192506347686954,34.5051938106528,2059.75487743872,0.761758394495605
0.150062162439177,17.9499612710559,2063.80690345173,0.265950419485913
0.158815485221661,8.39423252506469,2057.05352676338,0.244116730562932
0.17307569409328,4.43008034640065,2051.05052526263,0.185642930216211
0.191325785996441,89.2252188596224,2065.00750375188,0.864728796101486
0.18974722116115,82.0783386215772,2064.85742871436,0.826360987173764
0.168362329482492,263.393559440579,2076.26313156578,0.519953168457064
0.150329139329798,30.4874450288918,2067.40870435218,0.289533743759894
0.130797500678153,6.44098426295101,2060.80540270135,0.130460992762324
0.182362660404269,24.8512842698056,2059.6048024012,0.568587392802332
0.191674624521112,9.77794436555052,2053.30165082541,0.41974171216475
0.185971614663908,16.0435815196353,2056.75337668834,0.511107825942776
0.174680123786843,17.5412692675873,2059.00450225113,0.433455642162338
0.196615980217035,14.9294397640879,2054.95247623812,0.579613949647768
0.187892057510865,91.8313032315627,2065.75787893947,0.80656921822979
0.191020809978309,11.2593385593765,2054.05202601301,0.45965598748203
0.162141097979304,26.0978151697375,2063.65682841421,0.373937787393921
0.0677921240100639,1.3686237465133,2064.55727863932,0.0168638962511082
0.141753207655024,7.6115020308696,2059.6048024012,0.172684726212636
0.194310999002711,9.04667778353943,2052.55127563782,0.409061163702365
0.187856973052148,84.719229144993,2065.30765382691,0.80306319238075
0.1847518193312,16.9944681193122,2057.2036018009,0.515632114252202
0.169360420172226,6.862132740856,2054.20210105053,0.252398364217451
0.148569411941246,2.48369792620856,2050.30015007504,0.0881439433082217
0.175473364902131,13.7731969804542,2057.35367683842,0.40571342289495
0.184357820740357,40.6585876047624,2062.0060030015,0.664009828879249
0.195384670301366,56.4531164723065,2061.85592796398,0.899267158870926
0.187570727278009,19.0138370407198,2057.35367683842,0.569443765744065
0.142389971982338,4.30435891208667,2055.40270135068,0.129295034058734
0.172492498110643,17.1913042784243,2059.15457728864,0.417509899588599
0.115067699094974,13.7731969804542,2071.76088044022,0.109903634834549
0.197733149596971,202.687378964529,2068.00900450225,1.07599065298655
0.180481582095407,11.3243557313592,2055.55277638819,0.397446909602806
0.106408565926242,70.6662919109886,2090.67033516758,0.0965226458322635
0.199034680202344,25.5771389596111,2057.35367683842,0.773592306704603
0.160571702284049,8.1325652583707,2056.60330165083,0.246125894803645
0.193251958708852,11.0984240743995,2053.75187593797,0.466332856515489
0.150493707239264,6.38559396992509,2056.75337668834,0.184210505873039
0.159000246321478,7.08292353206951,2056.00300150075,0.222800418543644
0.133094092252334,2.62334079957365,2053.15157578789,0.0800151056494553
0.190420406650574,52.8360974706726,2062.45622811406,0.783347519082724
0.154801768441224,24.4961185033437,2064.85742871436,0.312677799286773
0.139026518348838,6.44098426295101,2059.00450225113,0.152202067606178
0.177523983792612,7.87905475386486,2053.90195097549,0.30638532036949
0.167821200842405,10.1216499350543,2056.75337668834,0.30948595793618
0.155969707378079,6.7058929175172,2056.15307653827,0.205965489141184
0.190717574871531,19.2895159816518,2057.05352676338,0.600074263708209
0.175986793969994,6.11570617216135,2052.55127563782,0.251334411679751
0.196303657231659,49.7363795461226,2061.10555277639,0.888712522105253
0.194551618309731,12.8907317012169,2054.35217608804,0.522340486372819
0.178179509903551,13.0025492407616,2056.75337668834,0.407949864313632
0.14997332412319,6.53437118513655,2057.05352676338,0.184358627113559
0.192975562770178,6.47817779606607,2050.90045022511,0.305325839820675
0.177779471450416,3327.59553306788,2087.96898449225,0.690956657620911
0.10811821310985,1.56242237457588,2053.15157578789,0.0381134277237652
0.178371085227309,198.072510456684,2072.06103051526,0.663915816318312
0.192736557341006,11.6216105181022,2054.05202601301,0.478136202535552
0.151789946538784,29.7076444189603,2066.8084042021,0.301495255252118
0.198186945334306,20.8487379146156,2056.45322661331,0.700565606439953
0.151639922658715,2.57841511385935,2050.15007503752,0.0936252257937268
0.191867236894606,8.76467231833321,2052.70135067534,0.388408558411763
0.198099881509524,13.8527304550101,2054.35217608804,0.567958957709791
0.187272850774017,71.0743551760129,2064.55727863932,0.766407104682604
0.142957063866784,12.5972302899552,2063.05652826413,0.207076666177702
0.0793486384703711,2.68446171339143,2069.2096048024,0.029982688536512
0.198569696186118,24.8512842698056,2057.2036018009,0.765090752915122
0.189173126078133,236.779220177662,2070.56028014007,0.879502933542587
0.15650290544151,13.0025492407616,2060.35517758879,0.278115199019094
0.149738124255391,12.6335493553273,2061.55577788894,0.239920247437966
0.19899224868527,151.110563018577,2066.35817908954,1.07476798289053
0.195979827735752,12.4888983567305,2054.05202601301,0.519736156095131
0.18995213542687,129.726367378442,2067.25862931466,0.861859488485965
0.120555007479968,5.46618619625777,2062.0060030015,0.0994167752578275
0.183040426152399,5.67464221589759,2051.35067533767,0.250703474864249
0.159017534412007,12.6335493553273,2059.75487743872,0.287304046243313
0.173184101292034,23.1254942116391,2060.80540270135,0.460898854341246
0.195490028073881,6.33068001474387,2050.60030015007,0.302838202896882
0.197481706072325,18.4742425689144,2055.85292646323,0.660627141838664
0.0734923826196013,1.95579274466099,2067.55877938969,0.0229352640084358
0.171890762355506,151.110563018577,2072.06103051526,0.559749049206559
0.193182885886387,14.6315832552147,2055.25262631316,0.54759906711172
0.186193695578027,15.9056121278034,2056.60330165083,0.514939150519049
0.170927825948613,8.84069935203988,2055.55277638819,0.300461514763507
0.142779416702888,5.35713058780925,2056.90345172586,0.148404212599566
0.159501845549756,28.1262788456248,2064.70735367684,0.356476593113669
0.136756882967059,75.9399168943669,2077.76388194097,0.22260671613046
0.181586683740795,4.8997344482741,2050.60030015007,0.21699044347204
0.199976242625284,58.6059871454894,2061.40570285143,0.983861257333366
0.151080073031135,10.0346071582177,2059.75487743872,0.227513779286955
0.185536361151358,24.2854601433005,2059.00450225113,0.597755294932002
0.178727232399068,31.5591124739724,2061.55577788894,0.561153409501658
0.159551530499579,5.35713058780925,2054.05202601301,0.188582961387395
0.174253568303679,22.598963573615,2060.50525262631,0.46670953038603
0.191181356007713,31.1977684837926,2059.45472736368,0.720103654130958
0.181874246928904,19.9675638236179,2058.55427713857,0.51904804882484
0.195495759235455,11.3570049730287,2053.60180090045,0.486538056050195
0.171983087997206,170.532811440152,2072.66133066533,0.571431191695681
0.18013675494931,9.15145972170511,2054.35217608804,0.350502257371921
0.131672290782205,19.5129342263596,2069.2096048024,0.174694955876442
0.17049579536709,7.97031285410644,2054.95247623812,0.282095199047054
0.174273823277073,1197.4835809609,2083.31665832916,0.624082974123838
0.0727525688106044,11.9266679922861,2094.12206103052,0.0320570093071113
0.188935569934326,59.6271237907573,2063.35667833917,0.772721075736621
0.119597990310535,3.00344307348301,2057.05352676338,0.0727721302026055
0.132717946492108,17.3404260963733,2068.00900450225,0.175852430263194
0.165441955124176,3.42873391662958,2050.45022511256,0.137209727115498
0.167015283770675,10.1216499350543,2056.90345172586,0.305017885730107
0.118775795859786,48.3249087633854,2081.2156078039,0.133853736470558
0.196755745583462,22.0209326641103,2056.90345172586,0.7022562790578
0.189074694907822,66.138617681658,2063.80690345173,0.796226375231314
0.156078795533847,25.2115995346114,2064.70735367684,0.32561439621228
0.159101447426306,22.9927224875773,2063.50675337669,0.340495913709251
0.1921304643024,18.2627170853981,2056.60330165083,0.597752555171405
0.19811103908184,15.9514695864158,2055.10255127564,0.614199862857706
0.180918236293126,7.12382395041967,2052.85142571286,0.296595895754551
0.131580750205809,7.2688443008963,2061.55577788894,0.138647935982447
0.164068760349835,17.6425615162172,2060.80540270135,0.357283161616013
0.171858216973663,11.8241026687353,2057.05352676338,0.355414328626773
0.199284741919389,30.7519010092932,2058.25412706353,0.828387601826015
0.180144262591192,68.4634633145046,2065.75787893947,0.643033740282946
0.198660368753313,19.6256118755653,2056.00300150075,0.692523778856917
0.177920311953589,4.36676720472819,2050.45022511256,0.189231790036043
0.17720769611683,101.859608002461,2068.45922961481,0.63533280047437
0.139259528212249,6.2943333190863,2058.85442721361,0.150569044491829
0.127532000194545,4.52026390637434,2058.70435217609,0.104814588729526
0.173318718852542,11.4225861207707,2056.60330165083,0.359288685139705
0.0949646121455706,4.24284253669373,2067.85892946473,0.0513793346224937
0.126193571630382,9.25745528268664,2064.85742871436,0.133112315689881
0.136193289054942,15.8598865007128,2066.35817908954,0.18841664767228
0.157089343319724,3.84721348715026,2052.25112556278,0.142094057347328
0.184936686700064,6.1687553886527,2051.50075037519,0.274698318558883
0.183701162546209,33.8167824081596,2061.10555277639,0.630340236845284
0.127080212735173,117.291709703905,2084.81740870435,0.174190164733409
0.184455228196167,7.28980110054726,2052.55127563782,0.313720655671917
0.163898416946824,19.3451295709733,2061.40570285143,0.364949510925521
0.189226908390102,85.2084412476855,2065.15757878939,0.818964084529388
0.190823199063179,35.1064040208769,2060.20510255128,0.72975200213779
0.174005515411089,5.13071090257931,2051.80090045023,0.213178618841883
0.183419733420205,11.1946946742062,2055.10255127564,0.411142026559842
0.186114538855171,5.22010717715947,2050.45022511256,0.237195239882283
0.153342853695261,6.74461616851603,2056.60330165083,0.198718519025565
0.177169527505914,7.65545473146367,2053.75187593797,0.299766396966255
0.186764332133347,5.75691805285236,2050.90045022511,0.261469560627225
0.160732396050417,12.1344753910871,2059.15457728864,0.293455948871437
0.133123602986337,32.0166835936232,2072.51125562781,0.192481207478784
0.178479135260829,55.8067423266136,2064.85742871436,0.611739064487715
0.185883425270328,159.60656931349,2069.2096048024,0.78903173590978
0.0751718351991658,1.31834782642385,2060.65532766383,0.0194064830333954
0.170508365070758,236.779220177662,2075.06253126563,0.547001197610568
0.186945624969106,25.4302914671788,2059.00450225113,0.625265126585641
0.173039183364392,32.2015642784471,2062.75637818909,0.49566850933818
0.156276198741106,3.86942926293753,2052.4012006003,0.141757401848334
0.181199060443723,24.2156440378081,2059.75487743872,0.543896788374215
0.106133706859009,1.40051115285914,2052.4012006003,0.0336863889213639
0.193722489518,70.0585856263266,2063.35667833917,0.881662346600707
0.0708388212708877,3.20905081491668,2076.56328164082,0.0251865562686437
0.197417639203968,15.6332226114801,2054.95247623812,0.60810906272729
0.183461752737089,17.5412692675873,2057.50375187594,0.514666901510223
0.192747063547587,187.528926298918,2068.60930465233,0.946998741188549
0.121385872940239,41.011270705513,2078.66433216608,0.144033016864946
0.151640926945991,5.01389279437678,2054.95247623812,0.162053419074471
0.101183207072095,1.20231981606127,2051.65082541271,0.0274593325498478
0.186983856127787,45.3590725519368,2062.15607803902,0.71635531835226
0.18771657344323,26.2485172849919,2059.15457728864,0.632676083178746
0.179602065246601,6.2943333190863,2052.25112556278,0.266280341446797
0.192809782603399,52.6842036818354,2062.0060030015,0.829539632113686
0.181015944996991,4580.52469405089,2088.71935967984,0.748086555273294
0.19173002861077,515.143212544318,2074.012006003,0.969311789439639
0.198967219537394,26.705865146348,2057.50375187594,0.79299862431456
0.155144832812448,45.2286737958236,2068.75937968984,0.342829726720679
0.162944712486211,18.5809222819382,2061.40570285143,0.351203974751079
0.178349632933723,14.0940971036004,2057.05352676338,0.429915801852159
0.189801644711296,31.1080807989498,2059.75487743872,0.689825898762282
0.168148491304521,10.1800975118018,2056.75337668834,0.311706935847043
0.194216836694517,7.14436264200497,2051.35067533767,0.335759637982915
0.108620669729983,5.49775074742009,2065.60780390195,0.0766757741098851
0.191259702347992,7.04225793763313,2051.50075037519,0.32458993759285
0.166752506254251,24.0073976636039,2062.30615307654,0.402032805121847
0.165895526914205,68.8588063220333,2068.75937968984,0.465260887432192
0.130905096737914,5.80685504843578,2060.05502751376,0.124393342291607
0.175382223126949,4.8997344482741,2051.35067533767,0.206901385870981
0.153613392974157,12.2045460501459,2060.50525262631,0.25719148715855
0.119688964872211,2.46233896144414,2055.10255127564,0.064186713863545
0.176221016381861,6.90175820040029,2053.30165082541,0.275607375526647
0.199614746825848,7.50272113554967,2051.05052526263,0.364617351879161
0.183635838785833,6.57210398204128,2052.10105052526,0.285623485316433
0.174333029172135,4.30435891208667,2050.75037518759,0.182263691987971
0.13669340902689,13.1910713679069,2064.85742871436,0.183281512423374
0.178602002680909,97.8357603146925,2068.00900450225,0.646830047755857
0.196341539737565,6.38559396992509,2050.45022511256,0.307770093833012
0.169957140659072,39.9622941881329,2064.70735367684,0.474943758461564
0.13799565999948,2.79486986091936,2052.85142571286,0.0890759896896455
0.191373070924756,261.128463634885,2070.56028014007,0.939542821405179
0.189370045116427,13.4596032415536,2055.25262631316,0.497877086872929
0.177973365733131,39.6186319317599,2063.05652826413,0.571143950025129
0.181549897224243,46.0167273459691,2063.20660330165,0.636755936263035
0.180828377408103,30.4874450288918,2061.10555277639,0.572903347320445
0.174683839805451,3.92553157195246,2050.15007503752,0.166739869897902
0.150491008392896,12.1344753910871,2061.10555277639,0.241005961535547
0.198877877529924,104.533336801941,2064.4072036018,1.05870201332812
0.196101967021076,11.5882005855279,2053.60180090045,0.497820220068456
0.177016779359215,5.28056837192541,2051.65082541271,0.22383568943134
0.189984652129675,12.66997313217,2054.95247623812,0.481295965602345
0.192800436065801,80.2095456951702,2064.10705352676,0.895645074626765
0.136263338039687,6.862132740856,2060.05502751376,0.148636177101461
0.167540987422398,4.61228334151361,2051.95097548774,0.183681074183195
0.1321371609263,4.17018228211692,2057.05352676338,0.108700861600757
0.150597351764936,6.01097243209366,2056.30315157579,0.178688272033883
0.18092499617464,11.4555185704036,2055.55277638819,0.402777517763566
0.170181690912742,4.88564863828298,2051.95097548774,0.197703836311068
0.107921712356546,2.33798763817471,2057.35367683842,0.051567545328149
0.182970037348422,26.2485172849919,2059.90495247624,0.577272635617686
0.156689816538485,5.48194575365476,2054.65232616308,0.184669426688394
0.18238380183092,32.7626366009394,2061.25562781391,0.600333305187608
0.19556131182544,19.6256118755653,2056.45322661331,0.656387395497436
0.196984751722982,17.4908414355252,2055.70285142571,0.633968537548376
0.184661724642581,10.783461436218,2054.65232616308,0.411623211464379
0.199649906891268,163.796107142356,2066.50825412706,1.12539773277755
0.188175536297922,11.8241026687353,2054.8024012006,0.45194759539532
0.195049715869747,18.2627170853981,2056.15307653827,0.629295431591156
0.145734916449096,3.42873391662958,2053.15157578789,0.11484581900982
0.192619635329393,473.880586433101,2073.41170585293,0.982382159714232
0.1365794283087,3.98244730043134,2055.85292646323,0.113217140102643
0.12139540483091,62.6179974805149,2082.26613306653,0.145187097245288
0.144096948451718,6.61005466738882,2058.10405202601,0.169431512876092
0.187948608037095,6.36723659478765,2051.35067533767,0.289404198090596
0.194615690399142,56.2908244378238,2062.0060030015,0.878794186385568
0.194505081696132,82.5523008734509,2063.95697848924,0.933144263583091
0.199806263235047,16.3231210310229,2054.95247623812,0.640292721817159
0.190486458913223,6.66739199053658,2051.35067533767,0.30728165596978
0.159156506683595,10.2684023095805,2058.40420210105,0.266520077423321
0.165410711797336,6.11570617216135,2054.05202601301,0.22238848277101
0.19329279259083,19.738940183072,2056.75337668834,0.636639079522278
0.123991997743749,2.78683513858361,2055.40270135068,0.0742592190888363
0.169344979861295,21.6438160118766,2061.10555277639,0.418895701911124
0.177687236298041,20.1988354669711,2059.30465232616,0.481165951429187
0.137424184910787,2.81100886708374,2053.00150075038,0.0890457914092479
0.13869079549879,24.9229329891828,2069.05952976488,0.213368106851254
0.0787305089797768,16.3701822092467,2093.37168584292,0.0394587052758507
0.162246911709852,49.4508252223751,2067.55877938969,0.414265762111138
0.18165175958824,4.45566189315493,2050.15007503752,0.197240110731144
0.185291576241256,7.81129753947542,2052.85142571286,0.332686345808272
0.155662998408569,10.8769999686707,2059.30465232616,0.258516130240608
0.158673278217883,14.298445429222,2060.50525262631,0.300762666819721
0.195592669396019,7.02201277776474,2051.05052526263,0.334914508130181
0.196327118344564,16.7034315396448,2055.55277638819,0.613450299055668
0.123870220750826,2.44116367657533,2054.20210105053,0.0674099618667336
0.197844109963671,68.070390112422,2062.45622811406,0.971726043231158
0.183260524191817,40.308937459768,2062.15607803902,0.647158290200341
0.156414192230156,5.70741049859425,2054.95247623812,0.189024423947913
0.165233912060412,3.80316384938978,2051.05052526263,0.15157654060735
0.189282053749218,16.8968968064112,2056.45322661331,0.558741745332175
0.154049473969762,2.9350594625955,2050.75037518759,0.108328662761198
0.151230094528523,9.31091255809072,2059.15457728864,0.222729123153963
0.196855588552211,14.3396692667093,2054.65232616308,0.571395320439557
0.193912281203746,71.27926959708,2063.35667833917,0.896139796998112
0.155613383121429,57.9349631659321,2070.26013006503,0.353673187027432
0.181411647650319,43.5672141029724,2062.90645322661,0.631230944513372
0.144499977586745,11.1304219326752,2061.85592796398,0.205909984513605
0.171084473741126,82.5523008734509,2068.60930465233,0.538779168401343
0.150329320770965,7.6115020308696,2057.95397698849,0.201303323491983
0.176788238345616,16.3231210310229,2058.25412706353,0.438483784959488
0.184124405129313,6.1687553886527,2051.65082541271,0.272829784424662
0.181737908527944,19.738940183072,2058.55427713857,0.51338894291032
0.19386072921116,21.8945026225075,2057.2036018009,0.671942257685781
0.194516796138575,113.963083398268,2065.60780390195,0.968660393553641
0.167980459356059,3.45847564108692,2050.15007503752,0.140758688699316
0.195837056671243,52.6842036818354,2061.55577788894,0.878939234528412
0.146957847108321,3.04698957090351,2052.10105052526,0.105315683520533
0.166514966875302,15.2772790540943,2059.6048024012,0.353017437237127
0.163202194749289,8.1325652583707,2056.15307653827,0.256855269941152
0.158985758007478,217.187191083922,2077.76388194097,0.407827869188309
0.179664674800335,7.90177085082341,2053.60180090045,0.3159321697367
0.191715047668898,7.85640396138943,2052.10105052526,0.356529270209085
0.157149854304573,33.5259694810802,2066.35817908954,0.346709192941229
0.181691290774635,14.7585013912184,2056.90345172586,0.459427342538629
0.115315903031294,5.90803229623124,2064.25712856428,0.0907497988145253
0.179558379441927,49.5933968601569,2063.95697848924,0.619618409440262
0.189377664060629,47.4973267490208,2062.0060030015,0.759973856670416
0.166714097463574,56.1289989622505,2067.40870435218,0.460803660554761
0.158649217028677,8.29812065000463,2057.05352676338,0.241197760697206
0.192850792051058,6.2943333190863,2050.75037518759,0.296288506538241
0.137488716729435,6.62911211113257,2059.6048024012,0.148937392667658
0.0969458717668324,8.20310923201435,2074.16208104052,0.0627619422403955
0.166589648509669,43.6928227058688,2065.90795397699,0.44750940992383
0.144511356107868,6.1865405227709,2057.65382691346,0.164126574092069
0.185256059501579,54.3793307588897,2063.50675337669,0.703605203719731
0.189901535770628,5.94214829246472,2050.75037518759,0.275722117638379
0.152532936865062,2.71555413295041,2050.45022511256,0.0991036368253099
0.16332332261589,4.43008034640065,2052.25112556278,0.17051802169715
0.085776639146226,2.68446171339143,2066.20810405203,0.0352290168786058
0.199301200372395,7.94739971184986,2051.35067533767,0.383710907465357
0.147017356488296,24.2854601433005,2066.65832916458,0.260067463913301
0.173642498154311,13.0025492407616,2057.35367683842,0.381816502714917
0.182458030285088,8.46704626823108,2053.60180090045,0.343061052863221
0.164574397955041,10.3574730860055,2057.50375187594,0.294500331252497
0.195608531170798,10.1216499350543,2053.00150075038,0.449808800901519
0.107489112451678,7.97031285410644,2069.50975487744,0.0823031045349261
0.158804092986017,6.01097243209366,2054.95247623812,0.201735977919688
0.127793262712019,2.10780755947618,2052.25112556278,0.0624643002992867
0.101831668863227,11.6551167748285,2075.51275637819,0.0757857654101391
0.196324379121884,22.4692148500539,2057.05352676338,0.702704187017833
0.165241091812402,21.2120013170279,2061.70585292646,0.384481689666157
0.197173045188739,11.6551167748285,2053.60180090045,0.503176960733617
0.15807161603085,10.9398093223365,2059.00450225113,0.267870782356018
0.117367719876342,7.52435222533039,2065.75787893947,0.102240696341029
0.190521250638928,6.0805937181354,2050.90045022511,0.282356195396351
0.16505649274535,4.63891702142887,2052.4012006003,0.179805621320694
0.196174398464319,14.1754836193795,2054.65232616308,0.563833425415118
0.148154941803577,24.0073976636039,2066.20810405203,0.269614246517906
0.14696666096942,3.01210229799636,2051.95097548774,0.104307649738151
0.16692690465353,14.3396692667093,2059.00450225113,0.353656293605425
0.12760964987046,5.80685504843578,2060.80540270135,0.116949134139093
0.189596191578083,170.042561855291,2068.75937968984,0.869062751880298
0.166545475454091,4.17018228211692,2051.50075037519,0.166314866686912
0.178457295858962,44.4541159554714,2063.65682841421,0.585046305135482
0.188813602854663,18.5275056440599,2057.05352676338,0.574705006013624
0.119414653844673,14.6737675621227,2070.86043021511,0.122828832203979
0.181567438218432,15.9974592566334,2057.35367683842,0.47535037965343
0.196566621051917,15.4542261000141,2055.10255127564,0.592707560992732
0.134193325966578,161.920682445937,2084.3671835918,0.211474681539769
0.199086989431305,46.5497099496079,2060.35517758879,0.925918064658988
0.181744756655145,5.19013667692469,2050.90045022511,0.229560326843529
0.197500360272933,7.39549489831676,2051.20060030015,0.354608288632452
0.173009541600785,12.6335493553273,2057.35367683842,0.370820287150054
0.0548996866696022,4.49431145638251,2096.67333666833,0.0160009750325525
0.187240146332528,5.2653877364201,2050.45022511256,0.240897876517741
0.177411221829873,4.50726900243269,2050.60030015007,0.194203111040338
0.166054904343467,21.3959997006003,2061.70585292646,0.387294779110979
0.197887191810506,8.10918567113405,2051.65082541271,0.385441734751263
0.184732000841951,6.84240540686637,2052.10105052526,0.299395517822571
0.146460086851566,127.872364011854,2078.21410705353,0.290903606975294
0.152271539278752,7.3318961356485,2057.35367683842,0.204024329772872
0.151320094574506,4.62558101221893,2054.35217608804,0.153476524325613
0.178195076340132,8.66431899975565,2054.35217608804,0.329427173211862
0.109540921491131,1.30701047960937,2050.90045022511,0.032742838552638
0.0709402381545719,2.85176528809274,2074.7623811906,0.0244163615559665
0.174477548726901,5.32637338722108,2051.95097548774,0.220739196854366
0.18565838562093,12.8536732852339,2055.55277638819,0.458342805265099
0.183800719681292,3141.40753475427,2085.86793396698,0.789146637206555
0.134447271786977,583.030699103819,2093.82191095548,0.215294619243171
0.143884489458937,5.11596107896008,2056.30315157579,0.147713698818014
0.169216333087885,12.4529951356256,2057.80390195098,0.347693491152146
0.111311600950796,22.2759871780403,2077.61380690345,0.104268460322861
0.130937189069277,3.49853297367273,2055.85292646323,0.096051975063444
0.126387540501549,2.89311263070037,2055.25262631316,0.0788523217353228
0.17866136412456,27.9647958304035,2060.95547773887,0.540180659303261
0.149327462418746,8.25047817477399,2058.70435217609,0.204566889877365
0.199207621395429,6.51558610363938,2050.30015007504,0.31908199912874
0.108512874801571,1.48351801054375,2052.55127563782,0.0365884978492987
