0.198903031860477,36.7613412036469,2058.70435217609,0.931279465426768
0.109844309396993,2.71555413295041,2057.50375187594,0.0603319656739428
0.180801761020778,8.25047817477399,2053.15157578789,0.338733536262201
0.180394106909843,807.19180518879,2078.8144072036,0.795970542260085
0.170831237951925,36.9736199650277,2063.50675337669,0.518423952984804
0.199939124956544,129.726367378442,2064.85742871436,1.20216554040932
0.123352184321371,43.1925507507629,2077.61380690345,0.165123526745141
0.123168284817714,48.1859837890086,2078.51425712856,0.16653926887783
0.191612721397525,15.0589415844573,2055.10255127564,0.568456405623442
0.19219654341519,14.505756572389,2054.8024012006,0.562650655988701
0.190667910982281,501.967002108729,2073.71185592796,1.01848549633608
0.119587942192863,2.72338334507132,2055.25262631316,0.0706846215017323
0.113255231253451,1.70336542221432,2051.95097548774,0.0442968347435102
0.158973450253123,4.95648496866088,2053.00150075038,0.181762228731144
0.156052773469444,20.1988354669711,2062.75637818909,0.331128462588047
0.187971062882305,20.1988354669711,2057.2036018009,0.615591740430731
0.19394581978643,27.0930697176532,2057.80390195098,0.773902284408586
0.195853844060127,24.4961185033437,2057.05352676338,0.76597037354104
0.153555653560061,71.4847748067636,2071.46073036518,0.377437789999643
0.171569074924511,198.072510456684,2073.11155577789,0.620307826374903
0.188229223285491,759.836549466463,2076.4132066033,0.977544485043259
0.113875106602397,89.740450848535,2087.96898449225,0.131704159513698
0.161734135213771,2160.64613910014,2090.52026013007,0.496560651917895
0.18139470274112,7.67752616736229,2052.70135067534,0.322509053150066
0.180226196432093,8.34603823722249,2053.30165082541,0.339448209521417
0.163624683916338,10.0635379267258,2056.90345172586,0.300091764627542
0.118187162979938,2.90981894079874,2056.15307653827,0.0723987186435684
0.191484466592552,9.04667778353943,2052.4012006003,0.405225384484673
0.181241941088206,140.61673483207,2068.90945472736,0.775718252679754
0.132348832479946,7.76645008964431,2061.10555277639,0.153811304182518
0.183822091684324,8.84069935203988,2053.15157578789,0.369164103778487
0.180827381993175,5.32637338722108,2050.60030015007,0.234841193813249
0.123533728924025,187.528926298918,2089.46973486743,0.173946704972102
0.116600377850714,6.78356302734552,2064.25712856428,0.103971783393194
0.180454603294893,87.4450909638054,2066.50825412706,0.725536589412245
0.197331019637369,19.3451295709733,2055.70285142571,0.70182372127567
0.194316757580087,56.4531164723065,2061.55577788894,0.947448888194318
0.137803271350081,20.0828667363378,2066.95847923962,0.220987415911566
0.186333516824779,16.2294041616006,2056.15307653827,0.549248502015128
0.144812662415783,126.408257241301,2077.91395697849,0.310110808198657
0.155295892582014,4.44285270778494,2052.85142571286,0.159794314201496
0.105027171013015,1.94456383978917,2055.10255127564,0.0445533752291783
0.194412231257042,40.8933710575319,2059.90495247624,0.88037552277985
0.182648258171069,10.3574730860055,2054.20210105053,0.404557914029276
0.173009095537409,6.8227347852315,2053.00150075038,0.271290961560232
0.0914164561458525,11.2918003500854,2079.26463231616,0.0615613598567821
0.156512493627325,41.2480907306527,2067.25862931466,0.379385533925215
0.153608846829049,7.12382395041967,2056.30315157579,0.214534569440992
0.165783807842055,4.54636621906863,2051.50075037519,0.180344910472268
0.184579706980462,47.9093308411956,2062.30615307654,0.747411984294665
0.165742597488082,15.8142923261533,2059.30465232616,0.377512617724145
0.198456940360631,45.2286737958236,2059.75487743872,0.986497524373808
0.187395029174896,30.3124057150643,2059.45472736368,0.702719301010567
0.152804920283879,4.59902389909696,2053.45172586293,0.159617099652233
0.145334047693295,6.01097243209366,2056.60330165083,0.171241901672864
0.153890922822722,14.2163529457634,2060.80540270135,0.290571823538236
0.134078838980562,5.70741049859425,2058.40420210105,0.138372870320819
0.160774648536158,9.58286508470002,2057.05352676338,0.280044773720513
0.14478814970999,6.04568285725226,2056.75337668834,0.170267769544213
0.175445456155634,5.90803229623124,2051.95097548774,0.246381105714246
0.197907318347848,23.1921673069706,2056.45322661331,0.778357807342265
0.180047701072157,7.65545473146367,2052.85142571286,0.317651298908202
0.190097571447043,29.1988899724563,2058.85442721361,0.730207572760286
0.178920329426638,17.2408685151293,2057.65382691346,0.495065576961816
0.179108362292466,18.3681753422353,2057.95397698849,0.510698524427172
0.181827908785129,25.8733827583896,2059.45472736368,0.603554564976069
0.1848332668065,68.8588063220333,2064.25712856428,0.793206708745445
0.150559408346308,9.418754960271,2058.70435217609,0.23405933332058
0.189906201027843,18.1578643020893,2056.30315157579,0.61010403873873
0.168056701667614,6.34893199363231,2053.30165082541,0.242226145769433
0.191483422478262,10.9713498785374,2053.45172586293,0.466574750168922
0.126008425217693,3.59036651349369,2056.30315157579,0.0935699009426853
0.188232911468883,160.06673089594,2068.15907953977,0.925102928911114
0.177312622479611,7.06256146630704,2052.70135067534,0.290473195611575
0.0994453894283127,4.41734470314007,2065.60780390195,0.0616190090392179
0.12398594257708,7.72186012504483,2063.20660330165,0.128413710103288
0.190360604237148,7.97031285410644,2051.80090045023,0.362434496445134
0.196914577234041,214.083228554278,2068.00900450225,1.14762064072357
0.191754889682689,10.5683211343905,2053.15157578789,0.457841166022183
0.160911305705639,16.9456122371505,2060.65532766383,0.350092820556847
0.131624859028377,2.84356700216288,2053.30165082541,0.0855252682302953
0.134277035337916,1419.18172319953,2099.67483741871,0.546894615674294
0.165696868208854,4.02857346483847,2050.75037518759,0.161208318655044
0.16374849289644,20.1988354669711,2061.10555277639,0.395060207807762
0.186719058095911,30.0517292460135,2059.45472736368,0.69722787966394
0.196532643967271,23.0590127888488,2056.60330165083,0.75944821065869
0.18621492551423,26.5525372336299,2058.85442721361,0.666111683920275
0.188281117668836,13.3823268507784,2054.8024012006,0.512400361643542
0.164608812972591,13.7336016436691,2058.55427713857,0.35398075156749
0.110821355283003,41.9667875574435,2082.71635817909,0.117165375608533
0.195710305596299,8.46704626823108,2051.50075037519,0.399846836029515
0.14613007941858,3.30278056177977,2052.10105052526,0.113561808993585
0.116148479013347,1.91677282105974,2052.55127563782,0.0509694462568081
0.199994826640804,15.4097981223956,2054.20210105053,0.643438230176364
0.0859012678590422,3.28381811862624,2067.55877938969,0.0403258679464826
0.174275496463925,4.55947384416678,2050.45022511256,0.192881721320188
0.148928932762094,7.97031285410644,2057.95397698849,0.209491165113786
0.190433876636608,21.8315600677534,2057.2036018009,0.667306485092561
0.185017631936141,26.2485172849919,2059.00450225113,0.646346821301262
0.197644373352789,50.4575002967478,2060.50525262631,0.985967695094428
0.134949207820025,21.7687984609418,2068.30915457729,0.209873333408801
0.154966939919296,22.6641186288517,2063.65682841421,0.335344828039351
0.182701079223699,740.401631120216,2077.76388194097,0.837149797568202
0.17251611512166,9.97699489356779,2055.40270135068,0.344275824302814
0.148691607589263,5.13071090257931,2054.8024012006,0.164358341929521
0.164908860704193,19.9675638236179,2060.80540270135,0.403542286438118
0.128480910859175,1.96708649096514,2050.60030015007,0.0592452199055803
0.198157656806497,11.6216105181022,2052.85142571286,0.526213337408205
0.162335524703551,25.4302914671788,2062.90645322661,0.400771286589405
0.198133588614775,289.644620169043,2069.2096048024,1.22057414624308
0.186790833185218,23.0590127888488,2058.10405202601,0.633389217241155
0.192586540015531,30.3997993896586,2058.70435217609,0.773962364078859
0.183439529405278,29.6222405590191,2059.90495247624,0.650840311315829
0.181686747682746,26.705865146348,2059.6048024012,0.611025064481314
0.150920540230443,12.2750213329814,2060.50525262631,0.258788195143148
0.126279364046798,2.47655776434198,2053.00150075038,0.0717943962399396
0.167193585061304,5.5136013085513,2052.55127563782,0.215432001839364
0.176523064879842,12.9651693704974,2056.30315157579,0.421834312968451
0.159359857099387,506.321193663515,2082.26613306653,0.466155024226974
0.168835165058726,4.67915618701786,2051.35067533767,0.189784938437695
0.183394211968458,8.29812065000463,2052.85142571286,0.350373784773355
0.186055647707069,75.9399168943669,2064.55727863932,0.826349425504272
0.178080958146852,9.15145972170511,2054.05202601301,0.354163154829402
0.166325208480175,14.3396692667093,2058.55427713857,0.370296978779458
0.140946797158556,1013.33125430831,2094.12206103052,0.283271960433664
0.188714770224336,41.4862782755825,2060.95547773887,0.778201424406393
0.194110987189316,24.4961185033437,2057.35367683842,0.738488250674092
0.185926568015018,36.6556592993152,2060.65532766383,0.723747079078215
0.180786744043951,7.54604567969013,2052.70135067534,0.316073431506795
0.164045892116674,5.89104782059798,2053.45172586293,0.21846517657602
0.196332644109525,1964.82253644826,2079.41470735368,1.18992506695723
0.0388224594628123,1.4920846013006,2090.07003501751,0.0076536691604645
0.179829295230717,10.783461436218,2054.8024012006,0.399477815609556
0.150618538624632,7.4382002633935,2057.05352676338,0.210397780653144
0.195459718519058,33.6226281790017,2058.70435217609,0.854431451197795
0.181048213791963,39.0524164547872,2061.85592796398,0.660487774859001
0.189542590817609,13.4984086137474,2054.8024012006,0.518294912367844
0.185632952323793,24.5667432445612,2058.55427713857,0.639423208488091
0.167102271844433,3.98244730043134,2050.45022511256,0.161208214731789
0.178641008774931,46.1493981386924,2063.20660330165,0.648525426715636
0.17513329879406,20.6100250498449,2059.30465232616,0.491445419362462
0.147318941298021,15.5434666953568,2062.75637818909,0.261066678647649
0.160302431252121,56.6158764108344,2068.30915457729,0.433979182959445
0.186024588710029,5.67464221589759,2050.45022511256,0.257924487721957
0.162965115353286,45.620999005745,2066.35817908954,0.450790916279546
0.131529608651839,21.5195511317025,2069.2096048024,0.192857469820931
0.114353150830267,14.298445429222,2071.6108054027,0.116565860138209
0.150550736843361,173.005342615806,2078.21410705353,0.361718347406808
0.187792787567146,10.6293480187976,2053.75187593797,0.436639808247018
0.168034120399125,96.7155651874199,2069.80990495248,0.541863266911987
0.151540448329601,18.4742425689144,2063.05652826413,0.296782481701272
0.141469142710372,25.5771389596111,2067.70885442721,0.251371782731988
0.176297391172816,8.91738586389294,2054.20210105053,0.338831387408764
0.161886539801475,9.72180569368846,2056.90345172586,0.288701460778614
0.150672417927448,33.1421054672574,2067.10855427714,0.326350544725251
0.174724194509719,8.03944940844679,2053.75187593797,0.311178342574646
0.146637576589452,2.63090415150101,2050.30015007504,0.0919039849740212
0.172459856266491,211.63202882234,2073.26163081541,0.637044969420452
0.197134468388346,25.2115995346114,2057.05352676338,0.788471656861961
0.19322791846767,15.6782947440786,2055.10255127564,0.594887713757765
0.186211382208692,21.3959997006003,2057.65382691346,0.618884298166844
0.155740886353537,10.9713498785374,2058.70435217609,0.27534650764452
0.123939931045227,4.20635552139048,2058.10405202601,0.0992002619271981
0.177454927982584,133.900344824872,2069.50975487744,0.700179309445802
0.165347600680484,4.07523387938939,2050.90045022511,0.162622694013011
0.0573290520018116,2.90981894079874,2083.91695847924,0.0174977648135991
0.181194102752612,6.94161247758823,2052.10105052526,0.298327120005604
0.102886688558051,2.22631645743836,2057.2036018009,0.0473273798387147
0.177982822824414,8.10918567113405,2053.45172586293,0.323788892808478
0.12270680539612,33.5259694810802,2075.81290645323,0.15894513320876
0.193096928343616,6.96162583541039,2050.75037518759,0.328666861016079
0.179197988359812,5.70741049859425,2051.20060030015,0.247668576335442
0.176606211676626,6.61005466738882,2052.4012006003,0.273866187677804
0.133937159005079,2.77083492243083,2052.70135067534,0.0857719391891342
0.199255430866769,9.39167782086193,2051.65082541271,0.449443578577897
0.148924503720199,18.3681753422353,2063.65682841421,0.278020742875981
0.183118165774018,84.2328257837576,2065.75787893947,0.771470089218782
0.180103621552122,22.7294615325802,2059.00450225113,0.560843254218953
0.193401481183755,20.4916955329151,2056.45322661331,0.682386332134627
0.151935385487882,11.3243557313592,2059.75487743872,0.25687750905358
0.188381374663902,10.2388825947119,2053.45172586293,0.430060408229333
0.0651168947659172,3.19982540066046,2078.96448224112,0.0229164143137945
0.191109180625414,26.4000896312366,2058.10405202601,0.725789450644615
0.195367677536639,25.7990016756576,2057.35367683842,0.778550523085005
0.170951563517418,14.8865204479472,2058.10405202601,0.403817197280862
0.181734795899189,6.88191695070772,2051.95097548774,0.297448053712507
0.198143513911425,14.7585013912184,2054.20210105053,0.612658524163192
0.127966013824581,4.30435891208667,2057.35367683842,0.107944303472982
0.180616735805888,1250.32886119933,2081.2156078039,0.798129606331654
0.139680708300257,27.5651328577691,2068.75937968984,0.242344820393822
0.14298160141638,12.2750213329814,2062.15607803902,0.220970311147965
0.155437553264425,10.2388825947119,2058.40420210105,0.263894802774313
0.171406171225849,4.70617602490094,2051.05052526263,0.194730171281444
0.184045541467888,12.5610156350281,2055.10255127564,0.462574216730947
0.171836050204668,46.4158883361278,2064.55727863932,0.556812631609711
0.196704874708512,38.2732836398865,2059.15457728864,0.913260111581599
0.167955413675318,5.22010717715947,2052.10105052526,0.207762853128534
0.194063526336436,10.1800975118018,2052.70135067534,0.455877767479019
0.111364527898591,6.57210398204128,2065.45772886443,0.0923878173389495
0.192781005125856,24.425696794902,2057.50375187594,0.721882165030458
0.110422250220194,2.57841511385935,2056.75337668834,0.0591634030874704
0.198348431600748,37.4018619842125,2058.85442721361,0.928222678329052
0.161760978030741,11.1304219326752,2057.80390195098,0.306233571170273
0.145135882601368,165.693253695049,2079.71485742871,0.313489682361037
0.183457090591425,8.49145760309168,2053.00150075038,0.355770180614347
0.156301740259146,4.11058351166975,2052.10105052526,0.151889750772267
0.155604119073883,4.82970917626452,2053.30165082541,0.171345933303328
0.123294770297827,2.6460963359074,2054.20210105053,0.0729188212951985
0.166083933926994,8.89175006582625,2055.70285142571,0.293282596617372
0.160795656304047,3.86942926293753,2051.05052526263,0.149463608810507
0.1998325681705,7.92455244054436,2050.75037518759,0.388043480426167
0.183491858898943,7.06256146630704,2051.95097548774,0.308029989839812
0.175955050119596,145.979231422089,2070.26013006503,0.686868135016107
0.15980429097243,6.90175820040029,2055.10255127564,0.230344831461757
0.193456760851509,15.6782947440786,2055.10255127564,0.594995671644952
0.191461119299093,21.4576864915806,2056.90345172586,0.678306650026892
0.0863414561829465,4.26734287669584,2070.56028014007,0.0443529485430589
0.169766696109669,7.41681684421187,2054.05202601301,0.275692973637457
0.157110349511467,10.1216499350543,2057.95397698849,0.271937625541004
0.180048418666265,15.3654978668113,2056.75337668834,0.484467310037765
0.153575595098386,8.44270511134198,2057.35367683842,0.235992740845859
0.182453317585576,16.6554123326141,2056.90345172586,0.519543556922907
0.197338989318788,41.1295102698824,2059.45472736368,0.939759867481304
0.108243051101873,2.75492656923522,2057.95397698849,0.0595923727229003
0.182093114592419,24.99478827893,2059.15457728864,0.605210112144298
0.197682711761912,14.4640552653053,2054.05202601301,0.606033965712491
0.149561494426085,4.12243473196511,2053.15157578789,0.14170783559568
0.1276899392969,6.1687553886527,2060.50525262631,0.126922665869613
0.174098693051118,5.16033824803901,2051.20060030015,0.216638989837657
0.124864768691593,7.87905475386486,2063.20660330165,0.131055777970143
0.15948514843441,5.10125365829453,2053.15157578789,0.186422066761806
0.173996643620838,4.32921447906216,2050.15007503752,0.183028403136563
0.160021289009627,4.21848286189654,2051.80090045023,0.160309533484685
0.171022543498791,4.92802801770652,2051.35067533767,0.202725314400894
0.196724066672195,88.7129450016296,2063.50675337669,1.06759224507567
0.0999809880399209,4.80198009042612,2066.20810405203,0.0645284562616464
0.194569054411353,8.39423252506469,2051.65082541271,0.392406537743032
0.13682839284091,6.74461616851603,2059.15457728864,0.156698379954261
0.148237401805247,4.73335188912938,2054.35217608804,0.154174951216907
0.196712756317338,27.0930697176532,2057.50375187594,0.803302168742103
0.1635667597324,25.8733827583896,2062.75637818909,0.413689703844021
0.154879267873234,9.63820144251651,2058.10405202601,0.254249992096838
0.185604261489588,13.7336016436691,2055.40270135068,0.495982698052099
0.196615829098932,21.2120013170279,2056.15307653827,0.733507027422823
0.196234377345651,19.9675638236179,2056.00300150075,0.701232329360035
0.195617765892554,23.5962620603196,2056.90345172586,0.7509869144835
0.179255635619593,58.1019954155711,2064.4072036018,0.679082185336346
0.0642573018733579,1.12205075712963,2060.80540270135,0.0142983783021753
0.171062439153485,37.0802185815206,2063.35667833917,0.529982145398685
0.193872156758569,24.5667432445612,2057.35367683842,0.739792382421559
0.182133214983518,5.92506573979369,2051.05052526263,0.261686149162298
0.185620292106583,10.1216499350543,2053.75187593797,0.41160095821609
0.193613465025362,62.6179974805149,2062.30615307654,0.936224633875584
0.194357187439318,21.8945026225075,2056.60330165083,0.718331367397282
0.164105757279518,7.69966123740149,2055.10255127564,0.262139941434939
0.196553650200685,11.7224193723862,2053.15157578789,0.518170232516789
0.198857652062538,23.8695626167564,2056.45322661331,0.802185743235528
0.123606150676793,2.58584894057531,2053.90195097549,0.0719365995382414
0.172730219518044,39.7328563803063,2063.50675337669,0.55160443468339
0.18258593163402,28.1262788456248,2059.75487743872,0.630863617424737
0.128325895371396,4.55947384416678,2057.80390195098,0.112002646674896
0.180751597039078,14.7585013912184,2056.45322661331,0.478776615257168
0.182535615940667,5.29579277470977,2050.45022511256,0.235604122072465
0.186432900907011,10.1216499350543,2053.60180090045,0.417334890998971
0.199315172426576,9.86276078296599,2051.95097548774,0.467976682595079
0.17499921129353,133.900344824872,2069.95997999,0.670558653851416
0.196788021516118,11.1304219326752,2052.85142571286,0.500675774834994
0.0960410942424069,1.42902148939294,2053.75187593797,0.0303821402746748
0.196910801404631,12.9278969602916,2053.60180090045,0.558145044258767
0.199041126679674,12.1344753910871,2053.00150075038,0.547327529093861
0.165206981017062,4.77441020717598,2051.95097548774,0.187259445309761
0.169069080203312,8.73947554283164,2055.10255127564,0.303772034209242
0.199514508924783,71.6908725083659,2062.0060030015,1.09291020309875
0.145361732235324,5.17521601544173,2055.55277638819,0.156871350771964
0.199525823903221,76.8194808477565,2062.30615307654,1.11397983341347
0.150330900842117,7.92455244054436,2057.65382691346,0.214370670466952
0.138441119010166,4.15819379664401,2055.10255127564,0.123775375428473
0.164137938471372,3.56975293664868,2050.15007503752,0.141606918906356
0.146120186710465,16.0435815196353,2063.35667833917,0.253364921886498
0.0998663766855088,2.76286929599819,2060.35517758879,0.0510072490071989
0.198519883963545,37.7262954049369,2058.85442721361,0.936618512338594
0.134147929162691,2.42017049201696,2051.50075037519,0.07628118533987
0.12448010820886,5.773515819051,2060.65532766383,0.11662270324916
0.167394049671713,4.23064516672908,2050.90045022511,0.171054917135255
0.175449117672842,5.38806539618403,2051.35067533767,0.227657141121256
0.179628527178027,27.9647958304035,2060.20510255128,0.594252332423541
0.148008850051247,6.06311316104581,2056.15307653827,0.180020434987133
0.183190493034905,5.14550325140415,2050.15007503752,0.230255920257355
0.167520561116024,9.39167782086193,2055.85292646323,0.308377821732325
0.18834537284021,8.08587329578959,2052.10105052526,0.360214662160073
0.183365395724172,54.2230004661768,2063.20660330165,0.743450446129838
0.193696129892423,36.7613412036469,2059.45472736368,0.844888998568438
0.18806692724763,36.6556592993152,2060.35517758879,0.750774931455709
0.167938895144852,10.0925521055113,2056.15307653827,0.324235870764809
0.181971819653564,51.9312596738742,2063.20660330165,0.716807714675251
0.172967718443554,14.4224738415937,2057.50375187594,0.417214398825928
0.197458590628736,37.2943387037601,2059.00450225113,0.907647635047941
0.0774001264882683,1.92229906736858,2063.95697848924,0.0264050660608938
0.192370785835053,27.7243080148432,2058.25412706353,0.748154405029493
0.190822207658884,27.2495189410318,2058.25412706353,0.735498718250085
0.151630279110563,4.8997344482741,2054.05202601301,0.164961671937568
0.178365995454426,10.9398093223365,2055.10255127564,0.394514049553908
0.193137209491504,17.6934267723322,2055.70285142571,0.636032120263383
0.162376112828682,6.66739199053658,2054.50225112556,0.233145198729576
0.176893791238062,5.99369202303595,2051.80090045023,0.253197686493952
0.181633897366411,9.74983462452457,2054.05202601301,0.382872048664204
0.181552107410269,19.0138370407198,2057.80390195098,0.53853449564611
0.15124521581763,3.17230798106454,2051.05052526263,0.114680115675678
0.19677232410972,82.5523008734509,2063.05652826413,1.07159086664996
0.134402200728836,3.85830538552188,2055.25262631316,0.111278610444417
0.197914962654641,677.185541419032,2073.56178089045,1.240902491514
0.191307208668234,13.2672433518329,2054.50225112556,0.525331182945386
0.154001747455689,3.10007958542497,2050.45022511256,0.114513213299628
0.171652913785698,9.28414544519475,2055.10255127564,0.326485081537189
0.188867404272378,172.507984971374,2068.45922961481,0.938351910348156
0.174983549632856,56.1289989622505,2065.00750375188,0.616652848756902
0.188125618102051,17.1913042784243,2056.30315157579,0.575132191156316
0.164418741294006,8.01633751167032,2055.25262631316,0.270896827638155
0.185291136824284,22.7949928263862,2058.25412706353,0.614574366159521
0.162949813707253,26.9375187251589,2063.05652826413,0.415761873749877
0.175795038924615,325.932960987591,2074.91245622811,0.700071138093689
0.170200555107189,21.8945026225075,2060.50525262631,0.454790771000323
0.156103751691828,5.29579277470977,2053.90195097549,0.184238099759679
0.193471979722481,17.0434648578319,2055.55277638819,0.621329423737732
0.18660699976689,20.6694457978884,2057.50375187594,0.608294987619372
0.1514847617206,9.89119610131619,2058.85442721361,0.243040534896966
0.188764515523298,75.9399168943669,2064.10705352676,0.872199032350029
0.175791522993081,9.39167782086193,2054.65232616308,0.346323392476182
0.19843984037107,9.02067029565308,2051.50075037519,0.431535196667385
0.161384800037186,9.72180569368846,2057.05352676338,0.284395827748359
0.183720152811813,128.241032730368,2067.85892946473,0.821912170408232
0.180664341821033,4.98510624458552,2050.30015007504,0.219218242948116
0.148957520168047,7.97031285410644,2057.95397698849,0.209476229263932
0.176602237324043,10.6293480187976,2055.25262631316,0.377029287503449
0.121062053345193,2.51970871206025,2054.20210105053,0.0679826353770407
0.181351042756683,15.0589415844573,2056.45322661331,0.489491052768622
0.173288957232458,16.9456122371505,2058.40420210105,0.446759819774995
0.184692773176417,61.1922854994662,2063.65682841421,0.775928817830749
0.125485288926316,7.97031285410644,2063.05652826413,0.134178807137025
0.16351236798937,15.2333597657718,2059.45472736368,0.357693909451843
0.193361208041621,19.7958495069776,2056.30315157579,0.669896610027724
0.163733726832902,11.5882005855279,2057.65382691346,0.32436333593981
0.172554681872135,5.04284557241036,2051.35067533767,0.209650799662305
0.12071119236148,7.74412301428478,2064.10705352676,0.119923743828056
0.114193179030889,1.89482624889294,2052.85142571286,0.0492754600699871
0.163737454341613,6.45955425993623,2054.05202601301,0.232635805013282
0.193586267867936,68.4634633145046,2062.75637818909,0.952168952228376
0.182157837028848,8.32204495553973,2053.00150075038,0.346730390835938
0.144985301381815,3.32185250376586,2052.25112556278,0.112866231857453
0.198752174345985,46.9534941686678,2059.90495247624,1.00002451753258
0.165005206480757,21.4576864915806,2061.25562781391,0.41122004093379
0.140040528040246,97.8357603146925,2077.76388194097,0.269279353843972
0.192508115469706,21.0295852575175,2056.75337668834,0.67740508031065
0.161446469867137,12.5610156350281,2058.55427713857,0.322708999793105
0.186106693109337,15.0589415844573,2055.85292646323,0.524050320643686
0.188975699342618,9.12515100556096,2052.70135067534,0.398644363633768
0.192694361805694,472.518269358687,2072.96148074037,1.06484687678674
0.189647564330034,26.0227888862634,2058.25412706353,0.702029800168089
0.197198882701148,21.0295852575175,2056.00300150075,0.740002585572162
0.194896544137138,26.8600784527522,2057.65382691346,0.781716001085878
0.19689043981902,14.053579239644,2054.05202601301,0.588079559049315
0.159782541668567,6.34893199363231,2054.50225112556,0.218994495705027
0.149609505756494,3.88058521159597,2052.70135067534,0.134912164190183
0.187410375114108,26.7828608064846,2058.70435217609,0.684247075262861
0.139706396059992,13.3054941313703,2063.50675337669,0.210487143093122
0.180361279722691,337.389865403101,2074.012006003,0.779655751829468
0.162542085137743,6.90175820040029,2054.65232616308,0.239847852407439
0.198067584598669,20.6694457978884,2055.85292646323,0.740185566744291
0.194526482240066,63.8927179121216,2062.15607803902,0.974086368455374
0.160252200102815,10.7524610237587,2057.80390195098,0.294838728545525
0.176316182498329,22.3402110602687,2059.45472736368,0.523662986644514
0.144543336186622,547.248457522053,2088.26913456728,0.310700842371644
0.121351368337006,4.3416960341386,2059.00450225113,0.0963068191778709
0.195535107015459,29.1149486853426,2057.95397698849,0.815962070898022
0.153669552934093,6.1687553886527,2055.25262631316,0.198492243542655
0.138283293634227,15.0156499750721,2064.70735367684,0.210842901772597
0.172932475851936,5.52949756842363,2051.80090045023,0.227996614762412
0.151128384894836,8.29812065000463,2057.80390195098,0.222136348964787
0.171860470572759,24.0766133741283,2060.65532766383,0.49024223444814
0.125539009080026,4.0518365057735,2057.50375187594,0.099552296889034
0.159195884949123,4.61228334151361,2052.55127563782,0.171776730787865
0.162412053798312,199.790642622031,2075.66283141571,0.486896917642351
0.14355374218371,6.27623830106248,2057.2036018009,0.171004511334413
0.195290788334866,10.0635379267258,2052.55127563782,0.456198267010892
0.184685548204686,1058.04984165238,2079.11455727864,0.894672975888168
0.175872477871465,15.6332226114801,2057.50375187594,0.454224582416223
0.197506502004972,35.8210683711633,2058.70435217609,0.908916685309678
0.191836303932427,81.842378919186,2063.95697848924,0.943526558148123
0.179529729527518,12.169460288151,2055.55277638819,0.426163361382708
0.16970278249529,6.94161247758823,2053.60180090045,0.263571359885861
0.139294076389511,4.98510624458552,2056.30315157579,0.140684325779453
0.18612344853648,20.257070714631,2057.35367683842,0.606092554491005
0.179284406673348,40.0775094490775,2062.30615307654,0.640185642785763
0.182992557495708,11.5216685859765,2054.8024012006,0.432550776736465
0.191907526310227,9.20430492459876,2052.4012006003,0.413272234169376
0.129813516785239,8.99473757437633,2062.90645322661,0.153005769769395
0.166431218552864,4.52026390637434,2051.35067533767,0.180781646715552
0.180027608446447,13.6547521301788,2056.15307653827,0.454753945952046
0.100911835046728,25.4302914671788,2082.86643321661,0.0862667432016445
0.19675505611251,33.3334849128322,2058.55427713857,0.86346866917714
0.138795355496657,5.28056837192541,2056.90345172586,0.143439767378546
0.132341603653847,5.94214829246472,2059.15457728864,0.136193295045416
0.178297223002685,16.8968968064112,2057.65382691346,0.484825642930651
0.138003868950376,20.3740453880163,2066.95847923962,0.223746594339088
0.168431449869431,13.2291025360534,2057.80390195098,0.368812561180812
0.184657547252219,63.3432620800787,2063.80690345173,0.784691730189029
0.18499636540377,272.652134655029,2071.76088044022,0.868667069760601
0.198693558647531,9.12515100556096,2051.65082541271,0.435774410355624
0.111838476340685,19.9101608535235,2075.51275637819,0.11405658085236
0.194876829414174,70.8700298451568,2062.60630315158,1.00240183731237
0.19838228317792,66.9046593948815,2061.85592796398,1.05136520675755
0.188874577536736,207.409768759883,2069.35967983992,0.9607277906869
0.13937311701537,80.6727165821289,2076.56328164082,0.2637474367243
0.170528947679403,147.670016389381,2071.6108054027,0.600775242722264
0.10979934198453,11.2918003500854,2071.01050525263,0.100966046936555
0.181444101584176,13.4984086137474,2055.85292646323,0.462897458950591
0.139896678339861,15.8598865007128,2064.70735367684,0.221250638623454
0.172016049042881,10.6293480187976,2055.85292646323,0.354412507056992
0.188820699095056,9.89119610131619,2053.15157578789,0.42213370242245
0.158723934974276,16.6554123326141,2060.95547773887,0.333602499207652
0.190735517564327,5.85722521042959,2050.15007503752,0.273731753362721
0.173465021459766,27.2495189410318,2061.10555277639,0.522194677056186
0.18431066356928,7.74412301428478,2052.4012006003,0.335012045976009
0.165737107832991,20.6694457978884,2060.95547773887,0.409481037361651
0.194293836981908,25.65088039011,2057.50375187594,0.759728964560433
0.179852186541614,11.8923810771604,2055.40270135068,0.421135293051657
0.174487496430094,15.0589415844573,2057.50375187594,0.436577942973868
0.191745875048877,23.3260907272937,2057.35367683842,0.70215208906569
0.143863531748592,16.3231210310229,2063.95697848924,0.243170689947119
0.190015383824556,41.4862782755825,2060.65532766383,0.810086334040967
0.163107984643482,5.38806539618403,2053.00150075038,0.202205974176302
0.18595783818391,5.62584220609726,2050.45022511256,0.255717004167801
0.196787027845577,7.52435222533039,2050.75037518759,0.361785688465147
0.197278469435757,30.9294781934387,2058.10405202601,0.850658748229685
0.192136162569561,20.257070714631,2056.60330165083,0.662921452881017
0.195573622113593,44.9689998212073,2060.20510255128,0.924017645842076
0.189604999194843,226.119795827268,2069.65982991496,0.982744186016443
0.192074981062231,8.29812065000463,2051.80090045023,0.381636289115782
0.177569737616162,7.76645008964431,2053.30165082541,0.311608890365864
0.157959303185947,13.4209094274668,2059.6048024012,0.309891333542948
0.179456099282419,44.8397224504315,2062.90645322661,0.655642345835926
0.193766271245264,14.053579239644,2054.50225112556,0.560801235209816
0.199008404503399,15.5882800527396,2054.35217608804,0.641302687107735
0.165784026599096,23.8009421380058,2061.70585292646,0.43089515066275
0.153420853951746,8.01633751167032,2057.05352676338,0.228667948844476
0.16413909795798,22.3402110602687,2061.70585292646,0.406234611892484
0.101952775148175,9.6938573407282,2072.66133066533,0.0801401440039076
0.167263073598766,10.5379392096157,2056.60330165083,0.325630858467246
0.154626244283883,7.02201277776474,2056.00300150075,0.216790228951655
0.164316584485932,10.5379392096157,2057.05352676338,0.311047860752135
0.147025762210765,5.40359972355987,2055.55277638819,0.165069778057598
0.166734849504989,16.8483214233231,2059.45472736368,0.395902234616261
0.167778349540596,1942.32580698854,2087.66883441721,0.584416680801048
0.191726906574422,44.8397224504315,2060.80540270135,0.852027022600462
0.197155968642736,12.8907317012169,2053.60180090045,0.556251969326736
0.183009827566737,15.2333597657718,2056.30315157579,0.503848310020062
0.147558298248509,50.167805761144,2070.86043021511,0.310882536278016
0.171072125922347,6.64822449937834,2053.15157578789,0.260013742291575
0.13931487668098,6.92165665438525,2058.70435217609,0.167301935232683
0.195022795209166,416.29850495197,2071.76088044022,1.13216319700992
0.134347037319041,6.62911211113257,2059.45472736368,0.149500574941017
0.0967291710603627,7.28980110054726,2071.91095547774,0.0663808768858146
0.196734209375039,7.45964533309522,2050.75037518759,0.358809930610767
0.196266230677078,10.327697309498,2052.55127563782,0.470635536962055
0.170720819117775,29.7932945067072,2062.15607803902,0.50183777772535
0.192027029530356,37.4018619842125,2059.75487743872,0.826407612929199
0.161024067010736,12.0995910689866,2058.40420210105,0.314580272772376
0.0976222785640184,2.18818996107018,2058.40420210105,0.042779556169798
0.136163196378384,16.6554123326141,2066.05802901451,0.204290864874752
0.165277635988606,4.14623977579979,2051.05052526263,0.165279178160487
0.196648657326138,7.18561784115829,2050.60030015007,0.346153931037587
0.151833689643541,8.66431899975565,2057.95397698849,0.229788951941683
0.170057462660435,89.2252188596224,2068.75937968984,0.575400521273541
0.146250602958852,3.92553157195246,2053.30165082541,0.131217591756978
0.188808709231356,262.636352765333,2070.71035517759,0.954443520149239
0.0966685699022846,2.65372529430481,2060.95547773887,0.0468007653595468
0.172064150107381,46.0167273459691,2064.4072036018,0.563505848264219
0.148744738013312,10.0925521055113,2059.6048024012,0.231326299031889
0.158858920412004,35.513019260565,2065.75787893947,0.393259330904477
0.190621074538301,9.74983462452457,2052.85142571286,0.426916718382573
0.118484381270053,8.32204495553973,2065.45772886443,0.115687180741954
0.155805543074144,9.5553161597167,2057.80390195098,0.259438370737928
0.187494396314035,214.083228554278,2069.80990495248,0.931801529481466
0.191735578457452,1427.37680337101,2078.8144072036,1.08239914296536
0.126183696874977,1.83576021707557,2050.45022511256,0.054107603580523
0.185662225964571,24.2156440378081,2058.40420210105,0.641839545464941
0.132561023643995,12.3104114379469,2064.70735367684,0.17620670853649
0.19666857161347,28.6988481348414,2057.80390195098,0.820215311058375
0.172399035941835,15.5434666953568,2058.10405202601,0.42241697459838
0.176999726452296,40.8933710575319,2062.90645322661,0.605421747980907
0.128229353780371,15.6782947440786,2067.70885442721,0.16922864973945
0.198439679888928,13.0025492407616,2053.45172586293,0.569897090139029
0.169242710665539,18.4742425689144,2059.6048024012,0.426691820596603
0.184080166288569,5.60966897361054,2050.60030015007,0.251620267887984
0.154365717233842,7.06256146630704,2056.15307653827,0.215513688510474
0.193687839401264,48.4642342722534,2060.95547773887,0.894612248778766
0.182190547095521,12.5610156350281,2055.40270135068,0.448584472630751
0.193386051681615,7.4811522310616,2051.20060030015,0.350805447861054
0.163248923485279,4.0518365057735,2051.05052526263,0.159462725227746
0.199449915352922,122.820912054115,2064.70735367684,1.1740649245322
0.190334416352166,28.5340777947752,2058.70435217609,0.727225943309582
0.198361492564967,25.7248344244728,2056.90345172586,0.821124380991791
0.182310946961743,44.0718255463572,2062.30615307654,0.694525478740612
0.189069576230932,336.419933341034,2071.91095547774,0.978376033532884
0.187838237263283,6.61005466738882,2051.05052526263,0.301493217133441
0.196044597571181,367.825141194096,2070.86043021511,1.16775389821496
0.101682845111139,7.02201277776474,2069.50975487744,0.0745743523969133
0.16384642950162,4.63891702142887,2051.95097548774,0.180272251236601
0.199741454730872,10.4172824260824,2052.10105052526,0.492557494930797
0.176673397367953,26.705865146348,2060.50525262631,0.549002295712118
0.149674406009064,23.6642924260888,2065.15757878939,0.299261468865981
0.0728538966415406,1.79913505645155,2065.00750375188,0.0229797399215028
0.199022854173061,32.4808889723873,2058.10405202601,0.892954066071795
0.149845070004478,17.4908414355252,2063.05652826413,0.282353249710196
0.142958219370408,99.5404271062777,2076.86343171586,0.292666292912791
0.187068839489829,84.4756773817437,2065.00750375188,0.847300003637159
0.195241474085657,52.0809826503965,2060.95547773887,0.956500399699305
0.174847828095253,44.1988889941343,2063.65682841421,0.593606400029108
0.19499832809667,9.33775684323017,2052.10105052526,0.43122626131231
0.142617402724627,15.9974592566334,2064.10705352676,0.235688750060631
0.17842213714846,7.18561784115829,2052.70135067534,0.297151386277034
0.171439833790249,6.24020417473294,2052.70135067534,0.248876800611526
0.175671471586217,11.5882005855279,2055.85292646323,0.390730006247371
0.188568888202314,19.682194462711,2056.90345172586,0.620069215998958
0.184950912077552,8.34603823722249,2052.70135067534,0.357848834161004
0.159908894367614,9.17784428848941,2056.90345172586,0.270489141440197
0.197939158861074,12.0648070327153,2053.15157578789,0.536408337057388
0.163482581560159,9.44591016576076,2056.45322661331,0.29232426280305
0.174518780552173,19.6256118755653,2059.00450225113,0.484725349979882
0.158440760019948,22.7294615325802,2062.90645322661,0.363328002889588
0.194941099714563,45.3590725519368,2060.35517758879,0.913024028149672
0.150834293264082,10.1800975118018,2059.15457728864,0.243389408490354
0.197587133747262,13.1531495321769,2053.60180090045,0.568382240994229
0.175559039732514,14.5475781084805,2057.2036018009,0.434621927196039
0.167434638281174,9.89119610131619,2056.15307653827,0.317056345215594
0.156562508732696,21.9576266468948,2063.05652826413,0.347008648087306
0.103113277758618,8.89175006582625,2071.31065532766,0.0813823990887059
0.193600634380661,10.4473164853735,2052.85142571286,0.463640401812106
0.166054422071112,22.6641186288517,2061.40570285143,0.425346239926026
0.100785458715199,1.78366310156055,2055.25262631316,0.0390565234703168
0.198983596684493,29.8791915321589,2057.65382691346,0.870460355114122
0.198363445471923,218.441340861964,2067.70885442721,1.21737795903194
0.188425803309537,37.5096952649555,2060.35517758879,0.767097838253779
0.179112745889371,12.6335493553273,2055.85292646323,0.430696283061321
0.171389773781691,5.92506573979369,2052.4012006003,0.238719133344828
0.147054045354315,5.14550325140415,2055.10255127564,0.160995534342611
0.178924397845145,35.2076192684563,2061.70585292646,0.612527263463711
0.124948301734046,4.53329627591397,2058.55427713857,0.104872363065293
0.192453002449776,7.87905475386486,2051.50075037519,0.365261933535354
0.145502209729708,6.36723659478765,2056.90345172586,0.178334542796754
0.173338263494781,22.3402110602687,2060.05502751376,0.487858304569429
0.179346171126335,16.6075311717231,2057.35367683842,0.491821059837598
0.161964942621033,9.72180569368846,2056.90345172586,0.288594562972941
0.199160524372351,29.1988899724563,2057.50375187594,0.867052234165436
0.111920064118138,8.54049161663095,2067.70885442721,0.100316607686535
0.126912079408925,5.02834834499989,2059.00450225113,0.114189411338919
0.092939706917095,2.0538945595859,2059.00450225113,0.0378547436154337
0.17846248339373,16.2761951447872,2057.35367683842,0.482013908532656
0.19206230426698,6.47817779606607,2050.45022511256,0.304329337026968
0.133431525979824,100.403866506169,2080.31515757879,0.226303253367156
0.193755786542029,132.367219172958,2066.05802901451,1.04587993954256
0.180555959999161,37.6178394397509,2061.70585292646,0.651144082421063
0.199882790178139,24.1460286404166,2056.45322661331,0.813082094487043
0.120316109765184,5.85722521042959,2061.85592796398,0.107724217280253
0.199711349909091,167.130519815916,2066.20810405203,1.21301333555915
0.175636832706265,15.5434666953568,2057.50375187594,0.451190255785845
0.197974321457899,10.9398093223365,2052.55127563782,0.502814693823984
0.197125027850389,17.1418825295271,2055.10255127564,0.658236982841704
0.191037835362552,10.327697309498,2053.15157578789,0.445351731291275
0.117943928771215,1.73804099143649,2051.35067533767,0.0473717856777665
0.182275114196365,5.97646129188652,2051.20060030015,0.263534931460447
0.185952174586698,64.8190894156514,2063.80690345173,0.796223044764313
0.199853303980132,15.4987821679022,2054.20210105053,0.646627256515293
0.164876718050236,3.74881037659201,2050.45022511256,0.149471827437675
0.1923531352649,8.29812065000463,2051.80090045023,0.381326264016132
0.140993370327017,38.9401481423545,2070.86043021511,0.260712452829782
0.187805325547095,32.9518247994517,2059.75487743872,0.733664922502666
0.195574801286137,8.29812065000463,2051.50075037519,0.391358961983662
0.196985298579371,8.39423252506469,2051.35067533767,0.400500226016133
0.195621532174575,26.4000896312366,2057.50375187594,0.782725422194011
0.0790889222196073,2.04210241714683,2064.10705352676,0.0282790108441277
0.142491775937575,10.1216499350543,2060.80540270135,0.207036415881728
0.175046714842852,67.6795736840215,2066.05802901451,0.632874740860546
0.176353107692972,220.971408541911,2072.51125562781,0.708160589896548
0.190879404336068,19.6256118755653,2056.60330165083,0.641037585567952
0.199625288335328,267.982865563939,2068.60930465233,1.24135558492527
0.197864698015292,42.4528622739386,2059.6048024012,0.947735498005284
0.161688766192265,6.47817779606607,2054.35217608804,0.227296992081117
0.190011827980192,144.307805522233,2067.25862931466,0.958088432336859
0.182897596358913,6.40400427119728,2051.50075037519,0.281678586379835
0.190967935007318,11.1946946742062,2053.60180090045,0.471322059508897
0.136710265015893,4.07523387938939,2055.25262631316,0.118996938072258
0.121721114625421,1.71320152422168,2050.45022511256,0.0483461342689377
0.117541157877069,16.7034315396448,2071.76088044022,0.130051227080278
0.178061002718069,23.3933421622917,2059.45472736368,0.547453807885412
0.139894968891,6.47817779606607,2058.10405202601,0.163776604971945
0.194472822126777,108.832646422802,2065.00750375188,1.02784944672835
0.173467066986281,13.7731969804542,2057.2036018009,0.410228757999531
0.192201618958071,40.308937459768,2060.20510255128,0.835235586561196
0.140845455907582,87.1937028632918,2076.71335667834,0.272113024152756
0.158315840527564,4.18220533158347,2051.95097548774,0.156791177894506
0.182941564635121,24.7798415269477,2059.00450225113,0.610529794906771
0.122997371334502,10.2094477434412,2065.90795397699,0.134640933848961
0.199955931049442,9.72180569368846,2051.80090045023,0.46436883677441
0.160605457564282,11.1304219326752,2057.95397698849,0.301125373398947
0.185671516396692,12.7431360287119,2054.95247623812,0.47701908556994
0.174543013437183,4.62558101221893,2050.60030015007,0.195801285913373
0.199353016584779,9.28414544519475,2051.65082541271,0.445042806219767
0.188081101021283,39.3911672117236,2060.65532766383,0.773060386654211
0.148605483209408,42.4528622739386,2069.35967983992,0.317464340859713
0.194384492440341,74.6394176073048,2063.05652826413,0.983314923617755
0.127597017723138,9.12515100556096,2063.65682841421,0.145607629505155
0.168547122435645,12.2045460501459,2057.2036018009,0.359555954785928
0.154493555691414,21.7062172818814,2063.50675337669,0.327393015568943
0.141669380368338,6.38559396992509,2057.65382691346,0.167483535276084
0.18343683536941,11.4225861207707,2054.65232616308,0.434041324653521
0.0716057694125287,1.90576794350953,2066.50825412706,0.0229389967267809
0.140555523200493,30.1383713644719,2069.2096048024,0.248868451613843
0.198723400785672,37.5096952649555,2058.85442721361,0.930586435568593
0.162963778104541,24.425696794902,2062.45622811406,0.406435895946475
0.178755920365024,6.57210398204128,2052.10105052526,0.278416718606065
0.137373072436868,26.1730577614343,2069.05952976488,0.226727726232251
0.147022161413228,11.0984240743995,2060.50525262631,0.233650515259817
0.166600666456179,7.74412301428478,2054.8024012006,0.271522577818677
0.198421151265557,37.8350640594363,2058.85442721361,0.939057299495685
0.170856181470845,32.3875125587801,2062.60630315158,0.513583847999169
0.150729946049344,24.7086041684656,2065.15757878939,0.3108177485678
0.190827899497422,9.28414544519475,2052.55127563782,0.412348197679156
0.1516133093284,21.7062172818814,2064.10705352676,0.308586772710587
0.163621630875984,15.7688292262238,2059.6048024012,0.364701403717846
0.123003616494942,11.1625120439526,2066.50825412706,0.139242111234504
0.19561385338608,127.872364011854,2065.60780390195,1.07563441166382
0.177978759387979,69.8571804408421,2065.75787893947,0.667833389332587
0.19232707311617,24.0766133741283,2057.50375187594,0.712020480486312
0.193807720462524,14.298445429222,2054.50225112556,0.570911742580539
0.188859183528621,10.9713498785374,2053.75187593797,0.453532959297893
0.0943632959778193,1.40051115285914,2053.90195097549,0.0291467547790503
0.117540798354431,3.20905081491668,2057.2036018009,0.0762118040819842
0.170464092991808,17.7955976561148,2059.15457728864,0.432263453193679
0.185056357376578,8.58980877761041,2052.85142571286,0.365749875400746
0.188373821570395,14.4640552653053,2055.25262631316,0.533741267087383
0.18422580904701,7.02201277776474,2051.80090045023,0.309423299960648
0.114939239933246,20.1407676346358,2074.31215607804,0.124957174239535
0.127505643567348,5.67464221589759,2059.75487743872,0.122906924842435
0.0929003981223016,5.65832869261085,2070.86043021511,0.0566322121174722
0.143137231368044,6.33068001474387,2057.35367683842,0.170346621015601
0.197677883465838,17.2408685151293,2054.95247623812,0.6720238405556
0.175231275063877,20.9691291766305,2059.30465232616,0.500727832899693
0.158836795345383,4.92802801770652,2053.00150075038,0.180578939793029
0.193493588583011,10.6293480187976,2053.00150075038,0.467517326886306
0.182117132453098,61.7230832045355,2064.25712856428,0.724293688699217
0.154348618041133,68.6608502751685,2071.01050525263,0.382592712029846
0.0908156987194276,1.295770630155,2053.75187593797,0.0259071865474272
0.176123046074305,5.31106107095859,2051.20060030015,0.225775964795319
0.159397902808703,16.9456122371505,2060.95547773887,0.339148768752671
0.199474617589944,24.9229329891828,2056.60330165083,0.824787149589134
0.198508309675027,66.3293018815899,2061.70585292646,1.06793783880042
0.154956100107456,6.45955425993623,2055.40270135068,0.206948828613401
0.166045357847233,10.6293480187976,2056.75337668834,0.32329484875886
0.197848127420317,222.888171669528,2068.00900450225,1.18153797817396
0.119922285394186,3.73803325566538,2057.95397698849,0.0870492449256088
0.168708205791825,746.824066291911,2081.66583291646,0.597048350958342
0.182691195004848,6.7058929175172,2051.80090045023,0.292939571207728
0.192266175838237,22.9266227583863,2057.2036018009,0.702825759997296
0.102149222004583,1.47925317679908,2052.70135067534,0.0340723935479329
0.141244449059276,12.66997313217,2062.75637818909,0.215483005761418
0.182026330594233,5.40359972355987,2050.60030015007,0.23998968904934
0.147621344837183,3.03823005207779,2051.20060030015,0.106802417156203
0.197649362104333,73.1502903055345,2062.30615307654,1.07124046300378
0.199310231087269,10.0057595601981,2051.95097548774,0.474806005916627
0.194731084306012,31.018650949241,2058.40420210105,0.820354823065417
0.191405499124345,46.9534941686678,2061.10555277639,0.854005481917417
0.192633052739268,21.3959997006003,2056.75337668834,0.688849502990756
0.145135978318511,5.65832869261085,2056.15307653827,0.165593234670993
0.110189741206289,2.88479547897935,2057.95397698849,0.0631634466456879
0.106414185981736,8.1325652583707,2069.2096048024,0.0865515236275668
0.164753859281788,4.50726900243269,2051.65082541271,0.177144866860902
0.187011976885494,6.8227347852315,2051.35067533767,0.308146813823651
0.153147133348871,3.91424641100743,2052.25112556278,0.141120873005747
0.117181870940271,11.3243557313592,2068.45922961481,0.121369750417108
0.181318652238366,5.16033824803901,2050.45022511256,0.228361555035052
0.110819221520561,2.96051892720402,2058.10405202601,0.064699687972074
0.149091767712836,3.6424227310724,2052.4012006003,0.127118162937264
0.117021778258534,4.85759838400825,2061.10555277639,0.0932132968514159
0.198803728847143,32.9518247994517,2058.10405202601,0.904560609779244
0.19303462782414,180.120809860267,2067.85892946473,1.03882309290823
0.185719262109676,14.4640552653053,2055.70285142571,0.509618861365846
0.160538247755179,29.2830732706331,2064.10705352676,0.399049627554765
0.191705402742174,26.1730577614343,2057.95397698849,0.733734826218694
0.121604300147869,1.8463608342542,2051.20060030015,0.0521401935532036
0.147701891437762,2.60078095318014,2050.15007503752,0.091575566915736
0.195683702050809,15.6332226114801,2054.8024012006,0.613426898936869
0.169068622057116,42.6980067851428,2064.70735367684,0.510458554110215
0.198029996833559,57.7684111024247,2061.10555277639,1.02578259765137
0.194855639356118,8.71435120329488,2051.80090045023,0.406540931156297
0.165789742909373,4.82970917626452,2051.95097548774,0.190266271982559
0.154195011340978,3.10901742259474,2050.45022511256,0.115050691620553
0.189596537940216,11.4885459675579,2053.90195097549,0.471105869098826
0.162406776647359,15.2333597657718,2059.6048024012,0.35231685064704
0.177184862945195,12.8167214051892,2056.15307653827,0.423238660177789
0.194311563969584,9.6938573407282,2052.4012006003,0.440990822262159
0.192588525108655,364.661968995364,2071.6108054027,1.06017887051068
0.12999822912604,13.8129064745256,2066.20810405203,0.171992728599259
0.13608513607815,27.6446058720117,2069.80990495248,0.221799606276524
0.168541272541634,108.832646422802,2070.26013006503,0.564808772602362
0.153111566458156,82.5523008734509,2072.51125562781,0.377519144617637
0.171156809110866,5.29579277470977,2051.80090045023,0.216029450259279
0.132170716952098,2.5933041997516,2052.4012006003,0.0797674143224967
0.192562971650725,61.9010369802681,2062.30615307654,0.930531155087151
0.186501788643942,37.4018619842125,2060.65532766383,0.736904637173444
0.141443037898328,3.17230798106454,2052.55127563782,0.104326386609058
0.168305923020664,74.2108860452115,2068.15907953977,0.535342113127884
0.191393128795134,2720.24895517358,2082.26613306653,1.07824998552344
0.166249545050705,3.97099851752979,2050.60030015007,0.159526391446781
0.192947178075698,8.20310923201435,2051.65082541271,0.379849049727008
0.198330602397101,106.354700557757,2064.10705352676,1.14064967849073
0.195402731015415,19.6256118755653,2056.00300150075,0.687255579158431
0.13967533524811,4.20635552139048,2054.95247623812,0.126767636725928
0.171010750209741,4.21848286189654,2050.45022511256,0.174946304747003
0.140294417122937,3.83615347588896,2054.20210105053,0.119708420541428
0.177271984079887,18.8503244528549,2058.40420210105,0.498290063624399
0.165897050720643,16.4173790695188,2059.45472736368,0.38585640691965
0.167392105315831,4.73335188912938,2051.50075037519,0.190051757736415
0.148990667993391,3.78132852701561,2052.70135067534,0.131022620006861
0.14328209485186,7.37423424898408,2058.40420210105,0.18424926314934
0.188850705301441,13.0400368809022,2054.65232616308,0.505198990740223
0.190442103035788,69.8571804408421,2063.35667833917,0.897322755326079
0.198078560488263,56.94280539997,2060.95547773887,1.03496818727057
0.184884735844097,7.92455244054436,2052.4012006003,0.343261490109887
0.136360485887743,19.4568382303861,2067.10855427714,0.212508233277818
0.156097043745627,3.94819959636536,2051.95097548774,0.14612651131233
0.191855457095007,8.44270511134198,2051.95097548774,0.385477127580462
0.196204315203787,20.0251322921732,2056.00300150075,0.703191419085964
0.16162720570424,21.7062172818814,2062.0060030015,0.383016969998673
0.182430025838443,20.8487379146156,2058.10405202601,0.571697380342298
0.172740142555899,8.76467231833321,2054.65232616308,0.318892039026552
0.163001986122218,15.9056121278034,2059.75487743872,0.361960687369795
0.199330377467804,7.83381828565906,2050.75037518759,0.381636637694593
0.184872879273204,903.106430675703,2078.21410705353,0.896524668253999
0.181972477708173,5.35713058780925,2050.60030015007,0.237389914607511
0.176443761353956,25.2115995346114,2060.20510255128,0.538936757542837
0.199417745311129,15.8598865007128,2054.35217608804,0.65321709278904
0.157907896452586,4.50726900243269,2052.55127563782,0.166331769537335
0.185576021838207,139.809403920793,2068.00900450225,0.855384944277533
0.194399587006544,24.7086041684656,2057.35367683842,0.744081498739531
0.191757536857619,296.393016667894,2070.71035517759,1.03152893113764
0.150007662215219,13.7336016436691,2061.40570285143,0.26476145658937
0.137683104516961,15.6332226114801,2065.15757878939,0.209660443467128
0.199189034010053,8.71435120329488,2051.35067533767,0.42071826783497
0.177517192209889,9.77794436555052,2054.65232616308,0.363115208062086
0.0620508745406776,3.68461060628057,2083.91695847924,0.0214113310838405
0.0943345398265668,3.00344307348301,2063.05652826413,0.0475444055362555
0.194546593659104,30.8405617924466,2058.40420210105,0.815970736599212
0.17429114405035,11.6887196334189,2056.15307653827,0.382733272294672
0.145349556837498,30.7519010092932,2068.00900450225,0.282215421823481
0.157904548928145,5.90803229623124,2054.35217608804,0.203437536951314
0.181011593775101,16.6075311717231,2057.05352676338,0.508689124907092
0.172775612788392,38.3836293157633,2063.20660330165,0.555777854561214
0.157620435824656,6.61005466738882,2055.10255127564,0.218355264415555
0.197116391018075,9.0989179220007,2051.80090045023,0.428141564570751
0.19732197147961,19.738940183072,2055.70285142571,0.715851525753879
0.19459402777082,13.932723196473,2054.35217608804,0.565197058379918
0.142257325208261,3.12697047724319,2052.25112556278,0.10432654146883
0.175150836712219,7.50272113554967,2053.30165082541,0.297461349643453
0.17392072296001,5.72386552959968,2051.95097548774,0.236695022612336
0.191555783884528,30.5753433592029,2058.85442721361,0.76450082605851
0.1531939168244,17.0926028588123,2062.15607803902,0.302595194718645
0.0558141218381093,2.09570588324384,2078.8144072036,0.015319196449579
0.160427307550385,3.85830538552188,2051.20060030015,0.148311163591158
0.184280039653464,5.23515726431772,2050.15007503752,0.235438067052773
0.181796629505517,12.9278969602916,2055.55277638819,0.455961290242377
0.164587851772342,13.1910713679069,2058.40420210105,0.344402639785105
0.180896549968795,16.1827476936424,2056.90345172586,0.503466568726905
0.183429332975204,20.4916955329151,2057.95397698849,0.572006140133792
0.199059983139281,15.4987821679022,2054.35217608804,0.637672366478839
0.133806443141171,2.2456281019818,2050.90045022511,0.0708702812212008
0.132624583623309,124.243468877762,2082.26613306653,0.221862350065876
0.188380905661425,12.4888983567305,2054.50225112556,0.488956005537591
0.195416548998994,10.9713498785374,2053.00150075038,0.487533314630605
0.199177019707857,15.9056121278034,2054.35217608804,0.65533853325845
0.197022750468178,37.7262954049369,2059.15457728864,0.899682190593014
0.156488826391106,9.47314366240347,2057.65382691346,0.260773609550028
0.198422490837709,170.042561855291,2066.50825412706,1.18315803705391
0.164186321306419,13.4984086137474,2058.55427713857,0.347555788248891
0.193950981959452,16.2294041616006,2055.10255127564,0.616648714969633
0.184047867805101,132.367219172958,2068.00900450225,0.823838603491923
0.190327845506813,48.0474581976622,2061.40570285143,0.838500858023679
0.134439842740341,2.55624161321588,2051.95097548774,0.0805560628537945
0.194782457732354,9.58286508470002,2052.25112556278,0.438654926769146
0.146184017271136,7.94739971184986,2058.40420210105,0.200283475295723
0.191358978657874,38.7165788401476,2060.05502751376,0.820607155158721
0.179277163501977,24.0766133741283,2059.45472736368,0.563037224193047
0.195472849442596,16.751589190816,2055.10255127564,0.639694890417394
0.170527918806562,5.85722521042959,2052.55127563782,0.233329712272798
0.160169719610472,27.4068715821386,2063.80690345173,0.38890263914249
0.154255474595626,19.9675638236179,2063.05652826413,0.31775550342707
0.13295609997084,37.8350640594363,2073.11155577789,0.21199756151048
0.156507936223122,359.45034909228,2081.06553276638,0.428345972896113
0.108934516215097,9.61049343596866,2069.95997999,0.0947606782403459
0.123556307512208,10.1216499350543,2065.60780390195,0.13690684973873
0.184163174358045,366.767713469489,2073.56178089045,0.858418195337255
0.152227037424427,6.59105201019205,2056.00300150075,0.201070030230958
0.199589995170019,25.1391209535034,2056.60330165083,0.832007741989198
0.195347471872393,28.0454211126682,2057.80390195098,0.800995164737229
0.173148529899592,5.60966897361054,2051.95097548774,0.231042143130096
0.187245828779366,11.1946946742062,2054.05202601301,0.450796732625467
0.196252142797469,24.3554775355552,2056.90345172586,0.775737922688116
0.154427523786988,64.2616671010127,2070.56028014007,0.381409975888692
0.157068955783644,4.54636621906863,2052.70135067534,0.166102702428219
0.178248120455165,10.9713498785374,2055.10255127564,0.395685186398658
0.122154017510655,2.67674439360146,2054.50225112556,0.0723972241110041
0.198238017788962,102.743164577046,2063.95697848924,1.13194465985564
0.167210905062884,23.5284272689873,2061.40570285143,0.440546847620417
0.139917781309668,3.65292419736599,2053.90195097549,0.114826847499868
0.189740349310274,97.274050262012,2065.15757878939,0.930497641369698
0.102212264499616,4.3416960341386,2064.4072036018,0.0654384079121818
0.162478805737765,5.94214829246472,2053.75187593797,0.215688882348619
0.139654257042593,16.7034315396448,2065.15757878939,0.222178143647227
0.186087952288399,29.2830732706331,2059.45472736368,0.680001637617604
0.163528364483734,9.02067029565308,2056.15307653827,0.285047321934993
0.13511468345015,12.8536732852339,2064.4072036018,0.188099708697363
0.146921495416185,1190.60839991071,2092.62131065533,0.332361124325571
0.199400219623861,9.02067029565308,2051.50075037519,0.434233793136952
0.197165173706398,13.0400368809022,2053.60180090045,0.562234088548314
0.17631507174832,11.8923810771604,2055.85292646323,0.402096488977513
0.174844918258142,20.0828667363378,2059.15457728864,0.487817348675824
0.0866485182129586,1.68386231169735,2058.55427713857,0.0296055483426794
0.18163518310236,20.9691291766305,2058.25412706353,0.565066871535223
0.188346287932586,8.17952684419346,2052.25112556278,0.362887433197081
0.191450976914399,6.47817779606607,2050.60030015007,0.303643050079561
0.19665292638829,96.7155651874199,2063.95697848924,1.0787877684009
0.186157309952346,16.8968968064112,2056.45322661331,0.555014008168275
0.119049404777762,4.99947880072813,2060.80540270135,0.0984902980824221
0.19623834136653,27.8042399468639,2057.65382691346,0.808731084532065
0.198981391766959,9.58286508470002,2051.80090045023,0.456240582895719
0.16936795050265,6.22226476776323,2053.00150075038,0.242317881961907
0.177884019432363,16.0435815196353,2057.35367683842,0.47487759580873
0.125352124004473,2.00713065465068,2051.35067533767,0.0586632381284311
0.179205930677421,41.011270705513,2062.45622811406,0.641219951664016
0.158005801751269,37.8350640594363,2066.35817908954,0.388582784795945
0.183528254254851,26.9375187251589,2059.45472736368,0.626948057821633
0.185654737491688,5.46618619625777,2050.30015007504,0.247827230844223
0.144461596531754,16.6554123326141,2063.95697848924,0.24767329079059
0.160839352016842,34.7044444245723,2065.15757878939,0.4112706413075
0.106784851391662,4.0401882420282,2062.30615307654,0.0698246767694826
0.14030064693041,12.8907317012169,2063.05652826413,0.213115254274997
0.182893646545417,8.17952684419346,2052.85142571286,0.34474625691779
0.157541912126649,3.12697047724319,2050.15007503752,0.118232868626071
0.182017951998854,12.4171951294921,2055.25262631316,0.449170487873649
0.192911723520552,258.138607659778,2069.65982991496,1.07275813042409
0.167829829942983,121.764693620619,2071.16058029014,0.55338218033873
0.189656208334301,23.1921673069706,2057.65382691346,0.672771524901006
0.182823078239946,6.61005466738882,2051.65082541271,0.289748801474455
0.179464827821759,6.22226476776323,2051.65082541271,0.267657610645716
0.144398603992883,18.3153703115779,2064.70735367684,0.250699938717137
0.15294736471232,8.6145740489714,2057.65382691346,0.234716756296035
0.0794132235573033,2.53425879720196,2066.95847923962,0.0313734877733984
0.185271876606889,33.6226281790017,2060.35517758879,0.692515080219088
0.171923221539935,8.66431899975565,2054.65232616308,0.314357038732569
0.164396313900387,3.6740180475533,2050.30015007504,0.145813486439527
0.184353337894937,46.0167273459691,2062.15607803902,0.73536880576846
0.183260602661043,13.7336016436691,2055.70285142571,0.480301695905209
0.11304024211793,2.67674439360146,2056.45322661331,0.0633620218964845
0.153455407464572,128.610764357393,2075.36268134067,0.386404995575589
0.193388764623865,7.92455244054436,2051.50075037519,0.369917721415377
0.142825959238137,25.1391209535034,2067.25862931466,0.257979514217811
0.163800254119428,6.80312071291408,2054.35217608804,0.241557403464509
0.195203462527808,29.1149486853426,2057.95397698849,0.816172305469529
0.188880233955431,28.6163443734521,2058.85442721361,0.716422629737683
0.193464473225326,16.7998856852757,2055.40270135068,0.620749967890089
0.183729032894521,12.2750213329814,2054.95247623812,0.457360385970023
0.136964311484625,8.44270511134198,2060.80540270135,0.172177890447858
0.184943600788504,43.3170791620244,2061.70585292646,0.737656055911266
0.18568293001943,59.114350629975,2063.35667833917,0.780626744323541
0.19922807783791,442.243456103196,2071.16058029014,1.26262710496235
0.192916893472471,19.682194462711,2056.30315157579,0.66529903702354
0.16575030744112,22.2119479273284,2061.40570285143,0.417222081054178
0.199360585766663,6.98169689372975,2050.15007503752,0.342066323404677
0.18214818103821,23.9383809351586,2059.00450225113,0.590095696114036
0.194038141788138,421.120226831322,2072.06103051526,1.09949790499752
0.106097476672582,147.245493016899,2096.97348674337,0.1054476930299
0.17214086479765,6.7058929175172,2053.15157578789,0.263223361755555
0.174349232285857,30.5753433592029,2061.70585292646,0.5407541105746
0.193606266669494,15.4542261000141,2054.95247623812,0.594817360151174
0.180580347457254,9.58286508470002,2054.05202601301,0.374720176134722
0.117351642844937,6.862132740856,2064.10705352676,0.106376441685046
0.129812026840991,3.66345594042931,2055.70285142571,0.100545160928821
0.183199955696501,29.8791915321589,2060.05502751376,0.644237599439685
0.183236883094357,8.73947554283164,2053.15157578789,0.363268583906465
0.179449185478295,2369.1559459489,2085.11755877939,0.77636350154928
0.1772915570905,7.3530347199978,2053.00150075038,0.298939971901276
0.153015292476048,3.19982540066046,2050.90045022511,0.117171496042166
0.191708724377968,26.0227888862634,2057.95397698849,0.728619943641274
0.153498422157158,55.1677690041581,2069.80990495248,0.367826264920425
0.134438996417493,8.73947554283164,2061.55577788894,0.166998746891534
0.177666148210202,27.884402330579,2060.50525262631,0.571934705959905
0.193039350582356,16.0898367576997,2055.25262631316,0.602266032826849
0.182163805768174,15.8142923261533,2056.60330165083,0.507820045043962
0.180573170791345,19.682194462711,2058.10405202601,0.539008640201518
0.188149822908608,43.6928227058688,2061.25562781391,0.78544595868515
0.183762091167631,23.8695626167564,2058.70435217609,0.60978620562189
0.173251271033884,88.4579120605105,2068.00900450225,0.619855426990018
0.180055184242937,52.8360974706726,2063.65682841421,0.688466282598531
0.193565702396748,9.50045567592029,2052.4012006003,0.42976250074746
0.193406038367421,7.63344674676951,2051.20060030015,0.357899277876313
0.180415967970838,17.5918424880948,2057.50375187594,0.513829379039416
0.157376354549894,3.68461060628057,2051.20060030015,0.139101207147288
0.164166174028763,73.3611898536447,2069.05952976488,0.482945330064307
0.163857467219664,39.7328563803063,2065.30765382691,0.45193130392786
0.174019504276812,34.307087165692,2062.45622811406,0.547773334726012
0.139805342412884,7.72186012504483,2059.45472736368,0.17657149709775
0.132106838666185,18.2627170853981,2067.85892946473,0.189100602682504
0.115299803229662,3.6424227310724,2058.85442721361,0.0789763024690945
0.171306449479407,191.346470191867,2072.96148074037,0.61687369585524
0.194050389416849,46.5497099496079,2060.65532766383,0.897866530578983
0.137233811128935,6.25819530279368,2058.40420210105,0.153535627406203
0.172942971579206,39.3911672117236,2063.35667833917,0.557755975987449
0.189526969719955,9.28414544519475,2052.70135067534,0.4066966043471
0.187601837071403,39.3911672117236,2060.80540270135,0.757636697391546
0.156217004580392,5.32637338722108,2053.90195097549,0.185480767781065
0.136744712445201,2.49085867387056,2051.35067533767,0.080322198902241
0.156642174676891,7.74412301428478,2056.30315157579,0.236063417791739
0.19519934057599,72.312737671454,2062.75637818909,0.995726911407689
0.0851304875401833,4.36676720472819,2071.46073036518,0.043119006850762
0.170607359621486,8.29812065000463,2054.65232616308,0.299204509937118
0.189974249071034,6.13333836012256,2050.45022511256,0.284665164034434
0.195613810670221,11.2593385593765,2053.00150075038,0.500221781071102
0.189823101012109,59.2847831707431,2062.60630315158,0.86143210830694
0.150731948312105,4.06351835261943,2052.85142571286,0.141872456498713
0.196462580084752,96.4375262265749,2063.95697848924,1.07708350987849
0.127814398855587,4.95648496866088,2058.55427713857,0.116146709563326
0.17768221841636,15.8598865007128,2057.35367683842,0.468634993947483
0.193429491044878,29.3674992776149,2058.40420210105,0.777142633544978
0.0557651433094545,3.12697047724319,2086.7683841921,0.0169275784554991
0.197397242179397,333.526835341291,2070.11005502751,1.1969615341664
0.194367107700024,31.1080807989498,2058.55427713857,0.806974542863472
0.146250179536792,4.99947880072813,2055.10255127564,0.155726822295953
0.19487543960785,10.9083594392703,2053.00150075038,0.483043927703531
0.194434806869356,365.713325649629,2071.16058029014,1.12419182762367
0.194981853737205,10.7524610237587,2052.85142571286,0.479631251928077
0.122170490755294,4.0518365057735,2058.25412706353,0.0940280715467691
0.175188015226217,5.02834834499989,2050.90045022511,0.213379862412008
0.168682251667361,32.8570945343963,2063.20660330165,0.484966541967454
0.128646592650597,2.61579919085284,2053.15157578789,0.0770034324463953
0.190970769580022,468.454771555964,2073.26163081541,1.02824791710016
0.15160157050299,5.97646129188652,2055.40270135068,0.188586831589954
0.148776213322751,7.02201277776474,2057.05352676338,0.197097573373209
0.181109234865259,8.76467231833321,2053.45172586293,0.354967290871595
0.199471216833614,16.8483214233231,2054.65232616308,0.677209716814934
0.153853580018368,4.19426304469508,2052.70135067534,0.150090533973431
0.198358650946182,16.4173790695188,2054.65232616308,0.657317965169723
0.176475059237123,9.418754960271,2054.50225112556,0.351881318440642
0.119431282150185,9.5553161597167,2066.35817908954,0.122496923799498
0.158346310413083,3.51873529007318,2050.75037518759,0.13386161016871
0.156123666097868,7.81129753947542,2056.45322661331,0.234890231344039
0.196614180508196,7.81129753947542,2051.05052526263,0.373893310067248
0.183054843968388,29.6222405590191,2060.05502751376,0.638581616439161
0.171741995129329,245.808926082201,2074.31215607804,0.629033578408548
0.159268755590503,5.14550325140415,2053.15157578789,0.188071162161754
0.174138093874221,13.3823268507784,2056.90345172586,0.410245311416201
0.154915479460569,6.01097243209366,2054.95247623812,0.197563930961341
0.190366533570409,21.4576864915806,2057.05352676338,0.666717090975374
0.187676179118691,9.72180569368846,2053.15157578789,0.412958369119325
0.193074054158206,10.2388825947119,2052.85142571286,0.453413779402258
0.172026189014229,18.7961333346796,2059.30465232616,0.449105797203453
0.154418359286094,7.14436264200497,2056.15307653827,0.218196178092779
0.163485104796471,37.0802185815206,2065.00750375188,0.440196138679111
0.169126192679837,8.51593931825384,2054.95247623812,0.298981807234243
0.123246273045938,2.03037797761035,2051.80090045023,0.0580360327458503
0.173185662903084,6.31248050684326,2052.55127563782,0.255744956100703
0.153407297749976,6.09812467340626,2055.25262631316,0.195686288965406
0.142632528171216,3.66345594042931,2053.45172586293,0.118970008248841
0.190623525785831,198.072510456684,2068.75937968984,0.999350997893007
0.166313688182673,7.74412301428478,2054.8024012006,0.27165187037788
0.199374760122176,13.6547521301788,2053.60180090045,0.594039726458681
0.142948083379848,3.19982540066046,2052.4012006003,0.106860448976474
0.162277016596076,7.18561784115829,2054.95247623812,0.244898736081126
0.117206681026724,1.65979714701382,2050.90045022511,0.0449036867539964
0.190246434674329,19.4009034997931,2056.60330165083,0.632295617755021
0.183404754682164,12.0995910689866,2054.95247623812,0.450022456529841
0.181280490288012,6.0805937181354,2051.35067533767,0.266176876710777
0.119754110674974,62.6179974805149,2082.11605802901,0.153274167327169
0.184564711879354,6.57210398204128,2051.35067533767,0.293234492382499
0.177086794595458,14.4224738415937,2056.90345172586,0.445463313037382
0.130738055667243,2.4062754285944,2052.10105052526,0.0733851345683789
0.187291815068118,6.13333836012256,2050.75037518759,0.28019066068772
0.184292291981334,121.414643152359,2067.40870435218,0.83474178445369
0.178294594601492,15.4542261000141,2057.05352676338,0.47142473627147
0.174925508354612,8.39423252506469,2054.05202601301,0.320188406843176
0.177842740137265,5.84038679556032,2051.50075037519,0.249729197009375
0.191161825412635,31.5591124739724,2059.00450225113,0.773248806905454
0.137087787925419,7.3530347199978,2059.75487743872,0.16318817505812
0.102626379456235,1.43314150019665,2052.25112556278,0.0331800102486763
0.183333668440265,15.6332226114801,2056.45322661331,0.511156196060507
0.196172909185542,14.257340102472,2054.20210105053,0.588011542697691
0.181886052849595,23.4607874898523,2058.85442721361,0.589369805336599
0.186040509023993,16.9456122371505,2056.45322661331,0.556998061663351
0.0892666594228031,16.2761951447872,2084.66733366683,0.0597760849200274
0.153767791625509,11.858192730432,2059.6048024012,0.273189162035774
0.0919897481825204,2.6460963359074,2062.45622811406,0.0424841474445004
