0.238551844620134,63.1611621799113,2060.80540270135,0.988164065422482
0.229693050931342,9.39167782086193,2053.60180090045,0.454430307770133
0.186370787706191,956.632621318398,2083.91695847924,0.319381143658581
0.174592523879289,7.6115020308696,2059.90495247624,0.169181040972441
0.177707161747905,30.9294781934387,2067.25862931466,0.233354905736926
0.165051006021379,8.68929909148323,2062.30615307654,0.146338157999517
0.248843802832995,48.8846255702689,2058.40420210105,1.18924054167752
0.221200061924255,4.19426304469508,2050.75037518759,0.228324542710943
0.245633368833328,20.0251322921732,2055.10255127564,0.848327150926276
0.248867160047155,38.7165788401476,2057.50375187594,1.1150487020307
0.190016254537514,4.58580257506987,2054.65232616308,0.178786192135999
0.2441687799835,24.0766133741283,2056.00300150075,0.895081468405084
0.222058925235017,14.1347317845805,2056.30315157579,0.497187977238512
0.227100961481359,48.4642342722534,2061.10555277639,0.75661835063519
0.223232763639271,402.162063201249,2071.16058029014,0.783308281379462
0.208495092262189,16.1362253542068,2058.55427713857,0.413367264850335
0.226437300792015,9.80613514975012,2054.20210105053,0.44406039777822
0.241391424140552,7.97031285410644,2051.80090045023,0.456572346472808
0.232788993531935,15.7688292262238,2055.55277638819,0.619090537553894
0.224151000163999,5.52949756842363,2051.80090045023,0.294999508885748
0.154567516192409,3.11798102843626,2057.80390195098,0.0843264002166473
0.232528768289865,42.4528622739386,2059.75487743872,0.838196745165087
0.245684424256784,9.74983462452457,2052.25112556278,0.553054417981005
0.0744792271012132,1.00288309926358,2071.76088044022,0.00127018561592148
0.212835371707074,15.189566737098,2057.80390195098,0.432524313767087
0.223835826012872,94.5135059458335,2064.55727863932,0.754044421170442
0.225828576492638,23.259032627454,2058.10405202601,0.624503069272082
0.219580096346796,13.6154972999402,2056.45322661331,0.468550987628772
0.207636233485381,4.98510624458552,2053.00150075038,0.233457608682322
0.249717288437328,608.76000443344,2068.45922961481,1.48367979109843
0.233597236858456,7.28980110054726,2052.10105052526,0.399293159478086
0.186142570967516,13.5763553199153,2061.10555277639,0.251208618412888
0.224829818256372,32.0166835936232,2059.6048024012,0.666491029083755
0.209790537738122,4.3416960341386,2052.10105052526,0.214931100890415
0.223522233594384,38.1632551869613,2060.50525262631,0.678384480861061
0.236779707657156,7.10334430368878,2051.65082541271,0.402472806995232
0.177937699474477,4.48139116082693,2056.30315157579,0.146512053935793
0.209622819424328,5.75691805285236,2053.45172586293,0.263343204307781
0.225440303769621,9.80613514975012,2054.20210105053,0.443315803263572
0.220712520278832,8.10918567113405,2053.90195097549,0.372006222949991
0.246577489812117,62.258485186131,2059.75487743872,1.16507456441852
0.215741072630548,4.01699207793678,2051.20060030015,0.210980771754587
0.244887526582123,6.33068001474387,2050.45022511256,0.383506093125094
0.237656996315415,26.3241943658462,2057.2036018009,0.809301312009592
0.21401540394755,8.76467231833321,2054.95247623812,0.356903076349391
0.237387709204544,9.80613514975012,2053.00150075038,0.512139255221539
0.241023763172524,68.8588063220333,2060.80540270135,1.06354235546493
0.19752252196872,6.84240540686637,2055.85292646323,0.244542070893312
0.0938501871333901,1.00577451078852,2063.20660330165,0.00843661359040926
0.237092165131988,96.994405762188,2062.75637818909,1.01573706781964
0.186538969747791,2.3787241732935,2051.50075037519,0.106885872151855
0.197391507000987,23.0590127888488,2062.0060030015,0.355349443669179
0.2131628308902,4.20635552139048,2051.65082541271,0.21496764345162
0.15242000731963,325.932960987591,2088.86943471736,0.132077738379255
0.235964340507474,23.0590127888488,2056.75337668834,0.762198628906805
0.215039603319815,39.3911672117236,2061.85592796398,0.568601663248267
0.171009260805435,4.61228334151361,2057.50375187594,0.132929365177816
0.248804941594528,6.7058929175172,2050.45022511256,0.413054115240228
0.247545956546011,13.3054941313703,2053.30165082541,0.697441544592717
0.24795653858775,9.02067029565308,2051.65082541271,0.533462140594367
0.242906347788352,57.9349631659321,2059.90495247624,1.06712328911871
0.194191700615011,2.14453349218355,2050.15007503752,0.102200917772181
0.213797844215008,3.37973166401872,2050.45022511256,0.178284345559149
0.243014083862741,31.8328643748612,2057.35367683842,0.94921356044034
0.223063675979472,8.89175006582625,2054.05202601301,0.405290981372018
0.214306192210574,100.403866506169,2066.35817908954,0.608732017906158
0.241439477349814,9.12515100556096,2052.4012006003,0.504631585004572
0.223028112437653,55.3268231583471,2062.30615307654,0.699512079311641
0.218358133874602,8.58980877761041,2054.35217608804,0.375801111986312
0.215877744309647,215.319454467205,2069.65982991496,0.648080493841999
0.241069998878428,14.1754836193795,2054.20210105053,0.665427256434619
0.247579836182434,28.7815897627645,2056.45322661331,0.996373148527479
0.240921588399122,6.38559396992509,2050.90045022511,0.377515479255592
0.236635061401698,5.89104782059798,2050.90045022511,0.341859449302967
0.238332963841392,28.2886943462597,2057.35367683842,0.847210875244596
0.157308498592969,3.56975293664868,2058.25412706353,0.0935286034691136
0.23566545423307,16.3231210310229,2055.40270135068,0.655727029029772
0.24486198483764,15.7234968241093,2054.20210105053,0.745258617068783
0.208566677392134,24.7086041684656,2060.65532766383,0.453843534817063
0.215029284683802,19.9101608535235,2058.70435217609,0.493713089135939
0.216881237792051,22.9927224875773,2059.15457728864,0.528539406893275
0.141456530882798,1.91677282105974,2056.90345172586,0.0527132347880491
0.218396356531519,28.2886943462597,2059.90495247624,0.57096538734735
0.151817489003861,1.53566531100084,2053.45172586293,0.0530310753683434
0.201783323638264,15.0156499750721,2059.15457728864,0.355486955128511
0.103442277092951,7.45964533309522,2080.16508254127,0.0310695345664606
0.218914793353151,4.81582467568853,2051.65082541271,0.253271489108768
0.16483593771904,1.50936647207927,2051.50075037519,0.059593313699021
0.236794307964118,55.4863358814509,2060.35517758879,0.958555911095252
0.238891226618344,5.89104782059798,2050.75037518759,0.346376261410528
0.233896275344163,14.7585013912184,2055.10255127564,0.614667092862521
0.200012159122598,3.37973166401872,2051.95097548774,0.160723510987061
0.241074174152529,21.3344902474791,2055.85292646323,0.809315730267874
0.232102721329909,12.2397329678754,2054.50225112556,0.544953310097377
0.248027792964827,287.981666926481,2065.75787893947,1.37764530745621
0.243282161906964,30.9294781934387,2057.2036018009,0.945990376368074
0.164402221829612,3.72728711692345,2057.2036018009,0.108677201408906
0.224512221310132,18.1056638759021,2057.05352676338,0.573158012872845
0.214839066204048,31.8328643748612,2060.95547773887,0.541188625150623
0.234007234446897,7.3530347199978,2052.10105052526,0.402381926173664
0.243471002299709,13.4209094274668,2053.75187593797,0.665917898565305
0.105295521288627,2.13836836392825,2067.10855427714,0.02684697074335
0.163861967774987,3.06458444505318,2056.15307653827,0.0971537456114299
0.20923239225343,318.511987047258,2072.81140570285,0.554034395151364
0.241972010079524,9.89119610131619,2052.55127563782,0.541971964663479
0.237765870731691,10.2388825947119,2053.15157578789,0.527943974620402
0.246248456868726,7.02201277776474,2050.75037518759,0.426386291096604
0.226406357457774,9.47314366240347,2054.05202601301,0.435764694355413
0.242140944202364,550.408549644012,2069.2096048024,1.24845561445248
0.246125641793145,115.283045603569,2062.30615307654,1.24788536962243
0.243572528047029,6.45955425993623,2050.75037518759,0.387214015654915
0.195334320905497,6.8227347852315,2056.15307653827,0.235399485427636
0.204722074490029,12.8167214051892,2057.95397698849,0.358753609882547
0.248453880823848,109.461101713713,2061.70585292646,1.33406730541814
0.211724056145702,6.01097243209366,2053.45172586293,0.27731499258667
0.22130320926025,97.5545010046874,2065.15757878939,0.703741471609417
0.241366710692258,62.258485186131,2060.35517758879,1.05319525687561
0.233218693398863,39.8474101492761,2059.45472736368,0.830524111382095
0.24229135603778,31.2877147471334,2057.35367683842,0.933876462420704
0.215154238580352,13.4209094274668,2056.90345172586,0.433828927721572
0.21996396741766,4.69264665877481,2051.50075037519,0.249146419137325
0.242684802412137,275.01718976248,2066.35817908954,1.21347165165509
0.240716028232305,34.6046757095179,2057.95397698849,0.931116019529643
0.241753380552236,8.71435120329488,2052.10105052526,0.491719322833098
0.202303063184941,25.5771389596111,2061.70585292646,0.404650671757065
0.235293404520822,31.5591124739724,2058.25412706353,0.812534293539305
0.238064937782768,88.4579120605105,2062.15607803902,1.04616058648027
0.210512433126145,22.6641186288517,2059.90495247624,0.468316091722018
0.234984887056806,5.04284557241036,2050.45022511256,0.292596881680143
0.233327070060373,20.8487379146156,2056.60330165083,0.704611628581504
0.248806718794065,43.5672141029724,2057.95397698849,1.1555226968906
0.205122941040933,12.2397329678754,2057.65382691346,0.356919891707273
0.181601311441079,3.45847564108692,2054.20210105053,0.134509541068284
0.239733152637758,7.12382395041967,2051.50075037519,0.411021193928788
0.225381477198835,6.55321042588835,2052.4012006003,0.341641295804469
0.242630847286865,16.9944681193122,2054.8024012006,0.745119387716985
0.223195281935436,13.6547521301788,2056.00300150075,0.499850644733777
0.248108014831559,6.98169689372975,2050.60030015007,0.428474916833056
0.226626455781153,4.3542135747773,2050.45022511256,0.243727000731065
0.219572185089551,15.1458996051004,2056.90345172586,0.489578025157114
0.247476324603213,3159.54762645484,2075.51275637819,1.41101668196997
0.129527957572271,1.28093437865255,2056.00300150075,0.0346100613836547
0.181040305962635,124.601675131387,2074.31215607804,0.269803772334537
0.231188440679593,21.8315600677534,2057.05352676338,0.689829576951213
0.235793610790326,5.02834834499989,2050.30015007504,0.293964654030292
0.236148181706384,27.884402330579,2057.65382691346,0.796345632822965
0.230204567954881,14.505756572389,2055.40270135068,0.578230072013872
0.23700942059419,6.38559396992509,2051.20060030015,0.36806796427738
0.232775586056211,16.464712003024,2055.70285142571,0.63369051113023
0.185657454151415,19.738940183072,2063.20660330165,0.267022614427053
0.223855942714477,21.0902156392867,2057.80390195098,0.595933668151472
0.249109429039706,12.9278969602916,2053.00150075038,0.700108036729706
0.226000892319592,14.0131778568844,2055.70285142571,0.534982159960955
0.240776178887923,10.2684023095805,2052.85142571286,0.548854551949576
0.199410313942759,5.25025074237118,2054.20210105053,0.219090029065423
0.196128911365149,19.5129342263596,2061.40570285143,0.332843228951732
0.246972127147336,9.97699489356779,2052.25112556278,0.568597313383339
0.236835636661576,56.2908244378238,2060.50525262631,0.943479638861819
0.239897013749766,9.66598933399762,2052.70135067534,0.521114514321727
0.234951320316783,10.2684023095805,2053.45172586293,0.511926727311188
0.210749285310084,5.17521601544173,2052.85142571286,0.247377355487951
0.230693032067973,75.2868592128977,2062.60630315158,0.851811270784375
0.194773117346392,7.78884153617836,2056.90345172586,0.247545470197679
0.242946505428738,21.0902156392867,2055.70285142571,0.81810016077746
0.23495890255501,9.52784643268317,2053.15157578789,0.487463573335143
0.1870978945495,27.015182265558,2064.70735367684,0.284590380902518
0.246282733589086,30.5753433592029,2056.75337668834,1.00691596845443
0.188785376624937,6.7058929175172,2056.90345172586,0.211233712637883
0.149062311610758,1.441417191251,2053.45172586293,0.0488041358095373
0.237743761441322,31.3779203344798,2057.95397698849,0.848775275090561
0.195043087770757,59.4557070854439,2067.25862931466,0.373794980408167
0.151056701406232,1.03813555048354,2050.75037518759,0.037546175064003
0.152978324556683,8.44270511134198,2064.70735367684,0.110809412547628
0.210072134596556,5.75691805285236,2053.45172586293,0.26363797416129
0.230387204545295,13.8926692519835,2055.25262631316,0.564317448995405
0.23838812080625,21.2120013170279,2056.15307653827,0.768025531397541
0.154651819584079,9.47314366240347,2065.15757878939,0.116532447717822
0.206025473933631,7.4382002633935,2055.10255127564,0.292627896366951
0.241503483714003,44.9689998212073,2059.00450225113,0.994888753324175
0.222660851991794,7.2688443008963,2053.15157578789,0.35614497073966
0.231956321916784,10.2094477434412,2053.75187593797,0.491378090488812
0.24655766903957,14.9294397640879,2053.90195097549,0.734091950006633
0.244098481145545,7.16496054867685,2051.05052526263,0.427629431174754
0.238901851336769,7.37423424898408,2051.65082541271,0.421555766420408
0.248887052858363,31.8328643748612,2056.75337668834,1.04786090884288
0.235166451985445,5.32637338722108,2050.60030015007,0.308964798623498
0.234751718382105,10.9398093223365,2053.75187593797,0.529562231068417
0.236185130045323,7.72186012504483,2052.10105052526,0.427207872558009
0.245757681905935,9.89119610131619,2052.25112556278,0.56125094354735
0.241877526802332,7.87905475386486,2051.65082541271,0.45499054573681
0.169009982240386,3.17230798106454,2055.55277638819,0.107012337506037
0.193056019702114,105.440085991399,2070.71035517759,0.360013498740135
0.245529588653195,13.6547521301788,2053.60180090045,0.690894321796451
0.229706263652391,58.4375060149326,2061.55577788894,0.823249804244359
0.243617385881133,22.9266227583863,2056.00300150075,0.851558006532962
0.242941556093463,76.5986393670066,2060.95547773887,1.13531114151157
0.223171082647084,25.4302914671788,2058.70435217609,0.621320021607161
0.210398828710725,57.1069771602846,2064.4072036018,0.527219139856023
0.15192734663253,2.81911328467833,2057.65382691346,0.0765204573560554
0.248178584488789,14.053579239644,2053.45172586293,0.72731799243654
0.207051568107098,4.31676880609627,2052.4012006003,0.208320045670396
0.249359287633663,18.2627170853981,2054.35217608804,0.857620661076188
0.249151856336041,25.8733827583896,2055.85292646323,0.986543629586516
0.239969392877775,27.9647958304035,2057.2036018009,0.858148598664332
0.214245256394823,3.98244730043134,2051.20060030015,0.207719696532048
0.222996386610411,5.28056837192541,2051.65082541271,0.282656456466699
0.160536397155754,189.155600689343,2082.56628314157,0.16110813788233
0.149065469807682,6.0805937181354,2063.35667833917,0.095119534757678
0.247936924292194,27.7243080148432,2056.30315157579,0.982559516471156
0.239275682915974,15.8142923261533,2054.8024012006,0.689377841936623
0.210662930167029,11.3243557313592,2056.60330165083,0.379191113674108
0.221449894320855,26.5525372336299,2059.15457728864,0.603690069537701
0.248829046881582,20.0251322921732,2054.8024012006,0.88812736756602
0.239810312660922,42.087781971745,2058.85442721361,0.962221430694605
0.232116230778461,243.695052194573,2067.40870435218,0.960373323305064
0.236159585344489,12.4888983567305,2054.20210105053,0.579899200323787
0.241828093702869,131.228905716863,2063.35667833917,1.16117477608198
0.189606174079268,2.61579919085284,2051.65082541271,0.119161907406627
0.224884880446919,6.61005466738882,2052.55127563782,0.340430919697327
0.248184078369088,36.235961115318,2057.35367683842,1.07387889851043
0.211654088055666,5.14550325140415,2052.70135067534,0.249265161163628
0.150394803062478,3.38947576589033,2059.15457728864,0.081069624864196
0.186389261914818,8.15601225127809,2058.25412706353,0.220137494207027
0.248181298572255,37.6178394397509,2057.50375187594,1.08504900410126
0.24599464739729,28.4520477169552,2056.60330165083,0.961433149970348
0.174742580216642,1.72806227717372,2051.05052526263,0.0730334933716073
0.185593481020287,12.1344753910871,2060.65532766383,0.239776397266477
0.230322588908815,14.6737675621227,2055.55277638819,0.574109029290543
0.161541387712279,8.78994173863968,2063.20660330165,0.133786433570181
0.173497032218468,26.4762037102107,2067.25862931466,0.208232963530389
0.248640290021691,13.932723196473,2053.45172586293,0.721383173398057
0.249553155773754,85.2084412476855,2060.65532766383,1.29994438644757
0.123523400808066,7.08292353206951,2071.6108054027,0.0526909242141036
0.222303017785448,4.18220533158347,2050.75037518759,0.228649214663746
0.151208757043263,1.05318733137807,2050.90045022511,0.0381346911859091
0.107402509483926,1.00577451078852,2059.00450225113,0.00756209254381922
0.219967039691012,9.02067029565308,2054.50225112556,0.390150485061216
0.175530804508526,32.0166835936232,2067.85892946473,0.224258263945994
0.20442322199012,16.2761951447872,2059.15457728864,0.383338516552216
0.169225944372329,2.46943812909056,2054.05202601301,0.0916244322641695
0.230793732248979,71.27926959708,2062.30615307654,0.857511985634711
0.128889107047456,4.54636621906863,2066.35817908954,0.0560719361084626
0.229912604358377,42.6980067851428,2060.20510255128,0.781906387599636
0.194634750269731,21.273157622404,2062.0060030015,0.332068639592804
0.245132395594658,43.0683803351352,2058.40420210105,1.05750519671047
0.204554009317914,12.7431360287119,2057.95397698849,0.356563152600316
0.1756177442791,87.6972038411665,2073.56178089045,0.237980987142031
0.228530580622401,22.8607130534172,2057.65382691346,0.65809952859829
0.171791873130314,4.74699861247518,2057.50375187594,0.137063728882872
0.233034043408523,16.6554123326141,2055.70285142571,0.640909984164244
0.2138804095722,29.9653362072615,2060.80540270135,0.525342863745168
0.183038029383181,17.2905756504487,2062.90645322661,0.248328827781103
0.213894226958978,17.1913042784243,2058.25412706353,0.457567872451681
0.249044647158476,61.7230832045355,2059.30465232616,1.25434101825459
0.135014048220228,2.23917234584048,2059.30465232616,0.0511826191519837
0.234815751948663,48.6039614703936,2060.05502751376,0.898533440174109
0.222965004522189,262.636352765333,2069.35967983992,0.760971314186297
0.248122957230746,12.8907317012169,2053.15157578789,0.68662226120002
0.225534153550053,26.7828608064846,2058.70435217609,0.651233421114729
0.242820872290357,18.0017127911777,2054.95247623812,0.773985981837592
0.201587166807111,3.31230280598519,2051.65082541271,0.160533236890612
0.221944273472094,10.0346071582177,2054.65232616308,0.42917819287192
0.222116757206881,5.23515726431772,2051.80090045023,0.277067450142293
0.218730937597459,5.31106107095859,2052.10105052526,0.273097228090898
0.221877014845151,15.6332226114801,2056.75337668834,0.516437728315201
0.247254338374104,164.741949530166,2063.50675337669,1.34659564959385
0.239321350451351,12.2750213329814,2053.75187593797,0.60216876206325
0.219720437078191,4.71974439753259,2051.50075037519,0.250211777723777
0.195784313117444,7.14436264200497,2056.30315157579,0.242737068034843
0.156329726435735,10.5076446271293,2065.45772886443,0.123052482055489
0.231897639063958,13.7336016436691,2054.95247623812,0.580340175619589
0.242253262944606,9.17784428848941,2052.25112556278,0.513590353417017
0.247948249706133,18.3681753422353,2054.65232616308,0.828661425643327
0.192015215634477,12.5972302899552,2059.75487743872,0.278314081256155
0.241799777146744,22.6641186288517,2056.15307653827,0.822320220276579
0.22143949819576,88.4579120605105,2064.70735367684,0.699101496227295
0.187161247317805,3.24621921773864,2053.15157578789,0.137573022198793
0.185661591341271,7.76645008964431,2058.10405202601,0.213419231394645
0.234103954561374,33.8167824081596,2058.70435217609,0.806329948247494
0.238952478432617,14.9294397640879,2054.65232616308,0.662175628913344
0.247012645650303,11.7224193723862,2052.85142571286,0.638423189627421
0.225684893432368,7.00182581890258,2052.70135067534,0.358813606973248
0.214158107038455,26.0978151697375,2060.05502751376,0.519765849674155
0.235010975932069,181.160919420042,2065.75787893947,0.998982968626901
0.236668017820608,15.5434666953568,2055.10255127564,0.650404443463982
0.212145577776889,13.0776326016306,2057.05352676338,0.413663809210487
0.245013229260767,52.0809826503965,2059.15457728864,1.10591432038886
0.223224600664659,3.97099851752979,2050.30015007504,0.218895817914995
0.244283035693851,95.6081960158011,2061.70585292646,1.19668369002881
0.100800775515991,1.06232295058138,2061.40570285143,0.0187972650128634
0.24849047982298,70.260571482953,2059.90495247624,1.26395300939143
0.158122153628131,3.32185250376586,2057.65382691346,0.0917876314694069
0.206009219913181,6.09812467340626,2054.20210105053,0.260415440199007
0.24639464060483,15.5434666953568,2054.05202601301,0.752542831020715
0.213497542642631,45.0986499114755,2062.75637818909,0.556121377165975
0.146613208000551,13.8926692519835,2069.65982991496,0.101971252325611
0.246520613874979,89.2252188596224,2061.10555277639,1.25544730115463
0.207927710479809,5.13071090257931,2053.15157578789,0.237850848829885
0.241797254060975,2431.34429133299,2075.36268134067,1.27069597266708
0.233437133854367,7.97031285410644,2052.55127563782,0.4240802595457
0.20099677381754,3.20905081491668,2051.50075037519,0.15543608552958
0.241317664348568,8.1325652583707,2051.80090045023,0.46568784427959
0.228735510508623,6.31248050684326,2051.95097548774,0.341552200996916
0.107889090813771,1.00288309926358,2058.85442721361,0.00596872824407385
0.196021810981091,6.57210398204128,2055.85292646323,0.234154780364592
0.222023088819837,28.4520477169552,2059.45472736368,0.613743690595081
0.204017188047857,3.35066711121492,2051.50075037519,0.164959071947592
0.197153714451024,2.90981894079874,2051.50075037519,0.138284364750807
0.220328473862086,4.46850800867783,2051.20060030015,0.239557162234771
0.246743275820913,10.4774371358388,2052.4012006003,0.590982070160085
0.245899336201967,22.7294615325802,2055.70285142571,0.883668888564977
0.230436430158505,184.848829201335,2066.50825412706,0.907891850509738
0.244907429385676,66.5205358429982,2060.20510255128,1.14178750493833
0.181398304697179,5.6910027726913,2057.05352676338,0.174454843621368
0.233294493281405,26.9375187251589,2057.80390195098,0.752441424433655
0.231402003595325,25.3571841881197,2057.80390195098,0.710088953347229
0.219604571271438,7.22711126890421,2053.45172586293,0.34278709488614
0.232123844321632,54.6933447910292,2060.95547773887,0.857517221146474
0.162774876565237,11.3897483457029,2064.55727863932,0.144512436971968
0.23699223961646,11.8241026687353,2053.90195097549,0.567763938139263
0.185278688439408,2.63090415150101,2052.25112556278,0.115000937613151
0.219042189608062,3.46844676966084,2050.15007503752,0.187571460096831
0.235129255657763,5.60966897361054,2050.90045022511,0.323689680665368
0.238016166619238,10.2684023095805,2053.15157578789,0.529976055552186
0.189342855138976,60.6660524756973,2068.45922961481,0.328098608245769
0.246097635798274,16.6554123326141,2054.35217608804,0.777577861935927
0.213677481511368,4.69264665877481,2052.10105052526,0.236049117833372
0.215253954852526,24.7086041684656,2059.75487743872,0.51617003317344
0.15569602729865,1.20578622343754,2051.20060030015,0.0449690636655091
0.214321295016124,5.79016143825715,2053.00150075038,0.278033665063893
0.248609674303896,20.0251322921732,2054.8024012006,0.887538977183696
0.141451849068726,15.6332226114801,2071.91095547774,0.0910121534521418
0.158504568034963,2.52697328239242,2055.70285142571,0.0808672972785525
0.238529944122122,6.13333836012256,2050.90045022511,0.35960405147272
0.212574194351533,5.74036800209287,2053.15157578789,0.271178960217358
0.195255157697855,9.2308418493486,2057.65382691346,0.268703598107508
0.236775300090378,29.8791915321589,2057.80390195098,0.83133335585736
0.249308427714837,52.8360974706726,2058.70435217609,1.21015564225713
0.243824830843919,7.58962040187813,2051.35067533767,0.44767328212077
0.221175331290581,11.5882005855279,2055.40270135068,0.455786907922771
0.249836325098746,8.15601225127809,2051.20060030015,0.495571021099112
0.214144573904335,11.8923810771604,2056.45322661331,0.407140673136897
0.209282613184651,43.3170791620244,2063.20660330165,0.505268248184704
0.249517270465563,12.8536732852339,2053.00150075038,0.696626146678639
0.240434376507435,9.12515100556096,2052.4012006003,0.502300555834017
0.209565361361256,3.08228092099346,2050.45022511256,0.15911937322463
0.18977255764607,2.66137624774655,2051.80090045023,0.120633271882158
0.228931019393674,14.257340102472,2055.55277638819,0.556485531560642
0.246882665218276,50.167805761144,2058.70435217609,1.1573803108915
0.241438157195991,14.257340102472,2054.20210105053,0.671167061968779
0.224791426130115,67.874700613069,2062.90645322661,0.752981067604648
0.227542855500438,177.546586943045,2066.8084042021,0.844307446663452
0.238681536378457,234.068156985336,2066.20810405203,1.11949789726305
0.220357889259396,4.27964604980107,2051.05052526263,0.230379195641804
0.190288555992184,3.02078648791353,2052.4012006003,0.134604069420503
0.235578916384071,178.571831624811,2065.60780390195,1.01239411999001
0.215914853160017,18.3153703115779,2058.25412706353,0.486778604076574
0.164942493503551,3.4784466459882,2056.75337668834,0.10542899601319
0.233967052596325,52.5327465589178,2060.50525262631,0.89232199326959
0.229071426434494,16.0435815196353,2056.00300150075,0.591010722600404
0.21987947135326,64.6327467909754,2063.50675337669,0.659272285332195
0.144371034321185,1.20231981606127,2052.85142571286,0.0402340212159893
0.178016814827445,7.22711126890421,2059.00450225113,0.178296981452731
0.220152399301128,12.7431360287119,2056.00300150075,0.464584690124719
0.216303073244124,11.4225861207707,2056.00300150075,0.414612447638377
0.224448702866306,9.77794436555052,2054.35217608804,0.434169443606712
0.230380701905216,8.41843393067599,2053.00150075038,0.42929139333657
0.166705095367744,8.81528401319323,2062.15607803902,0.150447259434471
0.200734958569474,3.71657187129828,2052.25112556278,0.175278111242327
0.211716461114353,8.84069935203988,2055.25262631316,0.346819455705875
0.234028503528472,168.580253154706,2065.60780390195,0.971412282239493
0.187285898302443,7.3530347199978,2057.65382691346,0.212949709301857
0.20787245397737,11.1304219326752,2056.90345172586,0.358201698944736
0.240804424406644,47.0888657531278,2059.30465232616,0.984544413053945
0.224328589812243,31.4683859934887,2059.6048024012,0.65645521846759
0.156671883426502,3.53905426496764,2058.25412706353,0.0925080747569804
0.179236364091993,2.41321295951054,2052.55127563782,0.100913156967753
0.216102753816758,115.948748794139,2066.8084042021,0.628901393998456
0.225472691854944,10.7215497316231,2054.65232616308,0.462562508065304
0.24684344457525,21.3959997006003,2055.25262631316,0.888732609744443
0.212483976158746,114.291650280088,2067.25862931466,0.589690080497386
0.201250368622683,10.9398093223365,2057.65382691346,0.318552319705209
0.219092763704198,57.9349631659321,2063.05652826413,0.649583895791024
0.23353741625226,77.4858328855303,2062.30615307654,0.915196297523312
0.228002171028742,24.3554775355552,2057.95397698849,0.668122256839862
0.131988472590944,1.00288309926358,2053.60180090045,0.0272317874499583
0.200956531067589,21.4576864915806,2061.10555277639,0.376636341398244
0.230569069169815,14.257340102472,2055.40270135068,0.568821547710244
0.243271356138274,6.57210398204128,2050.75037518759,0.393427091817991
0.180277082863269,9.2308418493486,2059.90495247624,0.203781416746904
0.217211226260191,22.8607130534172,2059.00450225113,0.53808604301448
0.215682684529284,15.3654978668113,2057.50375187594,0.456175845783173
0.186213155443024,5.74036800209287,2056.45322661331,0.188602533380642
0.18664329688976,5.07196553857306,2055.70285142571,0.179029234743144
0.24893068065489,23.6642924260888,2055.55277638819,0.943628560699012
0.223970848677075,12.5249050903856,2055.55277638819,0.485498794942747
0.223246471534055,39.6186319317599,2060.80540270135,0.66680549221638
0.232497032717338,44.9689998212073,2060.05502751376,0.839171993722263
0.237796977646912,13.8926692519835,2054.50225112556,0.626436882502542
0.220077462297397,13.6154972999402,2056.30315157579,0.47769502053844
0.233303689193963,5.01389279437678,2050.45022511256,0.289415587111461
0.212655392020185,5.48194575365476,2053.00150075038,0.261635727805981
0.192521209901533,24.1460286404166,2063.05652826413,0.321677568838389
0.212228848382963,25.1391209535034,2060.20510255128,0.491613613615541
0.161837567479101,3.52888015319671,2057.35367683842,0.100862306995299
0.223129161303709,11.0347040567755,2054.95247623812,0.458254997936972
0.19407557590972,20.6694457978884,2062.0060030015,0.323589712428303
0.243868782059522,42.8211093770612,2058.40420210105,1.05353242940057
0.223334388135042,11.858192730432,2055.25262631316,0.476276743506488
0.240069257914365,50.4575002967478,2059.6048024012,0.99779752588964
0.249229079781944,36.7613412036469,2057.2036018009,1.11780658880953
0.232033957971727,45.0986499114755,2060.20510255128,0.818751247086304
0.247773029609771,134.286392810429,2062.60630315158,1.34281412199709
0.171003375005607,16.4173790695188,2065.00750375188,0.185520128250338
0.246488914214715,6.55321042588835,2050.45022511256,0.399681925686017
0.218437194686497,20.6694457978884,2058.40420210105,0.534705681249684
0.244517241144064,6.64822449937834,2050.75037518759,0.400480397781522
0.211380072204856,20.0251322921732,2059.30465232616,0.454971096954361
0.136885655766396,6.33068001474387,2066.65832916458,0.0724435611293757
0.23723914256174,38.9401481423545,2058.85442721361,0.896204189942541
0.203284005537673,14.053579239644,2058.70435217609,0.354304212348764
0.237309238534907,31.8328643748612,2057.95397698849,0.861709865596551
0.237493643331584,110.728920316933,2063.20660330165,1.04895412168515
0.244436900309043,84.4756773817437,2061.25562781391,1.16338822662287
0.230199690851589,7.22711126890421,2052.4012006003,0.383691416386274
0.244286943601137,7.99329205722658,2051.50075037519,0.469811046799572
0.221034308109419,15.4542261000141,2056.75337668834,0.510521584112663
0.229006066054938,46.4158883361278,2060.65532766383,0.783479743774086
0.229616366841548,23.0590127888488,2057.50375187594,0.679461627543599
0.241009102445336,9.97699489356779,2052.70135067534,0.539593173258176
0.239415839197265,11.0029813692926,2053.30165082541,0.562644062400426
0.243934592862764,452.547235227644,2068.15907953977,1.28487520460967
0.221307065715211,28.1262788456248,2059.45472736368,0.608316348108407
0.217717373395838,12.4888983567305,2056.15307653827,0.445949088701293
0.224909846701508,90.7798576447935,2064.25712856428,0.763517128359042
0.163448125269927,1.1988633739507,2050.15007503752,0.0473407343748662
0.246077441299363,122.115753319126,2062.45622811406,1.27929625362023
0.212613926436246,4.13432012050498,2051.65082541271,0.211041479063535
0.18641104243111,10.1508316565282,2059.45472736368,0.235583444302839
0.239141473144991,10.2094477434412,2053.00150075038,0.536340537287548
0.205603030414284,6.40400427119728,2054.50225112556,0.265828944417281
0.240198172838614,21.151020824465,2056.00300150075,0.784360364652888
0.176281008439224,5.90803229623124,2058.10405202601,0.161228054567305
0.199155028063288,27.6446058720117,2062.60630315158,0.381832638803122
0.24660589873632,52.3817248465878,2059.00450225113,1.1403207418058
0.153914464338996,2.50524216415549,2056.45322661331,0.0748188388271756
0.218502908253214,10.783461436218,2055.40270135068,0.422383314365926
0.196371975057302,2.98619923379083,2051.65082541271,0.140944605645455
0.243652573982997,29.5370822190252,2056.90345172586,0.950194521511209
0.237566539460154,39.7328563803063,2058.85442721361,0.914071699848519
0.236979353683203,12.5249050903856,2054.05202601301,0.592155795712464
0.245121920506484,120.024475679838,2062.60630315158,1.2241777132776
0.210487131914144,38.3836293157633,2062.45622811406,0.509811784153142
0.239641442040086,6.49685502569923,2051.05052526263,0.380932669787651
0.238017250434533,27.015182265558,2057.2036018009,0.829680437266262
0.223984516947924,9.28414544519475,2054.20210105053,0.417561859722231
0.234220627243202,6.34893199363231,2051.50075037519,0.357818877526137
0.16725819842693,17.1913042784243,2066.05802901451,0.171322188627388
0.241037458760157,171.024474463231,2064.55727863932,1.16291373833856
0.246769277513413,7.6115020308696,2051.05052526263,0.459320940827086
0.238043326536093,53.6021605942022,2060.05502751376,0.977437730493897
0.235370847600058,26.4762037102107,2057.50375187594,0.775814936892816
0.225558760244626,37.7262954049369,2060.20510255128,0.703254114365545
0.199148039792884,2.96051892720402,2051.35067533767,0.142796072205969
0.241772469774504,6.84240540686637,2051.05052526263,0.404012869672097
0.198273322946266,11.7224193723862,2058.40420210105,0.309635328750953
0.244097679179215,36.6556592993152,2057.80390195098,1.00797151475042
0.24240612483552,10.9398093223365,2053.00150075038,0.57985599694059
0.211508461829546,36.0279175169288,2062.0060030015,0.515880195794293
0.249908708916172,11.9955386652786,2052.70135067534,0.667406572682556
0.232222300739201,103.933173569877,2063.65682841421,0.932124272432447
0.166429394513206,3.6740180475533,2056.90345172586,0.110447436149996
0.218064764975678,4.88564863828298,2051.80090045023,0.253917775872932
0.249305997602376,60.840958726914,2059.30465232616,1.23534082226593
0.221143325177559,6.15102138343189,2052.55127563782,0.312064429072983
0.214312752230926,8.78994173863968,2054.95247623812,0.358099757811105
0.249317666593433,121.065599013,2062.0060030015,1.37149112233751
0.247440874148125,17.8983585267682,2054.50225112556,0.821639685762129
0.224280610018223,11.9266679922861,2055.25262631316,0.479766861181599
0.243656900823278,10.5076446271293,2052.70135067534,0.573580747015201
0.22425839459523,13.4984086137474,2055.85292646323,0.504092584765587
0.198394864821961,45.2286737958236,2065.30765382691,0.391547233855527
0.202629545613849,3.09116744284691,2051.20060030015,0.152410286608504
0.221894964418565,14.8865204479472,2056.45322661331,0.512777358082201
0.200996495346522,7.22711126890421,2055.70285142571,0.264295382081241
0.133675840717114,1.00288309926358,2053.30165082541,0.0100212531938408
0.211005291020637,21.8315600677534,2059.75487743872,0.461686008019463
0.220824599646938,110.410595610039,2065.75787893947,0.706737936470999
0.190772875081591,45.3590725519368,2066.65832916458,0.331970948131008
0.150419433072494,1.5896456468007,2053.90195097549,0.0534864335023018
0.227273703278967,4.09876636139165,2050.15007503752,0.230490127052053
0.179427319526059,5.37257572706184,2057.05352676338,0.164136587554141
0.165821683097142,20.7290378618468,2067.55877938969,0.167770228895242
0.196676847778187,5.52949756842363,2054.8024012006,0.217560072008363
0.217982036101071,4.15819379664401,2051.05052526263,0.221728526129035
0.213927063293456,7.97031285410644,2054.50225112556,0.339122442600274
0.153215472436662,3.09116744284691,2057.95397698849,0.082277728404175
0.210348248654822,8.49145760309168,2055.25262631316,0.332068834067428
0.220817216130683,5.62584220609726,2052.25112556278,0.29001483770925
0.211091910356956,6.42246765119551,2053.90195097549,0.285545846371719
0.180102793295915,6.96162583541039,2058.40420210105,0.184446937407596
0.248811767666589,127.872364011854,2062.30615307654,1.35866740259711
0.236540999943036,14.6315832552147,2054.8024012006,0.634628292703529
0.159225949072106,7.12382395041967,2062.30615307654,0.122108569347609
0.220459906091527,4.85759838400825,2051.50075037519,0.258304760807694
0.228695726025874,82.3149786192126,2063.20660330165,0.834747752475393
0.243620232070114,30.3997993896586,2057.05352676338,0.952665837044477
0.24155969404455,35.9243440670047,2057.95397698849,0.965531227501979
0.237240082301906,8.73947554283164,2052.55127563782,0.470785647469175
0.21701714575802,9.418754960271,2054.95247623812,0.38620313453674
0.22962565360465,174.506035686439,2066.35817908954,0.894118893281004
0.140145277123793,62.7985313829376,2082.26613306653,0.0935398511191843
0.215202943703855,14.0940971036004,2057.05352676338,0.445897719325148
0.235203272504106,34.1101179217553,2058.55427713857,0.833395735785824
0.226995285518722,7.6115020308696,2053.00150075038,0.383718391346198
0.183940179663441,2.67674439360146,2052.55127563782,0.114877237086905
0.19664122383195,51.9312596738742,2066.35817908954,0.378151927245927
0.160819444954882,13.3823268507784,2065.90795397699,0.143102617560453
0.219032530775141,4.31676880609627,2051.20060030015,0.230214268763778
0.225466272843401,451.246247503775,2071.31065532766,0.819690803370335
0.243682059716449,89.2252188596224,2061.55577788894,1.15800897501212
0.196881058261663,28.9477893633602,2063.20660330165,0.366031122964344
0.209236487480977,119.67942800908,2068.15907953977,0.536033309658491
0.247302488505453,18.6882180181159,2054.65232616308,0.842245115392845
0.188049343956857,6.88191695070772,2057.2036018009,0.209861458887181
0.242841352421828,52.6842036818354,2059.45472736368,1.06225062958261
0.224418155875222,4.58580257506987,2050.90045022511,0.252166834671914
0.242322013379984,131.607251678295,2063.35667833917,1.15980901346946
0.227355972880751,8.32204495553973,2053.30165082541,0.409894115786867
0.220461861565254,11.4225861207707,2055.55277638819,0.440537469229629
0.231132833185014,119.67942800908,2064.55727863932,0.893467504064509
0.171720036182028,4.46850800867783,2057.2036018009,0.132592237594492
0.108660673871738,1.03813555048354,2059.00450225113,0.0215160610001697
0.247322698299206,20.7290378618468,2055.10255127564,0.879882161126642
0.170950246866048,1001.72886342651,2089.01950975488,0.216562119504326
0.242428461285618,22.2119479273284,2056.00300150075,0.824413697961157
0.215732670796909,3.50861959151272,2050.45022511256,0.1864877561767
0.185329974944282,63.3432620800787,2069.65982991496,0.291491315811224
0.139860572441613,4.58580257506987,2063.50675337669,0.0725122675525285
0.214894270957568,146.822190068835,2068.00900450225,0.631292428838412
0.162257166870086,1.24817094410403,2050.60030015007,0.048885140140056
0.22760834256466,9.02067029565308,2053.60180090045,0.433504359466955
0.1757978856098,28.6988481348414,2067.25862931466,0.220635098477088
0.207565931538739,37.9441463047634,2062.90645322661,0.472873135392782
0.249848065631365,43.3170791620244,2057.80390195098,1.1793276122227
0.244852183319533,11.3243557313592,2052.85142571286,0.613096698320163
0.186857419038788,6.88191695070772,2057.35367683842,0.206225339547797
0.159335883532718,1.47076025583445,2052.10105052526,0.0552991128139435
0.215308728306754,26.0227888862634,2059.90495247624,0.529907817013014
0.227219619134688,23.8009421380058,2057.95397698849,0.653957989905162
0.166728211015845,5.31106107095859,2059.00450225113,0.130991040535102
0.203617395455148,57.7684111024247,2065.60780390195,0.451417629604077
0.225220009898486,18.7420980057214,2057.2036018009,0.580238095259022
0.242923876812311,16.2294041616006,2054.65232616308,0.725593992774451
0.24790864188695,37.9441463047634,2057.50375187594,1.09522799628431
0.205249465690554,44.9689998212073,2064.10705352676,0.457668084591745
0.240347754547473,138.208621011607,2063.80690345173,1.11985202808329
0.237345526045182,12.3104114379469,2054.05202601301,0.582501395554279
0.18532487665526,2.57841511385935,2052.10105052526,0.113085445630543
0.160664081639139,16.464712003024,2067.25862931466,0.146023395397063
0.230316048108148,2160.64613910014,2077.1635817909,0.951082065829183
0.249571192362967,6.88191695070772,2050.45022511256,0.425615972241885
0.239198983182734,15.5434666953568,2054.8024012006,0.678010417208213
0.244691398723218,16.3701822092467,2054.50225112556,0.74763043012474
0.244692320238025,6.90175820040029,2050.90045022511,0.414124370121887
0.17376506360035,6.45955425993623,2059.00450225113,0.159538929634782
0.153186895547392,2.23917234584048,2055.85292646323,0.0693268603589385
0.198144340143754,2.5933041997516,2050.75037518759,0.125723993368773
0.228112259998442,14.505756572389,2055.70285142571,0.555183675609094
0.240324016111405,1881.77910621199,2074.61230615308,1.21391057653406
0.246638217365372,14.2163529457634,2053.60180090045,0.72155018356177
0.208179030008416,19.738940183072,2059.6048024012,0.430588081198138
0.226606215940817,807.19180518879,2073.56178089045,0.869474704188821
0.193202874898224,4.71974439753259,2054.50225112556,0.187867210156897
0.249625523699392,83.5084518818681,2060.50525262631,1.31549643858556
0.244942039511807,63.7090384303399,2059.90495247624,1.16304445262368
0.202619280545893,3.88058521159597,2052.4012006003,0.183392517391073
0.249156924351722,22.598963573615,2055.25262631316,0.941617304446376
0.231603286808396,14.5475781084805,2055.25262631316,0.591860870257948
0.217777078322867,81.6070975563188,2064.85742871436,0.646899475016761
0.157749564891091,3.50861959151272,2057.95397698849,0.0944428781048939
0.243129612202763,42.5752580898973,2058.55427713857,1.0208264892265
0.0878084773011129,1.00577451078852,2065.45772886443,0.0119040642626359
0.234052093504936,7.45964533309522,2052.10105052526,0.408917395721975
0.246334745595269,6.06311316104581,2050.15007503752,0.371035128544293
0.190179219741287,5.89104782059798,2056.00300150075,0.204318428554826
0.0993170557292474,12.0301229939707,2087.06853426713,0.0285352451371887
0.13008825344093,4.84363370723389,2066.50825412706,0.0585183161416952
0.176578039213965,4.88564863828298,2056.90345172586,0.150746440122867
0.200687443698312,2.43414579263315,2050.15007503752,0.119880028176353
0.0961916436145746,25.0668507346102,2096.67333666833,0.026428035271009
0.23095044346413,5.82359678794962,2051.35067533767,0.326225540779256
0.224658198081412,5.23515726431772,2051.50075037519,0.283967600141875
0.209273950031268,28.7815897627645,2061.25562781391,0.47616299440012
0.23186471215243,17.8983585267682,2056.15307653827,0.64686677871373
0.247402586728495,66.138617681658,2059.75487743872,1.23223965923174
0.232773264955787,8.84069935203988,2053.00150075038,0.454006605553313
0.175432506668142,3.65292419736599,2055.40270135068,0.127599071216254
0.230292976036434,24.2156440378081,2057.65382691346,0.696232324553105
0.182909585138003,12.1344753910871,2061.10555277639,0.226727401346451
0.226335564039349,6.24020417473294,2052.10105052526,0.332134445779044
0.243140351845172,20.1407676346358,2055.40270135068,0.815775024144561
0.228799479992018,45.7525288743821,2060.65532766383,0.772739939319231
0.247235862613281,12.169460288151,2053.00150075038,0.654710194369499
0.245970961338126,15.6332226114801,2054.05202601301,0.754318941974597
0.223076269629824,7.85640396138943,2053.45172586293,0.377381621903086
0.244027610212201,28.2073696994518,2056.75337668834,0.93027127772451
0.130255792002841,1.00288309926358,2053.90195097549,0.0100063611196327
0.206631302610747,51.7819671225966,2064.55727863932,0.479496825470188
0.240128842257587,33.4295886586368,2057.95397698849,0.900844983805419
0.238944202747956,13.0400368809022,2054.05202601301,0.61919090790429
0.224727488468647,23.0590127888488,2058.10405202601,0.620476395910718
0.22153019984412,56.7791056024212,2062.60630315158,0.683746648085222
0.249045497181862,7.3530347199978,2050.75037518759,0.451624939509939
0.223950705392338,18.5275056440599,2057.2036018009,0.57365110900534
0.228005079328143,6.55321042588835,2052.25112556278,0.348167058313324
0.227459582383601,4.99947880072813,2051.05052526263,0.277841755789713
0.242420907351324,12.0301229939707,2053.45172586293,0.613661689082352
0.134291763098468,3.27437776251048,2062.45622811406,0.0577556309613132
0.233661996574362,5.45047194460812,2050.90045022511,0.312315955875982
0.218344025954641,16.5597876601153,2057.50375187594,0.491182597081916
0.244779649206995,14.505756572389,2053.90195097549,0.710211478701529
0.183415539135331,6.49685502569923,2057.50375187594,0.190543020765479
0.24159327499073,35.4109260457599,2057.95397698849,0.951322513017952
0.19921796160271,9.04667778353943,2057.05352676338,0.283816236893623
0.212044464791505,3.91424641100743,2051.35067533767,0.201126121521278
0.182827894777925,2.31121826109334,2051.80090045023,0.100897648288953
0.22416164917611,5.74036800209287,2051.95097548774,0.304518733749168
0.212816695016632,3.73803325566538,2051.05052526263,0.194395747133573
0.110258086385081,6.8227347852315,2076.26313156578,0.037100786147279
0.182435471767194,3.31230280598519,2053.90195097549,0.131680513828134
0.248339625007547,72.1048522251035,2060.05502751376,1.2586792178635
0.217086836796218,3.89177332396176,2050.90045022511,0.207105492076673
0.191334116039409,9.89119610131619,2058.55427713857,0.257040459233271
0.167876281011331,6.09812467340626,2059.75487743872,0.138652613715364
0.213148019586726,24.2854601433005,2059.90495247624,0.497678032472384
0.119750191040699,2.87650223749675,2065.15757878939,0.0408796159299622
0.159649118512736,16.464712003024,2067.55877938969,0.141281560538723
0.182422939358582,1.94456383978917,2050.90045022511,0.0861749560801814
0.206437849118667,4.57261925984919,2052.70135067534,0.216644459654233
0.199259349015032,3.35066711121492,2051.95097548774,0.158721743485806
0.249992979806502,27.0930697176532,2056.00300150075,1.00832212471537
0.244530502746743,133.131575108118,2063.05652826413,1.23292351270746
0.231543027805969,14.5475781084805,2055.25262631316,0.592135246827388
0.203212212231624,3.10901742259474,2051.20060030015,0.153544800631701
0.24064924392123,7.99329205722658,2051.80090045023,0.456207438942996
0.214009918507171,228.081217397262,2070.26013006503,0.622432747462432
0.233302214981341,6.11570617216135,2051.35067533767,0.345528308741736
0.23360532363062,17.4405585739443,2055.85292646323,0.658071581904704
0.201252801349109,19.0138370407198,2060.50525262631,0.36710407509265
0.203892656511397,4.66570449781614,2053.15157578789,0.212748762844573
0.244830417464031,11.2918003500854,2052.85142571286,0.611246666253393
0.223199101525466,38.7165788401476,2060.65532766383,0.670351382196346
0.221982624073003,7.81129753947542,2053.60180090045,0.369525453736296
0.183550733785539,6.61005466738882,2057.65382691346,0.190806788073428
0.167193928966962,22.9266227583863,2067.85892946473,0.175055986633213
0.204399496170177,5.6910027726913,2054.05202601301,0.244303162276676
0.235338739755665,41.3670130706622,2059.30465232616,0.879836289598471
0.226114005312056,20.3740453880163,2057.35367683842,0.616147457174624
0.20422335310264,3.63195145450856,2051.80090045023,0.177521590989176
0.222851866392013,4.24284253669373,2050.75037518759,0.232144728243399
0.230318915261679,6.06311316104581,2051.65082541271,0.334897670543984
0.23728809284188,99.254267201602,2062.75637818909,1.03768147491396
0.187645885886087,4.65229147967714,2055.10255127564,0.17361843515756
0.237795363994455,14.4224738415937,2054.65232616308,0.638340722269953
0.185468950907637,80.4407977772957,2070.86043021511,0.298742298642573
0.206185450008625,12.4888983567305,2057.65382691346,0.364287261153993
0.242592664544101,50.167805761144,2059.30465232616,1.0426577341089
0.188994274709492,5.07196553857306,2055.40270135068,0.185144902104041
0.193630065717971,21.7687984609418,2062.30615307654,0.325293525506455
0.213273282738123,4.59902389909696,2051.95097548774,0.23293304750586
0.182184210083885,5.85722521042959,2057.2036018009,0.177065807240142
0.177496253091296,12.1344753910871,2062.0060030015,0.203573372580025
0.20048202515924,2.71555413295041,2050.75037518759,0.133269510591015
0.229202641299111,15.4987821679022,2055.85292646323,0.58265284042356
0.212202983408769,79.7490340377456,2065.60780390195,0.573829654959983
0.241175153307413,3270.60922342515,2076.71335667834,1.2519491540963
0.193926941671158,38.9401481423545,2065.30765382691,0.350656534691301
0.189374132783325,2.77083492243083,2052.10105052526,0.124209994354146
0.196859483932107,6.49685502569923,2055.70285142571,0.235162528911011
0.194002186689828,17.1913042784243,2061.10555277639,0.310071982933305
0.249889307220844,24.7086041684656,2055.55277638819,0.984675710411198
0.196437244211434,12.2045460501459,2059.00450225113,0.297151886161597
0.204321025513508,493.370630726349,2075.96298149075,0.495800249621745
0.180000596599569,3.41887695499837,2054.35217608804,0.130838776153804
0.245441906808323,33.0468281812645,2057.2036018009,1.00889806247253
0.236796893128685,12.0301229939707,2053.90195097549,0.577545400889477
0.248715280512729,6.27623830106248,2050.15007503752,0.388027333117541
0.211658108127895,12.2397329678754,2056.90345172586,0.394898716037827
0.242979369707065,22.2119479273284,2055.85292646323,0.842995891745285
0.238618917622908,13.3054941313703,2054.20210105053,0.621845291564524
0.246666505911912,24.3554775355552,2055.85292646323,0.927232138918515
0.225479893476514,1987.57983127479,2077.76388194097,0.853062616116381
0.225331940401136,68.070390112422,2062.90645322661,0.752254758965495
0.23979676758361,20.4916955329151,2055.85292646323,0.776510166375633
0.201050383242303,13.9728926204603,2059.00450225113,0.33840468128007
0.22718836290923,18.3681753422353,2056.90345172586,0.594220627425775
0.175808709857673,6.11570617216135,2058.40420210105,0.161657766974714
0.245647892426772,8.03944940844679,2051.50075037519,0.474410659454632
0.244315318259515,114.621164452844,2062.45622811406,1.21601192813587
0.239380220015943,50.7488676765729,2059.75487743872,0.976433427066052
0.218517372166385,42.8211093770612,2061.70585292646,0.623574687068543
0.245412753546087,11.3897483457029,2052.85142571286,0.617253622959029
0.238615208416371,70.4631396848539,2061.25562781391,1.0039536277059
0.229688637979999,53.9116868488411,2061.25562781391,0.806696241898282
0.198860370496016,99.8274120383638,2069.2096048024,0.416661915421806
0.241894171120111,23.1921673069706,2056.15307653827,0.841908696465982
0.229181994793359,13.932723196473,2055.40270135068,0.554931760417896
0.196283646859805,3.39924796097488,2052.4012006003,0.155977537609264
0.239838650057432,9.61049343596866,2052.70135067534,0.517129443993388
0.222879084886061,13.932723196473,2056.15307653827,0.500197902792939
0.247085383965031,24.2854601433005,2055.85292646323,0.924758563770743
0.205728504332663,3744.49580464818,2085.56778389195,0.510795567996851
0.225230943947968,5.84038679556032,2051.95097548774,0.311318969472528
0.212643553350173,17.1913042784243,2058.40420210105,0.4483525163858
0.241962698516565,88.2036122908699,2061.70585292646,1.11974304759571
0.227850216989917,17.6934267723322,2056.60330165083,0.597982622280593
0.130283169425329,1.00288309926358,2053.90195097549,0.00783685064650198
0.228109604351145,14.6737675621227,2055.70285142571,0.561481680489365
0.235414733939682,15.6782947440786,2055.25262631316,0.642206025514896
0.227988052019546,5.67464221589759,2051.50075037519,0.311811674063186
0.181277589314767,8.91738586389294,2059.6048024012,0.204160992639783
0.232216294516296,15.3654978668113,2055.40270135068,0.613895108587645
0.193496915454377,3.11798102843626,2052.25112556278,0.141804005615249
0.187554114621532,6.47817779606607,2056.90345172586,0.203654376283514
0.24145441889206,41.2480907306527,2058.55427713857,0.993072539751444
0.139199118141035,10.7524610237587,2069.95997999,0.0821223666218077
0.224043696509074,24.0766133741283,2058.40420210105,0.617137137241078
0.241610439968841,40.7758103487437,2058.55427713857,0.981415446239618
0.242441227752996,34.5051938106528,2057.80390195098,0.951159790871807
0.21510846828375,15.8598865007128,2057.65382691346,0.460805780055581
0.239489415713165,50.8951816995986,2059.75487743872,0.979337062357612
0.16141407382621,3.33142973427318,2057.05352676338,0.0975552057153474
0.0959829726877935,1.00577451078852,2062.45622811406,0.00956676881395873
0.236043719037899,8.17952684419346,2052.4012006003,0.443460234935377
0.233453080721163,61.3687089327262,2061.25562781391,0.899667073162063
0.228576602644388,4.21848286189654,2050.15007503752,0.238626271256514
0.2433090753934,37.1871245324062,2057.95397698849,0.996240551387195
0.202196836845555,3.70588742997801,2052.10105052526,0.177236646834131
0.239629137306079,18.7420980057214,2055.55277638819,0.740749625223411
0.243488060712034,14.505756572389,2054.05202601301,0.696851740344725
0.224895005370854,5.64206206761865,2051.80090045023,0.302538435182046
0.190556183427856,8.86618796583124,2058.10405202601,0.243643926301016
0.204291137851303,8.41843393067599,2056.00300150075,0.300304941311507
0.245936723331455,9.5553161597167,2052.10105052526,0.547503733545373
0.222251503256195,4.41734470314007,2050.90045022511,0.240919144181202
0.247461357537213,12.7798757548119,2053.15157578789,0.680301098129541
0.247812377397061,30.5753433592029,2056.60330165083,1.03189220639825
0.22838462079591,13.3438551917019,2055.25262631316,0.540597055880885
0.201723565919601,3.03823005207779,2051.20060030015,0.14898546361579
0.229171855515369,12.7431360287119,2054.95247623812,0.536261291328305
0.243936993783407,94.5135059458335,2061.70585292646,1.18578164617842
0.229930047029018,9.52784643268317,2053.60180090045,0.461046921995799
0.244773529023551,15.1458996051004,2054.05202601301,0.729262250577908
0.223932625035312,5.67464221589759,2051.95097548774,0.301030627325161
0.205240082748646,13.3054941313703,2058.10405202601,0.364652240187278
0.186679483438415,34.208460777616,2066.05802901451,0.288822839379676
0.232820515745512,49.4508252223751,2060.50525262631,0.844064029459897
0.182539576384168,2.92662172166501,2053.15157578789,0.121382609281096
0.223156845672466,3242.48308681886,2080.46523261631,0.805294540996144
0.239858177222094,25.5771389596111,2056.75337668834,0.844603472818709
0.205290671024488,12.7065019223768,2057.95397698849,0.355326505678464
0.219233828647484,38.1632551869613,2061.10555277639,0.618959507875642
0.196824209883958,2.9350594625955,2051.50075037519,0.139370499300012
0.170294730613897,2.31788173275986,2053.45172586293,0.0890032523293768
0.246006179880474,26.5525372336299,2056.30315157579,0.941181203886503
0.175165051665548,4.62558101221893,2056.90345172586,0.142226909264589
0.232717370050602,571.398682675534,2071.01050525263,0.985669454674783
0.221314211124841,9.33775684323017,2054.50225112556,0.405026068826267
0.190998857147353,34.9048456133114,2065.30765382691,0.322248690646917
0.235292694524595,12.2750213329814,2054.20210105053,0.569305586199254
0.244808679583243,30.6634951091254,2057.05352676338,0.961547250357092
0.248382486409349,9.17784428848941,2051.80090045023,0.540427240365361
0.22349026369367,4.19426304469508,2050.60030015007,0.231159529909134
0.2172665433982,3.70588742997801,2050.60030015007,0.198039842236832
0.234962695297205,13.9728926204603,2054.8024012006,0.604126301763205
0.221729258240831,908.321428502817,2075.06253126563,0.771405094096832
0.153656286177735,3.99392909131044,2059.6048024012,0.0920645268998856
0.243219203292771,6.01097243209366,2050.45022511256,0.362397810998945
0.232951675320051,121.414643152359,2064.25712856428,0.951137415057394
0.229612968364387,20.1988354669711,2056.90345172586,0.653042109054226
0.247496409215388,45.8844379566866,2058.40420210105,1.12074916051173
0.243615835315241,107.586539684132,2062.30615307654,1.18602898724716
0.248920877998509,23.6642924260888,2055.55277638819,0.942805337377107
0.223668037003444,4.45566189315493,2050.90045022511,0.244368743320454
0.213400655319224,17.7444386780296,2058.40420210105,0.462014773001956
0.237552945455796,14.9294397640879,2054.8024012006,0.649162735268998
0.229195679218275,59.7990347074476,2061.70585292646,0.820394164618416
0.225366775078743,6.31248050684326,2052.25112556278,0.33109548501521
0.223636098806044,35.7180895734179,2060.20510255128,0.670589592766234
0.162282994105554,2.38558227120577,2054.8024012006,0.0819476656309567
0.115546973579942,1.441417191251,2060.20510255128,0.0291175832383277
0.234856637188135,44.4541159554714,2059.75487743872,0.870575152970629
0.218133774160611,10.8769999686707,2055.55277638819,0.417894059118334
0.23597143749076,9.25745528268664,2052.85142571286,0.486942840837908
0.209473812524636,31.2877147471334,2061.70585292646,0.47763371968154
0.230433011720053,22.3402110602687,2057.35367683842,0.673308685352391
0.240956478981998,19.9675638236179,2055.70285142571,0.774251135421196
0.237376975774754,39.5047358569031,2058.85442721361,0.909448050258035
0.247878835179927,36.235961115318,2057.35367683842,1.07404435711757
0.224158592078472,19.738940183072,2057.50375187594,0.584165558460249
0.214478786603335,20.9691291766305,2059.00450225113,0.496130789714827
0.235359284024531,14.5475781084805,2054.95247623812,0.618510130397969
0.219488128227573,61.1922854994662,2063.20660330165,0.664325493590195
0.218873602146642,25.5036095217804,2059.30465232616,0.568714543724646
0.246995632738593,9.52784643268317,2051.95097548774,0.553322610439162
0.236981996238205,11.858192730432,2053.90195097549,0.569140988666466
0.121954476665844,3.50861959151272,2066.20810405203,0.045187308526949
0.210840084605061,43.0683803351352,2062.90645322661,0.52546275090689
0.230563936510431,30.5753433592029,2058.70435217609,0.734892159239955
0.23684500178856,31.018650949241,2057.95397698849,0.84024128298502
0.238069702920417,23.5962620603196,2056.60330165083,0.798503155628438
0.148346721343745,2.60827926283097,2057.80390195098,0.0693089435287587
0.247627924227182,87.4450909638054,2060.95547773887,1.26319086187757
0.157364928879465,2.58584894057531,2056.15307653827,0.0798853197788775
0.145386708037969,2.49804006667886,2057.95397698849,0.0649960602585432
0.160055227329342,1.45811221351425,2051.95097548774,0.0552890741903319
0.174042059047308,4.71974439753259,2057.2036018009,0.14084636263012
0.235955487693941,27.2495189410318,2057.50375187594,0.798190114682358
0.216061958485073,18.3153703115779,2058.25412706353,0.486378528180675
0.210435540500346,6.36723659478765,2053.90195097549,0.282751282525683
0.165372066437278,1.46653209822205,2051.20060030015,0.0583082151818447
0.222036891886731,18.1578643020893,2057.35367683842,0.549434160906388
0.215958560641658,8.86618796583124,2054.8024012006,0.368021006001056
0.247329061749158,7.65545473146367,2051.05052526263,0.46292790441377
0.244024616924231,6.76406156642458,2050.90045022511,0.405355134429139
0.249180418917527,7.10334430368878,2050.60030015007,0.436989485472314
0.219246629328734,13.4596032415536,2056.30315157579,0.471471192543588
0.248550393964118,11.3897483457029,2052.55127563782,0.639083076267992
0.247668812846239,365.713325649629,2066.65832916458,1.41665045662804
0.24790468305475,87.6972038411665,2060.95547773887,1.26491094653707
0.17049036465313,3.17230798106454,2055.25262631316,0.109889855212925
0.243776537215394,15.0156499750721,2054.20210105053,0.710128970196804
0.205106852931198,7.02201277776474,2054.95247623812,0.279555967042188
0.205821709545679,3.6424227310724,2051.65082541271,0.179942976455309
0.221258602522922,228.081217397262,2068.90945472736,0.746016313009225
0.212151737317182,4.25507507288674,2051.80090045023,0.215456477303997
0.189080361816201,4.94223601165526,2055.25262631316,0.182748757849831
0.138627291962792,1.29950646550457,2054.35217608804,0.0399187884778411
0.249074917615414,15.0156499750721,2053.60180090045,0.767649814014399
0.229557498616578,26.7828608064846,2058.25412706353,0.697392461804329
0.247914226870535,25.3571841881197,2055.85292646323,0.96615220481703
0.249800610822906,26.8600784527522,2056.00300150075,0.999271514612633
0.207930519546067,2.95200799512719,2050.45022511256,0.150992533362746
0.22042606248424,5.37257572706184,2052.10105052526,0.278531315215315
0.12479702798704,3.29328569222577,2064.85742871436,0.0475199043688138
0.231130825429696,40.308937459768,2059.75487743872,0.799517491007465
0.20180407108045,53.2944114403722,2065.45772886443,0.435424015399252
0.209225207875467,66.3293018815899,2065.30765382691,0.520585618670038
0.243624534197588,34.4059979034348,2057.65382691346,0.97219509761994
0.18978104302368,14.8437245167243,2060.95547773887,0.277466648310196
0.222631370037615,33.9142795486171,2060.20510255128,0.638978375856612
0.197508551716011,3.6424227310724,2052.55127563782,0.166990982432948
0.20055526248398,4.84363370723389,2053.75187593797,0.209692967521992
0.169819126469737,2.81100886708374,2054.65232616308,0.101059715628889
0.189637732254498,12.0301229939707,2059.90495247624,0.261529182704137
0.18482537357197,2.29134256329585,2051.50075037519,0.10199627514355
0.249855679433658,9.66598933399762,2051.80090045023,0.571904682252937
0.249930162199168,38.4942931291769,2057.35367683842,1.13872234086574
0.248614647949747,26.3241943658462,2056.00300150075,0.979250225314463
0.161784840909386,1.73804099143649,2052.85142571286,0.0650968931332807
0.247717724045537,2033.88822383783,2073.56178089045,1.46182959781094
0.248411761328552,27.9647958304035,2056.30315157579,0.992113659261674
0.246935740947965,6.20437693319619,2050.30015007504,0.380030485300655
0.21799825240836,11.858192730432,2056.00300150075,0.431573615128874
0.222897098130659,405.650520912393,2071.31065532766,0.768771787745242
0.249615378101847,69.6563542571799,2059.75487743872,1.28688275391858
0.230709948049014,11.756216271046,2054.50225112556,0.521615049951136
0.206096862973197,8.17952684419346,2055.55277638819,0.307406367993515
0.202096423058757,7.45964533309522,2055.70285142571,0.273379271505804
0.205825226459198,93.97087014239,2067.55877938969,0.493917890792571
0.228726907563628,6.90175820040029,2052.4012006003,0.363682647231401
0.179746560669713,19.6256118755653,2064.25712856428,0.234048323587657
0.249554459303243,48.8846255702689,2058.40420210105,1.18642869008384
0.235745819992139,15.5434666953568,2055.10255127564,0.649270108057438
0.24433224451955,9.44591016576076,2052.25112556278,0.533019579352824
0.199606616246862,50.6029742786953,2065.60780390195,0.410489637272675
0.242188561065269,15.5882800527396,2054.50225112556,0.708097455642285
0.244262792008897,41.6058873339274,2058.25412706353,1.05278070318917
0.239618657354063,6.55321042588835,2051.05052526263,0.383802652180228
0.216366448997408,15.5434666953568,2057.35367683842,0.471622080465118
0.187500711582313,2.2071708865269,2051.05052526263,0.100628634569021
0.2136143690582,9.418754960271,2055.40270135068,0.365287679994785
0.211681241972392,4.21848286189654,2051.80090045023,0.213209921264196
0.191857079313041,5.11596107896008,2055.10255127564,0.193272630631348
0.2231308639956,10.8769999686707,2054.95247623812,0.451287763525991
0.249625516772377,9.36467852310833,2051.65082541271,0.557486158682576
0.180992081846815,8.56511470172144,2059.45472736368,0.200044035770481
0.24373669279448,6.94161247758823,2051.05052526263,0.413548451094107
0.169220112229418,32.0166835936232,2069.35967983992,0.189814414684505
0.23500215874947,99.254267201602,2063.20660330165,0.958410955254008
0.202677622959124,147.670016389381,2070.41020510255,0.463090869943315
0.218112718859574,4.17018228211692,2051.05052526263,0.222137057207049
0.240831710727173,22.3402110602687,2056.15307653827,0.810635649452633
0.157801432502191,3.62151028088471,2058.25412706353,0.0949178549050597
0.204378230229922,10.5076446271293,2057.05352676338,0.330865141433566
0.180044313215455,1.90576794350953,2051.05052526263,0.0832503125349145
0.229721370636023,33.6226281790017,2059.15457728864,0.74794061371777
0.246807007130072,11.2269700901773,2052.70135067534,0.618013580828209
0.245268565073929,32.2944045847043,2057.2036018009,0.986093303303644
0.246870078512163,19.3451295709733,2054.95247623812,0.837356877654601
0.202653849741951,5.25025074237118,2053.90195097549,0.226717032164917
0.242672279471912,8.89175006582625,2052.10105052526,0.503156924550286
0.179643492754531,9.20430492459876,2060.05502751376,0.199490100343846
0.21309610607342,3.66345594042931,2050.90045022511,0.191157466407032
0.190562088927775,70.4631396848539,2069.05952976488,0.33709779206124
0.229999703172828,32.9518247994517,2059.00450225113,0.75226778476135
0.161100638161723,12.7065019223768,2065.60780390195,0.141299228354974
0.202496027145287,35.9243440670047,2063.35667833917,0.426989640724302
0.204709874868284,4.44285270778494,2052.70135067534,0.208701874827992
0.220614962605372,13.3438551917019,2056.15307653827,0.477461597115363
0.163882393533048,20.1407676346358,2067.70885442721,0.162515481394768
0.215682898508525,81.3724925828778,2065.15757878939,0.619267379376693
0.214851060187337,5.90803229623124,2053.00150075038,0.284433690755848
0.122593201139382,2.18189932872234,2062.0060030015,0.0397980830283969
0.238916557211509,8.81528401319323,2052.4012006003,0.483199329273389
0.23695729535964,47.4973267490208,2059.75487743872,0.922520827696385
0.226901354995726,4.7881753057283,2050.90045022511,0.266851030504743
0.22778696880953,27.015182265558,2058.40420210105,0.688038551831653
0.238507290474012,9.28414544519475,2052.70135067534,0.497544442919791
0.179565694018818,1.8199732981517,2050.90045022511,0.0793956410113602
0.219347665690127,20.6694457978884,2058.40420210105,0.533802917266186
0.205621094878479,16.9944681193122,2059.30465232616,0.390874922618998
0.226457070178009,903.106430675703,2074.16208104052,0.852591979610775
0.20518748163709,8.22675961020021,2055.70285142571,0.303703686655424
0.176477345094945,2.1944987299355,2052.25112556278,0.0913280883207867
0.243893111440849,45.3590725519368,2058.70435217609,1.05511321515055
0.112720674748709,1.00577451078852,2057.65382691346,0.013992525117478
0.163270450446245,3.60071789654471,2057.2036018009,0.10468894085468
0.198108815187926,5.41917883794353,2054.50225112556,0.219797948365665
0.22221304004176,4.36676720472819,2050.90045022511,0.237802505111854
0.246245617310618,46.8185117519142,2058.55427713857,1.11409612402738
0.200752536279055,13.6547521301788,2058.85442721361,0.3378974239266
0.226798316789535,5.17521601544173,2051.20060030015,0.285504874694137
0.243094021268726,31.6501005279053,2057.35367683842,0.944235828952219
0.224920187194612,4.66570449781614,2050.90045022511,0.257355545759378
0.246655692590397,51.3366596640957,2058.85442721361,1.15070059204301
0.225268633526191,21.9576266468948,2057.80390195098,0.619431734328984
0.196501994784904,2.22631645743836,2050.15007503752,0.107401568373212
0.242360985799795,5.70741049859425,2050.30015007504,0.342968828379652
0.1297361960605,4.20635552139048,2065.45772886443,0.0565169302279768
0.198744691211139,8.03944940844679,2056.45322661331,0.270006915180869
0.23893751818829,811.852942976254,2071.46073036518,1.13667253216026
0.222570098846558,11.5882005855279,2055.25262631316,0.465139268759445
0.181111624735376,3.20905081491668,2053.90195097549,0.127009698749348
0.197856885964729,3.06458444505318,2051.65082541271,0.145803120605785
0.174864773931782,3.40904833026788,2055.10255127564,0.121399873306223
0.208995678585886,5.14550325140415,2053.00150075038,0.242101148553445
0.225327855794184,4.0401882420282,2050.30015007504,0.224700944515207
0.234502644652058,71.6908725083659,2061.85592796398,0.923964246625124
0.243599783687836,13.932723196473,2053.90195097549,0.680596065232323
0.249453760788622,14.4224738415937,2053.45172586293,0.74934004717758
0.165352291934022,2.49085867387056,2054.65232616308,0.0875365225845411
0.237375792372283,5.08658851868221,2050.15007503752,0.29902803280931
0.193675142518409,5.49775074742009,2055.25262631316,0.206243460396461
0.217483808275627,3.38947576589033,2050.15007503752,0.181936398423257
0.246811189547111,6.72522667244931,2050.60030015007,0.409583654140372
0.23575321865969,162.855695173605,2065.15757878939,1.01897373480432
0.237335822672437,85.4541056418972,2062.15607803902,1.01555605893492
0.219464471491323,34.7044444245723,2060.65532766383,0.610477156373933
0.243709231401608,143.479282855456,2063.50675337669,1.20837208798085
0.233322226988639,8.54049161663095,2052.85142571286,0.444800778011885
0.216372668748317,9.36467852310833,2055.10255127564,0.377242287927583
0.146166878929206,9.07276025359497,2066.8084042021,0.0959955065708195
0.237016037245438,6.31248050684326,2051.20060030015,0.364309640054295
0.241821394098637,117.969011946993,2062.90645322661,1.15411136476122
0.19218705227862,28.1262788456248,2063.95697848924,0.323428019240982
0.238780675302305,168.095616805684,2064.85742871436,1.09155588678914
0.248991490888023,9.17784428848941,2051.65082541271,0.545600532902247
0.201654821367428,12.6335493553273,2058.40420210105,0.332840816057952
0.245862100966776,39.6186319317599,2057.95397698849,1.05653731933889
0.249308190660082,77.040959036417,2060.20510255128,1.29608922981533
0.198828922588902,4.30435891208667,2053.30165082541,0.190864372975309
0.239685802617949,5.31106107095859,2050.15007503752,0.315472199629759
0.224025835808172,19.1236326478425,2057.35367683842,0.578516114996867
0.248068675560045,45.620999005745,2058.25412706353,1.14557967369716
0.244281662011528,9.44591016576076,2052.25112556278,0.53257741829363
0.231784873050853,12.0648070327153,2054.50225112556,0.536610408694353
0.162483031712494,25.7990016756576,2069.65982991496,0.158314926879277
0.164214156841938,28.6163443734521,2069.80990495248,0.168126968709273
0.223610742623666,7.63344674676951,2053.30165082541,0.371758628807948
0.186442019530407,2.04210241714683,2050.75037518759,0.0926883828195624
0.146980144385673,33.6226281790017,2075.66283141571,0.108512686394755
0.196103213636364,5.99369202303595,2055.25262631316,0.226187142153057
0.234998550216243,9.44591016576076,2053.15157578789,0.482755936461133
0.239104946505506,12.4529951356256,2053.90195097549,0.600902510162371
0.21136980032436,10.0346071582177,2056.00300150075,0.361369190345483
0.235025644920608,65.0059692846113,2061.25562781391,0.94485163555283
0.233827237025713,8.370100693918,2052.70135067534,0.440796213169614
0.151832559786298,85.2084412476855,2080.31515757879,0.127061280683066
0.235802194157584,19.0686558202897,2056.00300150075,0.705577874775784
0.233069884155422,11.0029813692926,2053.90195097549,0.522825539432776
0.248855712525867,28.7815897627645,2056.30315157579,1.02059393301988
0.223195697845631,43.1925507507629,2061.10555277639,0.687550670294996
0.230141722595604,21.5195511317025,2057.2036018009,0.664179131016007
0.164726205855797,5.87411217212038,2060.05502751376,0.129322189272202
0.213264657692075,13.2291025360534,2057.05352676338,0.418854121870084
0.229033580649279,16.4173790695188,2056.15307653827,0.591354073154505
0.227779160161067,56.94280539997,2061.70585292646,0.787557109938943
0.21326493825077,7.02201277776474,2054.05202601301,0.310381413719503

