0.181293718572367,27.7243080148432,2059.6048024012,0.634906506718897
0.194169800331086,659.864650877534,2074.012006003,1.18712961138558
0.16227715072095,15.7688292262238,2059.6048024012,0.36459062788057
0.185544905167843,9.12515100556096,2052.85142571286,0.389343452531281
0.175658644313781,81.6070975563188,2066.65832916458,0.69117678817275
0.168303192088706,15.4542261000141,2058.40420210105,0.405810561327149
0.181712980403925,8.73947554283164,2053.00150075038,0.363252233050417
0.196743467013531,31.1977684837926,2057.80390195098,0.891525447868288
0.15029282695202,5.79016143825715,2055.10255127564,0.184391771788701
0.187311021800335,15.7234968241093,2055.55277638819,0.563258342336253
0.148553174567057,2.88479547897935,2050.30015007504,0.102421307572216
0.146644706483964,19.5129342263596,2064.10705352676,0.283083096792765
0.192924745582493,23.259032627454,2056.90345172586,0.73797101246749
0.194167222744553,81.1385620543712,2063.20660330165,1.04366045262786
0.152542602661423,5.65832869261085,2054.50225112556,0.187618584738849
0.196611844390459,134.673553810649,2065.30765382691,1.18463321473309
0.166885363628192,38.9401481423545,2064.25712856428,0.502370633004511
0.116030528488488,10.6599934842429,2067.85892946473,0.121361394003531
0.182159868543723,22.7294615325802,2058.40420210105,0.601385960461251
0.187894046427868,39.9622941881329,2060.50525262631,0.80159729522207
0.124588216998995,41.011270705513,2076.26313156578,0.179493847097237
0.18964119770891,10.0057595601981,2052.85142571286,0.4351470019073
0.141644082835867,21.7687984609418,2066.20810405203,0.254990227684688
0.167085057443658,12.0301229939707,2057.05352676338,0.357664249799637
0.152441902726608,10.845730650619,2059.00450225113,0.263479801844446
0.154245798613259,33.0468281812645,2065.90795397699,0.370188219953978
0.166494693135309,45.2286737958236,2065.15757878939,0.515929031833042
0.147134080623634,10.2980071327174,2059.6048024012,0.235586418677922
0.176223566790661,98.1178305232072,2067.70885442721,0.698723408104826
0.158665215270461,22.7949928263862,2062.60630315158,0.37762596476895
0.16827995281156,21.3344902474791,2060.35517758879,0.452217370273005
0.146808752881374,24.99478827893,2065.75787893947,0.298981631278649
0.187876791783756,16.9456122371505,2055.85292646323,0.591804728404495
0.152686821616882,8.91738586389294,2057.50375187594,0.245739062174632
0.181477054151302,15.4542261000141,2056.30315157579,0.509733183125451
0.175799444905238,65.7588922489258,2065.45772886443,0.670601338016593
0.114866673960816,4.69264665877481,2060.80540270135,0.0911759060796299
0.171004852218779,118.309128318462,2069.95997999,0.623990960665239
0.144949550062023,29.6222405590191,2067.40870435218,0.29371425445524
0.158265023037518,3.71657187129828,2050.75037518759,0.141674198241985
0.171874879735677,18.0017127911777,2058.70435217609,0.459098144243596
0.194800994666792,8.27426512232383,2051.20060030015,0.391628543139814
0.185397174210601,36.6556592993152,2060.50525262631,0.739630331337028
0.104714034814883,1.93339940407185,2054.50225112556,0.0447604885805481
0.106980357828018,2.9350594625955,2058.40420210105,0.0616811663470223
0.0616552290442153,1.32978351631576,2064.4072036018,0.0153074478372071
0.196356292732333,13.3438551917019,2053.60180090045,0.573640639331242
0.176039259800832,14.298445429222,2056.60330165083,0.452444425101801
0.189186578604268,7.18561784115829,2051.05052526263,0.330549962328359
0.177619929314251,19.5691919526579,2058.25412706353,0.526162651712442
0.195968342640891,103.336456089342,2064.10705352676,1.12805766568228
0.148271837966371,43.8187934508356,2069.35967983992,0.328785383491824
0.150531430063353,5.773515819051,2054.95247623812,0.185343725551176
0.132255459185659,3.53905426496764,2054.50225112556,0.103360358618876
0.167511786751431,61.3687089327262,2066.8084042021,0.546575574244754
0.199185188667859,77.4858328855303,2062.15607803902,1.15440180693951
0.156930893970624,9.12515100556096,2056.90345172586,0.266995255483178
0.170624976416204,8.27426512232383,2054.20210105053,0.306042895626546
0.173324729765018,117.969011946993,2069.35967983992,0.665514877352948
0.171154391003312,21.7687984609418,2059.90495247624,0.485374781068769
0.186910234262097,12.4529951356256,2054.35217608804,0.490589645602438
0.183363149820791,25.7990016756576,2058.85442721361,0.647389013031472
0.169140135980799,5.2653877364201,2051.65082541271,0.213216297951168
0.157114873434589,322.201109632407,2079.86493246623,0.455445978796738
0.175033289997808,5.41917883794353,2051.05052526263,0.229641298870283
0.185526964514062,20.4327857832706,2057.2036018009,0.620543620463428
0.14631834227197,9.25745528268664,2059.00450225113,0.222584226397145
0.196653338981411,30.9294781934387,2057.80390195098,0.883924999297205
0.151646614064088,6.45955425993623,2055.55277638819,0.202122887480508
0.198292019055066,12.7431360287119,2053.00150075038,0.573156048263186
0.198861091652706,62.4379825789225,2061.10555277639,1.10492923550312
0.198120248030033,18.6882180181159,2055.10255127564,0.719152415157976
0.178717274217661,20.1988354669711,2058.25412706353,0.543354057582033
0.194004265020951,25.5036095217804,2057.2036018009,0.782368710820163
0.148280948547329,26.0978151697375,2065.75787893947,0.30953590588724
0.164794984077475,740.401631120216,2082.56628314157,0.564325686561412
0.115084029565977,2.66904925964653,2055.40270135068,0.0664453235625458
0.141152300549481,66.5205358429982,2074.31215607804,0.2843164024486
0.168142606165017,4.0518365057735,2050.15007503752,0.164923273658691
0.166210355201255,9.89119610131619,2056.00300150075,0.319356729992713
0.196834500335079,62.4379825789225,2061.40570285143,1.0623637032049
0.193549208996432,55.009172100585,2061.25562781391,0.971273059652664
0.164413365473193,11.2269700901773,2057.05352676338,0.331579970381948
0.199809233818631,97.5545010046874,2063.20660330165,1.21179344525724
0.110603067591947,187.528926298918,2095.92296148074,0.127431621582564
0.0917072309003122,31.1977684837926,2089.76988494247,0.0705408058217118
0.182419249113096,10.8769999686707,2054.20210105053,0.424171536326316
0.16838204214207,10.9713498785374,2056.30315157579,0.348475454844601
0.158649733562862,6.62911211113257,2054.65232616308,0.225904991310006
0.182057946052086,8.71435120329488,2053.00150075038,0.362930164882532
0.189920690203611,45.3590725519368,2060.80540270135,0.8665849296037
0.171551205187998,13.4596032415536,2057.05352676338,0.404732295072073
0.165401690437529,14.6737675621227,2058.55427713857,0.377982747473649
0.194789686156547,7.99329205722658,2051.05052526263,0.379295707930751
0.107969486061504,66.3293018815899,2087.81890945473,0.116498735138789
0.171393992397223,5.41917883794353,2051.50075037519,0.222786737570542
0.192440857695858,8.76467231833321,2051.80090045023,0.403600833234139
0.197000207724938,126.044857405737,2065.00750375188,1.16570984268098
0.182388607221756,16.8968968064112,2056.60330165083,0.543240463528758
0.191877795533623,7.08292353206951,2050.75037518759,0.331707873706052
0.167850783097492,8.81528401319323,2054.95247623812,0.308113062943915
0.164905581698564,121.764693620619,2071.6108054027,0.537219518814858
0.177855915838174,25.0668507346102,2059.6048024012,0.576068980521157
0.128264985846859,23.4607874898523,2070.56028014007,0.18655818794158
0.150370391751377,203.271746797557,2078.96448224112,0.382265575977258
0.198413651551066,115.283045603569,2064.25712856428,1.20341979302666
0.116638816874756,3.22758151346831,2056.90345172586,0.0771123378601713
0.167920026538786,28.7815897627645,2062.15607803902,0.489564879918827
0.122282540774212,4.54636621906863,2058.70435217609,0.103093014682863
0.189268381398842,6.0805937181354,2050.15007503752,0.28173721031309
0.142065327510965,14.0131778568844,2062.90645322661,0.234466401937757
0.123198238219988,174.506035686439,2088.56928464232,0.182392111678483
0.114223474714948,6.31248050684326,2063.65682841421,0.101379504211381
0.191403663547928,48.8846255702689,2060.95547773887,0.909114089936561
0.190067066114825,52.2311372931222,2061.55577788894,0.891808146864381
0.18550743202476,18.4742425689144,2056.75337668834,0.587649669116496
0.153113894327834,5.5136013085513,2054.20210105053,0.186255444088559
0.15813875006866,102.743164577046,2072.21110555278,0.456320703309213
0.155535538816435,32.8570945343963,2065.60780390195,0.379273035878039
0.170996900235211,5.92506573979369,2052.10105052526,0.240046083930533
0.189054855639966,49.0255647982507,2061.40570285143,0.859632412809782
0.171165450765158,111.689411599606,2069.50975487744,0.63145062889951
0.156460144937408,45.8844379566866,2067.55877938969,0.405270995126717
0.19407256055604,11.5216685859765,2053.00150075038,0.507941581933571
0.166980441146647,5.02834834499989,2051.65082541271,0.200971645774261
0.162955786000115,10.2684023095805,2056.75337668834,0.309179497913339
0.15663123394954,198.072510456684,2076.86343171586,0.447900700375975
0.151975246832792,126.408257241301,2075.36268134067,0.389894332156327
0.138254524293437,13.0400368809022,2063.20660330165,0.213250694802294
0.175851646131384,12.0301229939707,2055.70285142571,0.410990529279487
0.185524551781636,10.4774371358388,2053.60180090045,0.429954604823407
0.144147659347157,12.8907317012169,2061.85592796398,0.238812702164026
0.184559391186202,88.4579120605105,2065.45772886443,0.840360989344819
0.194441833414765,12.3814980416064,2053.45172586293,0.533310922898178
0.188503367619814,6.862132740856,2050.90045022511,0.315436500014205
0.189940341714041,50.167805761144,2061.40570285143,0.87673004468282
0.150540458299622,22.4046201063247,2064.25712856428,0.314275450458286
0.168873083550051,15.9514695864158,2058.40420210105,0.419180496407881
0.0854409837376307,1.67902152597229,2058.10405202601,0.0294301437694201
0.168605178913417,6.02830266228601,2052.55127563782,0.23784096603081
0.192759972480886,328.76018775787,2070.71035517759,1.12741603315753
0.198264843358866,10.9713498785374,2052.25112556278,0.51143191886516
0.126827951033438,2.67674439360146,2053.15157578789,0.0776765216334588
0.198474039554948,26.0227888862634,2056.75337668834,0.845363295395931
0.165907201572406,23.3260907272937,2061.25562781391,0.446066924254465
0.149829810104,13.932723196473,2061.10555277639,0.276924022115343
0.157936310977305,18.9046718094031,2061.55577788894,0.354858488765625
0.19733036894446,8.89175006582625,2051.35067533767,0.425119483129951
0.0933029676348903,1.46231609576324,2054.05202601301,0.0300579264699663
0.128562464240772,49.3086634510913,2076.26313156578,0.202000882509082
0.16916660594236,17.5412692675873,2059.00450225113,0.432739698711798
0.160555758518475,14.6315832552147,2059.30465232616,0.34854222269014
0.173947980412504,14.4224738415937,2057.05352676338,0.436214152919651
0.0887655392369126,1.08707389011608,2051.05052526263,0.0212112074396425
0.161355535467333,9.33775684323017,2056.45322661331,0.286609290938871
0.170189668743469,49.879774465365,2065.00750375188,0.566732707316162
0.15766012260993,4.94223601165526,2052.85142571286,0.180508289985194
0.197267418125078,18.9591758547749,2055.25262631316,0.719020453969918
0.177401059700269,21.7687984609418,2058.85442721361,0.547685852626717
0.0862593324676215,31.2877147471334,2093.67183591796,0.0593614981129823
0.141397793090629,114.291650280088,2078.06403201601,0.293976770197109
0.188955824943944,7.04225793763313,2051.05052526263,0.323363468245758
0.19388490956928,247.941136258452,2069.05952976488,1.1363561982331
0.113013593592617,179.602996593054,2094.12206103052,0.136666414766339
0.160715438073693,11.7901106095195,2057.95397698849,0.319417581411109
0.194744468585869,18.5809222819382,2055.40270135068,0.688574560689486
0.15835423215099,13.8129064745256,2059.45472736368,0.323423712101691
0.186353383533492,106.048950905498,2066.05802901451,0.897854186481385
0.163614221901733,11.2593385593765,2057.2036018009,0.327453283892317
0.191884735478121,19.5691919526579,2056.15307653827,0.669960142532579
0.1802911728768,70.4631396848539,2065.00750375188,0.744328442719067
0.19164563018202,72.312737671454,2063.05652826413,0.968014270062954
0.185123947933673,13.6941201359897,2055.10255127564,0.505518671774624
0.188039176589274,13.0025492407616,2054.50225112556,0.509038508661769
0.127646028990693,7.65545473146367,2061.70585292646,0.143843079783606
0.190307773967197,66.5205358429982,2062.75637818909,0.941468895513567
0.175991445303804,10.3873347090322,2054.8024012006,0.379555785780938
0.19601058789743,40.8933710575319,2059.30465232616,0.955855963044128
0.193541925093665,19.9101608535235,2056.00300150075,0.694761174987723
0.196298308927055,208.007751711453,2067.70885442721,1.18733101175665
0.191150471110901,22.8607130534172,2057.05352676338,0.711041382723211
0.192423092683069,19.2895159816518,2056.00300150075,0.671053001628219
0.181997220223852,24.2854601433005,2058.70435217609,0.621194500024406
0.145061277858696,8.10918567113405,2058.40420210105,0.203655349034552
0.192513402257363,152.421335110309,2066.8084042021,1.06727469562433
0.178333474604467,5.10125365829453,2050.30015007504,0.221486501712631
0.128362158784527,4.84363370723389,2057.80390195098,0.118911404015506
0.19041921645437,64.2616671010127,2062.60630315158,0.930655117857175
0.199601798958965,37.2943387037601,2058.40420210105,0.983584960840572
0.182238858587209,89.482464022409,2065.90795397699,0.805616601079115
0.123270185249104,8.81528401319323,2064.10705352676,0.136150634175024
0.187850845046343,26.2485172849919,2058.25412706353,0.708167801251203
0.166614397862882,7.06256146630704,2053.75187593797,0.262351177613151
0.169484503312607,11.4225861207707,2056.30315157579,0.364460140935987
0.165846572665722,21.3959997006003,2060.80540270135,0.431829539701134
0.174895965625685,10.3574730860055,2054.95247623812,0.37322969262825
0.198335771208842,9.0989179220007,2051.35067533767,0.436778079799723
0.179565651098831,24.1460286404166,2059.15457728864,0.585085659624245
0.149980160176379,24.7086041684656,2065.00750375188,0.317873364956429
0.171064116418465,5.92506573979369,2052.10105052526,0.239842349963291
0.173234397402367,5.10125365829453,2050.90045022511,0.213948244138535
0.193849882650458,9.33775684323017,2051.95097548774,0.431284895901114
0.185540243748715,183.787546033967,2069.2096048024,0.912687385492854
0.175503908304564,66.3293018815899,2065.60780390195,0.66240033576861
0.146588452978416,6.80312071291408,2056.75337668834,0.193189074420956
0.199453334739141,64.2616671010127,2061.10555277639,1.13466418007252
0.0975373170016923,19.7958495069776,2081.51575787894,0.0810419402030525
0.19963196515308,11.5882005855279,2052.4012006003,0.540638259805797
0.180880751821231,181.68322433341,2070.11005502751,0.820444853768549
0.160511450018885,111.048162785556,2072.06103051526,0.487331517418174
0.180328022721586,9.50045567592029,2053.75187593797,0.377960057297475
0.170197507931279,15.7688292262238,2058.10405202601,0.427748700862125
0.176196883863882,12.8167214051892,2056.00300150075,0.427324945893342
0.184257990688315,11.9955386652786,2054.50225112556,0.462286784387025
0.131305736796583,3.15409462760941,2053.75187593797,0.0935453192111597
0.161312584584619,8.01633751167032,2055.40270135068,0.264569963623933
0.198628411788799,143.479282855456,2065.30765382691,1.23953234467712
0.14628787246788,4.14623977579979,2053.30165082541,0.138659162425192
0.198208715554172,16.0435815196353,2054.20210105053,0.666403334246085
0.189566451875755,35.6154068202425,2059.6048024012,0.806672992665957
0.161833764221112,12.8167214051892,2058.25412706353,0.338168911519145
0.155407513984874,19.0138370407198,2062.0060030015,0.340624992186927
0.188134787726918,75.9399168943669,2063.95697848924,0.897974266899004
0.199377388068909,36.5502812104738,2058.25412706353,0.984408201588174
0.160489939471984,11.4555185704036,2057.80390195098,0.31428872851556
0.170941680535439,8.01633751167032,2054.05202601301,0.299768928405696
0.117419622830019,2.2008256876077,2053.15157578789,0.0588069794006811
0.198593313041969,21.0295852575175,2055.55277638819,0.777532378739688
0.191621187190342,198.643573165717,2068.30915457729,1.07372546268094
0.0982783134764261,10.5987906532703,2074.61230615308,0.0772577318059515
0.199878554823245,32.4808889723873,2057.65382691346,0.946520240581224
0.181272547407677,5.40359972355987,2050.30015007504,0.23895069350351
0.183098230405218,8.91738586389294,2053.00150075038,0.373724613395197
0.154851056910906,8.22675961020021,2056.60330165083,0.24380616671351
0.189436407558103,51.9312596738742,2061.70585292646,0.868862173717826
0.177004783557222,21.7062172818814,2058.85442721361,0.54569946480634
0.125802697428149,5.773515819051,2059.90495247624,0.123246051315496
0.163986177737202,3.95958264771409,2050.45022511256,0.157005402985642
0.186539630034965,8.41843393067599,2052.25112556278,0.369790337697158
0.164564435597307,10.9398093223365,2056.90345172586,0.327059592699396
0.191705415757703,106.048950905498,2065.00750375188,1.02468775448843
0.185819778961361,57.2716222440805,2062.75637818909,0.830052583365825
0.187658445463218,25.3571841881197,2058.10405202601,0.696743053224613
0.190493330633639,18.053613516069,2055.85292646323,0.634969136328646
0.171723763260323,32.2944045847043,2062.15607803902,0.542126306404593
0.166289969933201,5.08658851868221,2051.80090045023,0.201809914638087
0.186072041772589,178.571831624811,2068.90945472736,0.928256859493279
0.14003244719289,4.88564863828298,2055.55277638819,0.143573971082461
0.158080756076415,289.644620169043,2078.8144072036,0.471248475157466
0.194460719436724,6.862132740856,2050.30015007504,0.327329466038079
0.109793120593811,4.41734470314007,2061.70585292646,0.0798372801628437
0.197908752983319,57.4367420159962,2060.80540270135,1.06964530411147
0.167997134419847,5.60966897361054,2052.25112556278,0.222344582807368
0.14421025513853,36.13178957939,2069.05952976488,0.293620858304429
0.13951217454864,18.0017127911777,2065.30765382691,0.235769113460398
0.11810482385163,10.5379392096157,2067.10855427714,0.127010218764299
0.194816095797715,9.33775684323017,2051.80090045023,0.434397663999459
0.158106238787399,88.4579120605105,2071.31065532766,0.44913674371034
0.161047767490129,36.5502812104738,2065.00750375188,0.441201339065662
0.13459497416695,6.1687553886527,2058.40420210105,0.149900544156255
0.105352259655486,3.40904833026788,2060.35517758879,0.0650330672468353
0.155489381012764,19.0686558202897,2062.0060030015,0.341213610562111
0.1867102682261,37.1871245324062,2060.35517758879,0.763925380592014
0.1726089215264,29.7932945067072,2061.55577788894,0.53979878845463
0.161790167281555,9.77794436555052,2056.60330165083,0.297210496206059
0.143699899310983,13.1153367145537,2062.0060030015,0.239490080071181
0.182576434780308,7.12382395041967,2051.80090045023,0.311046497426084
0.186088725754809,17.1913042784243,2056.15307653827,0.582118635735161
0.193766888155313,46.9534941686678,2060.35517758879,0.948118671697776
0.186071196477631,14.4224738415937,2055.25262631316,0.528557136157094
0.173831299254632,823.623884266691,2080.46523261631,0.71039781315618
0.180928897120681,106.048950905498,2067.10855427714,0.793687469427838
0.193093403903236,14.8865204479472,2054.50225112556,0.593231375835788
0.166321904000538,8.46704626823108,2054.95247623812,0.294153506367854
0.128531232589687,4.18220533158347,2056.60330165083,0.109416149978098
0.160112781250015,533.251066774637,2081.9659829915,0.504979591908773
0.116586137137593,1.90576794350953,2051.95097548774,0.0511495472790065
0.19867840523927,63.5258869923343,2061.25562781391,1.0987667075306
0.179359904894147,5.84038679556032,2051.05052526263,0.253700372102719
0.110267584631852,11.1625120439526,2070.26013006503,0.106290624948335
0.127975063811204,7.45964533309522,2061.40570285143,0.143536292321135
0.158610458871945,4.49431145638251,2052.10105052526,0.16837649895068
0.189621668633577,8.20310923201435,2051.80090045023,0.371970887122495
0.197734868236839,11.0347040567755,2052.4012006003,0.509552483232199
0.128837706750321,8.63941072106801,2062.45622811406,0.152800166101253
0.156639750184632,4.14623977579979,2051.80090045023,0.154176644726941
0.191354247247288,31.8328643748612,2058.70435217609,0.81117085608396
0.152816726541235,23.8009421380058,2064.10705352676,0.33637783058079
0.189978254216759,45.3590725519368,2060.80540270135,0.866700412353451
0.191985263533382,18.9046718094031,2055.85292646323,0.667643986512967
0.177698240580452,11.7224193723862,2055.25262631316,0.417464990562554
0.167323467479487,4.20635552139048,2050.45022511256,0.170137147103309
0.192460126227825,274.226567348106,2069.80990495248,1.11541764497667
0.142068847433227,6.74461616851603,2057.65382691346,0.177160276607319
0.179738426234105,12.2397329678754,2055.25262631316,0.438503848301574
0.190399456601705,10.5076446271293,2053.00150075038,0.455227898576987
0.192123160821043,7.67752616736229,2051.05052526263,0.359292189734665
0.146117047009887,20.7290378618468,2064.70735367684,0.281772513950043
0.0956994497052264,22.0209326641103,2083.6168084042,0.0776117936138324
0.136255721966212,2.33126636583218,2050.45022511256,0.0749970088060599
0.11055891913833,57.6023378446047,2085.11755877939,0.125650376289188
0.138736827169407,2.35826794741131,2050.15007503752,0.0773063754202051
0.187598301415066,20.7290378618468,2057.05352676338,0.64193661461097
0.161705425373119,28.6163443734521,2063.35667833917,0.427038667195813
0.139094586719067,4.06351835261943,2054.35217608804,0.125180442510243
0.166356027427837,18.3681753422353,2059.75487743872,0.41765620944223
0.193949500810138,13.1153367145537,2053.75187593797,0.553111013536724
0.194204811513571,11.4225861207707,2053.00150075038,0.503922049378826
0.193711045425245,49.4508252223751,2060.65532766383,0.954821339659529
0.155303676715938,35.8210683711633,2066.20810405203,0.382922206982649
0.160978310286464,34.1101179217553,2064.55727863932,0.436745697813846
0.181201094048333,35.9243440670047,2061.10555277639,0.674254338579483
0.0896481964329456,3.72728711692345,2066.8084042021,0.0479252937795418
0.173515857571084,23.3260907272937,2059.90495247624,0.518766117495821
0.171232208614948,14.4640552653053,2057.50375187594,0.416820031913315
0.15102785382209,36.13178957939,2067.25862931466,0.348042678175582
0.132654874435665,35.4109260457599,2072.3611805903,0.217953588944415
0.19750162733467,70.0585856263266,2061.85592796398,1.10573744204632
0.164718029319508,23.1921673069706,2061.40570285143,0.436897704805967
0.147203615937752,13.6941201359897,2061.55577788894,0.260626744713341
0.117340511027259,16.7998856852757,2071.46073036518,0.135056321929094
0.123167507555902,2.6460963359074,2053.75187593797,0.0735845643538282
0.171939277955532,25.7990016756576,2060.80540270135,0.515359227313545
0.116316155184776,78.1579650331584,2085.11755877939,0.147725605788502
0.189376175642824,675.238761044327,2075.21260630315,1.06116853200395
0.17430473362223,38.8282025800898,2062.75637818909,0.594365840164643
0.162956974717611,17.0434648578319,2059.90495247624,0.381501276226336
0.139056365643826,27.2495189410318,2068.45922961481,0.249672340659874
0.159033660001192,11.6216105181022,2058.25412706353,0.305423198515718
0.19797975292477,38.7165788401476,2058.85442721361,0.961028909549449
0.173219402538373,195.804629465659,2072.3611805903,0.676183043584298
0.145784327245794,2.74700667630971,2050.30015007504,0.0953086468674159
0.0967539171146395,3.89177332396176,2064.55727863932,0.0575467863705335
0.138214125662158,15.8142923261533,2064.70735367684,0.222010367426825
0.170275643554799,10.6293480187976,2055.85292646323,0.352221841951067
0.177908924084691,46.1493981386924,2063.05652826413,0.665218303981095
0.174414638128767,45.3590725519368,2063.65682841421,0.610866241005023
0.183560363894574,14.3396692667093,2055.55277638819,0.508502845140395
0.163822519996526,218.441340861964,2075.36268134067,0.543828692059493
0.168317958042221,8.81528401319323,2054.95247623812,0.30892518684449
0.15502286397557,65.0059692846113,2070.11005502751,0.408292315010265
0.0905628697252976,2.95200799512719,2063.65682841421,0.0446034865720181
0.162893226745017,4.07523387938939,2050.75037518759,0.159985573168347
0.190072999853109,24.425696794902,2057.50375187594,0.72140347399524
0.119268995708552,118.992305656317,2087.21860930465,0.163504475927582
0.135381403799529,24.9229329891828,2068.75937968984,0.227685293904137
0.190236034665355,44.0718255463572,2060.65532766383,0.859233203620198
0.181153927521807,10.2094477434412,2054.05202601301,0.400197593485179
0.114950353358318,8.71435120329488,2066.35817908954,0.113367866390498
0.189813951362742,46.8185117519142,2061.10555277639,0.855941876946713
0.184593491553945,86.9430374560293,2065.30765382691,0.846402375414324
0.185695291784007,22.9927224875773,2057.80390195098,0.65390750208724
0.198322935023808,21.9576266468948,2055.85292646323,0.786326577051294
0.180442536701958,8.58980877761041,2053.15157578789,0.352537552083127
0.19779828734649,65.3813469555632,2061.55577788894,1.08150802520869
0.146122776447765,74.2108860452115,2073.56178089045,0.324955176685515
0.127875406405892,6.24020417473294,2060.05502751376,0.132655457591421
0.190142477626291,109.461101713713,2065.45772886443,0.992085118334833
0.179539584344976,15.2333597657718,2056.45322661331,0.492972840434866
0.0688720506560531,1.6741946565908,2064.85742871436,0.0206967176249246
0.178565361592318,93.162752342285,2066.8084042021,0.749616820325437
0.0602817062841118,5.57746185992785,2091.72086043021,0.0227333363174087
0.18919809641898,63.3432620800787,2062.75637818909,0.901744112289521
0.185433676781017,113.963083398268,2066.65832916458,0.879564738982231
0.16225233618271,13.8527304550101,2058.70435217609,0.351170512814555
0.148560414711446,5.74036800209287,2055.25262631316,0.179795000898135
0.154760655985795,3.1450272019994,2050.15007503752,0.116739404552809
0.168335527679497,5.99369202303595,2052.55127563782,0.235926267462965
0.16153837564832,10.6599934842429,2057.2036018009,0.308575202746449
0.129563609685247,2.10174801133249,2050.60030015007,0.0637882936181724
0.187806442074567,24.5667432445612,2057.95397698849,0.687049437027575
0.187369113298519,118.309128318462,2066.35817908954,0.94296343553028
0.153051621655711,167.612373694519,2076.86343171586,0.406497158204748
0.129710950237565,6.02830266228601,2059.30465232616,0.13567884881452
0.196922275621846,19.682194462711,2055.55277638819,0.722829700637998
0.177832316703493,8.15601225127809,2053.15157578789,0.329845749985038
0.180921622295314,5.28056837192541,2050.30015007504,0.23288308659044
0.199678998687262,44.0718255463572,2059.15457728864,1.04696318960207
0.195461832369207,68.4634633145046,2062.15607803902,1.03871845695144
0.186907071502878,7.41681684421187,2051.50075037519,0.333715933906545
0.131666526837069,222.247410324489,2086.61830915458,0.231842074490189
0.178352515782188,22.7949928263862,2059.00450225113,0.562339126495487
0.173687177572805,9.31091255809072,2054.50225112556,0.343665628427523
0.184764787430113,14.0940971036004,2055.25262631316,0.514460803759202
0.146757029149411,6.68661474347447,2056.60330165083,0.191984338420362
0.0942183998596202,7.56780167843215,2072.81140570285,0.0655220869159446
0.172252280967571,9.31091255809072,2054.65232616308,0.338425961362582
0.182708293985589,9.47314366240347,2053.45172586293,0.387412503098457
0.156947374577922,32.4808889723873,2065.15757878939,0.393901801839433
0.181579842822341,139.006708184704,2068.45922961481,0.824467143319917
0.1947060246986,13.0776326016306,2053.60180090045,0.558547676061499
0.180710174951211,57.2716222440805,2063.65682841421,0.743828218268489
0.16209852156621,4.52026390637434,2051.65082541271,0.174920179724238
0.19778371447183,49.879774465365,2060.05502751376,1.04225960294895
0.171039939780531,16.3701822092467,2058.25412706353,0.437361659260699
0.181139549390263,8.46704626823108,2053.00150075038,0.350807503711916
0.149691154693371,717.321632979528,2087.66883441721,0.379221871325053
0.183785396377369,33.6226281790017,2060.20510255128,0.709384846609419
0.171329041162525,9.02067029565308,2054.65232616308,0.326149658635339
0.0666274955720595,6.20437693319619,2087.51875937969,0.0283808765332387
0.174929059416149,9.61049343596866,2054.50225112556,0.356638804508069
0.198012957987541,73.9975437812294,2062.0060030015,1.13637807097427
0.144800868859151,2.78683513858361,2050.60030015007,0.0961898272057826
0.147023066929536,2.86823283751515,2050.45022511256,0.100624717828928
0.194554959817562,80.2095456951702,2063.05652826413,1.05550750873168
0.193459638344689,14.1754836193795,2054.20210105053,0.578080522384049
0.177692559699217,484.921475397282,2076.4132066033,0.774489999248757
0.123059498963408,3.6952337044061,2056.75337668834,0.0928182460311256
0.196992312387041,44.1988889941343,2059.6048024012,0.988338810275091
0.182892380247863,26.6290908341743,2059.15457728864,0.644469684558294
0.157885709233471,64.2616671010127,2069.35967983992,0.43451684604001
0.173915489755441,6.55321042588835,2052.4012006003,0.267605600430145
0.199149421139613,72.312737671454,2061.70585292646,1.16052676400551
0.137065081560028,8.44270511134198,2060.35517758879,0.1786398003199
0.192570991113154,12.7431360287119,2053.75187593797,0.53435998506821
0.183879451113171,74.4248433961178,2064.55727863932,0.822802634706503
0.170498705055458,41.3670130706622,2063.80690345173,0.55714978007838
0.161706865664135,60.6660524756973,2068.00900450225,0.478636351008657
0.114718479168434,5.11596107896008,2061.70585292646,0.0938995241066041
0.183969640251757,23.8695626167564,2058.40420210105,0.632526746084252
0.166033402137423,34.7044444245723,2063.65682841421,0.488446958208696
0.184492300564502,24.3554775355552,2058.40420210105,0.644924017832863
0.121268180377643,10.0635379267258,2065.75787893947,0.135195262701476
0.177974620394752,5.65832869261085,2051.05052526263,0.243608929760065
0.175593251952029,56.7791056024212,2064.70735367684,0.649941870519065
0.19090222352372,24.6375716039181,2057.50375187594,0.727868350203436
0.197401644105713,10.690727303607,2052.25112556278,0.496900474231644
0.111325589116857,3.73803325566538,2059.6048024012,0.0763599209568085
0.16125357335417,48.7440915159157,2066.8084042021,0.458471372745744
0.195393605020827,18.5809222819382,2055.40270135068,0.691232418509948
0.143861628926998,3.26496454563336,2051.95097548774,0.110727573039139
0.195719205569679,274.226567348106,2069.2096048024,1.19325278581566
0.172643440030474,15.0589415844573,2057.50375187594,0.43491008010082
0.16084784520889,33.9142795486171,2064.55727863932,0.434889691211758
0.197148392341123,32.3875125587801,2057.95397698849,0.90738041105798
0.123808571615688,18.2627170853981,2069.95997999,0.161272508396155
0.195694374476843,24.7086041684656,2056.75337668834,0.799385175025429
0.149073704883283,6.64822449937834,2056.15307653827,0.198425913774815
0.191147776413483,17.4908414355252,2055.55277638819,0.633309697588041
0.149206370180224,17.0434648578319,2062.60630315158,0.289728227671149
0.127307624355201,25.0668507346102,2071.31065532766,0.185262290744781
0.17134545853704,14.1347317845805,2057.35367683842,0.413520126124506
0.168546204042317,598.334763214664,2080.16508254127,0.616813553320225
0.162125531029843,4.24284253669373,2051.20060030015,0.165112897797688
0.198199029870232,15.8142923261533,2054.20210105053,0.65646864115471
0.170022629823936,8.71435120329488,2054.65232616308,0.313004274930579
0.197612030984181,8.58980877761041,2051.05052526263,0.413998637112976
0.186193898825033,24.1460286404166,2058.10405202601,0.663151022165406
0.187011454310457,137.02007346918,2067.25862931466,0.939699402545529
0.195387881738238,548.826229146928,2072.81140570285,1.21489466293603
0.156051220092223,20.9088468955437,2062.60630315158,0.348638965148605
0.170478215279361,52.5327465589178,2065.30765382691,0.570154551884504
0.186794117441515,6.8227347852315,2051.05052526263,0.309928991032911
0.14190011154882,17.9499612710559,2064.70735367684,0.248273423105214
0.19281574611303,16.5121814020749,2055.10255127564,0.625937601517338
0.17283270428556,11.2593385593765,2055.70285142571,0.380917250557285
0.199715471135326,39.1650084479089,2058.55427713857,1.01270122347196
0.142648971598503,13.8129064745256,2062.60630315158,0.237897647521612
0.193078032019232,7.58962040187813,2050.90045022511,0.357359004835627
0.185122737648043,8.32204495553973,2052.4012006003,0.360698778751852
0.190408937233249,18.3681753422353,2056.00300150075,0.636598571504098
0.161255440395046,17.1418825295271,2060.20510255128,0.371806014723537
0.109780423475571,2.81100886708374,2057.2036018009,0.0632658260779822
0.192820263729908,9.97699489356779,2052.4012006003,0.450014217093274
0.192107435569122,40.308937459768,2059.90495247624,0.872021285073137
0.163542731662497,18.6344929252859,2060.35517758879,0.396973986012281
0.137331635019999,14.8865204479472,2064.4072036018,0.216336765088685
0.173025113960852,8.32204495553973,2053.90195097549,0.31649094368635
0.199410409305484,8.6145740489714,2050.90045022511,0.419130346108105
0.159554521036688,11.3897483457029,2057.95397698849,0.30787982880568
0.187397302144051,162.855695173605,2068.15907953977,0.950539312955586
0.128137562025762,3.95958264771409,2056.15307653827,0.105414453113807
0.191538782226579,6.42246765119551,2050.15007503752,0.301644843769714
0.15814154581052,15.4987821679022,2060.20510255128,0.336612177641604
0.190782328199393,23.8009421380058,2057.35367683842,0.715353657274115
0.18973100402461,23.8695626167564,2057.50375187594,0.704715497192381
0.122093541729581,4.91386086905364,2059.45472736368,0.106420078936881
0.135836197709406,21.7687984609418,2067.70885442721,0.223118611640407
0.196714608004719,22.2759871780403,2056.15307653827,0.77064505901853
0.0868008103992328,5.72386552959968,2073.26163081541,0.0502554953224301
0.0791307011436675,1.669381663546,2060.35517758879,0.0258669539199035
0.146558022213702,32.9518247994517,2067.85892946473,0.30485323424349
0.15549158983868,24.5667432445612,2063.65682841421,0.362519829443323
0.116578425733605,7.39549489831676,2064.4072036018,0.11227737700243
0.139854501344746,233.395255296668,2083.6168084042,0.290978305038383
0.0965518692912232,6.66739199053658,2070.56028014007,0.0670290692778087
0.167480013082595,43.6928227058688,2064.70735367684,0.527617178387439
0.172727080120156,11.6216105181022,2056.00300150075,0.383240521782165
0.168745322699979,30.3124057150643,2062.30615307654,0.504045641449321
0.185646231676354,8.22675961020021,2052.25112556278,0.360059538632641
0.131752007345748,33.8167824081596,2072.21110555278,0.214314546660341
0.171175747329899,22.5339958268413,2060.05502751376,0.493736145651974
0.16949874190809,48.7440915159157,2065.00750375188,0.556745436356811
0.190385103416654,25.5036095217804,2057.80390195098,0.72640681641046
0.172048643271569,12.6335493553273,2056.60330165083,0.396038361426925
0.188251105403727,14.0131778568844,2054.8024012006,0.536764500417764
0.155258704918205,15.5882800527396,2060.80540270135,0.318499733340615
0.169236499852321,27.4068715821386,2061.55577788894,0.501276705867619
0.19187293110507,34.6046757095179,2059.15457728864,0.830874014874449
0.191907735553193,66.3293018815899,2062.45622811406,0.97676834607474
0.129797386240882,12.0648070327153,2064.85742871436,0.171843287640492
0.159320306604831,6.1865405227709,2054.05202601301,0.21767547356092
0.180243654768723,21.9576266468948,2058.40420210105,0.581628522723066
0.142894639951032,25.9479782891666,2067.10855427714,0.271008015580102
0.190749915724402,15.5434666953568,2055.10255127564,0.58506174221477
0.17153607963383,24.2156440378081,2060.50525262631,0.502316727878402
0.197970067123163,23.5284272689873,2056.30315157579,0.802613861272095
0.157554267964528,10.0057595601981,2057.50375187594,0.27941370900747
0.173072848010795,25.3571841881197,2060.50525262631,0.524932232250279
0.170631610044126,18.0017127911777,2058.85442721361,0.451609053433215
0.187235940285826,69.8571804408421,2063.65682841421,0.871882946636314
0.197915280128266,12.3814980416064,2053.00150075038,0.555644560379032
0.120687749175535,6.24020417473294,2061.85592796398,0.114955407589928
0.198671174155722,13.3823268507784,2053.30165082541,0.59213671554068
0.19125680935066,8.84069935203988,2051.95097548774,0.401841978383233
0.198008600259348,54.5361117673544,2060.50525262631,1.06356638282553
0.195793020500401,20.9088468955437,2056.00300150075,0.73341954324838
0.183477584739848,38.8282025800898,2061.10555277639,0.724569697861663
0.180258545607786,5.72386552959968,2050.75037518759,0.251228411400408
0.12499977371529,6.96162583541039,2061.70585292646,0.130405675540767
0.198366947519722,40.308937459768,2059.00450225113,0.980204752563273
0.154572312124332,4.41734470314007,2052.55127563782,0.159424201543385
0.129595434271617,20.9088468955437,2069.2096048024,0.190566102338943
0.197443280973419,30.5753433592029,2057.65382691346,0.889707203914305
0.197854712545655,143.892947870195,2065.45772886443,1.21864309062247
0.18201286480735,105.136965683063,2066.8084042021,0.818117617842662
0.189814224531966,23.259032627454,2057.35367683842,0.699154253249533
0.148694634918554,5.62584220609726,2055.10255127564,0.17745083861214
0.19914464251267,16.464712003024,2054.35217608804,0.677937139498415
0.0792692991727416,3.36032741709575,2070.11005502751,0.0359312472775781
0.16605832384895,36.235961115318,2063.95697848924,0.489485455552922
0.132167557289463,13.0776326016306,2064.85742871436,0.184546203147552
0.0715308197688528,2.18818996107018,2067.85892946473,0.0251135656031092
0.136742053882692,7.69966123740149,2059.6048024012,0.173016204116377
0.179373194776437,7.99329205722658,2052.85142571286,0.330732225054183
0.199914664755195,212.85410025597,2067.10855427714,1.30420654322243
0.189903660868495,13.7336016436691,2054.50225112556,0.54051069211112
0.161484095818206,7.04225793763313,2054.50225112556,0.245178763420615
0.185792972093649,6.31248050684326,2050.75037518759,0.285889453456471
0.199951853560441,43.8187934508356,2059.15457728864,1.04100449498301
0.153971666065033,55.4863358814509,2069.35967983992,0.391786753103115
0.133426079622664,4.98510624458552,2057.05352676338,0.13086402342369
0.163895177946587,4.37935702804035,2051.20060030015,0.1722747144217
0.13491631684214,3.84721348715026,2054.65232616308,0.113884034860883
0.126865551253813,3.86942926293753,2056.30315157579,0.101555475970892
0.182424340200232,5.32637338722108,2050.15007503752,0.237104554759702
0.118658352947855,15.8142923261533,2070.41020510255,0.139344069887853
0.10000221549792,4.69264665877481,2065.45772886443,0.0661008205533819
0.163242832105363,28.3702534600969,2063.05652826413,0.437184259990457
0.192038991015441,27.9647958304035,2057.95397698849,0.783953229747094
0.195823472966463,74.6394176073048,2062.45622811406,1.0766971617208
0.19760991653824,167.612373694519,2066.35817908954,1.20884300599355
0.167614962368791,31.1977684837926,2062.75637818909,0.491130416047711
0.13850875336152,12.8167214051892,2063.05652826413,0.212652644146635
0.147271996749447,5.97646129188652,2055.70285142571,0.181595931524315
0.160287568589819,13.0025492407616,2058.70435217609,0.328489144175419
0.158884574364166,11.4885459675579,2058.10405202601,0.306047292679972
0.161944556216469,5.17521601544173,2052.55127563782,0.195777177167027
0.179041576994489,75.2868592128977,2065.60780390195,0.730894435845308
0.164407495930054,7.28980110054726,2054.35217608804,0.259806705963864
0.146338039588192,9.47314366240347,2059.15457728864,0.224925620196915
0.184728017450529,12.2045460501459,2054.50225112556,0.471022999288505
0.19935148518349,14.053579239644,2053.45172586293,0.618488378905656
0.196620520248487,11.0665182039154,2052.55127563782,0.505170751956577
0.154199927372205,34.8045007827355,2066.20810405203,0.375044118936571
0.186636226506341,13.6941201359897,2054.95247623812,0.514305324386229
0.173288825659398,32.4808889723873,2061.85592796398,0.564522795910589
0.188320119081609,39.3911672117236,2060.35517758879,0.80586128615576
0.151050923060071,18.2102152272867,2062.75637818909,0.303083387593611
0.19756447130291,136.233392275728,2065.30765382691,1.18845009648011
0.179786999869702,9.15145972170511,2053.60180090045,0.365892067469224
0.175540586617819,8.06262793911584,2053.45172586293,0.318169999864367
0.111466700741084,3.6424227310724,2059.30465232616,0.0756454629977861
0.191018924011646,338.362593875583,2071.16058029014,1.0957555172934
0.0767822536348302,1.59882507273807,2060.50525262631,0.0240836842909532
0.1365920574904,200.366658876644,2083.76688344172,0.266252637033405
0.189527420756514,9.44591016576076,2052.55127563782,0.416544825465922
0.1468866128228,3.29328569222577,2051.50075037519,0.114784309518752
0.187060782675143,66.3293018815899,2063.35667833917,0.869219097862522
0.175465847187594,5.22010717715947,2050.75037518759,0.222369126476511
0.16172412552187,4.01699207793678,2050.90045022511,0.156474430426326
0.188139816287586,9.50045567592029,2052.70135067534,0.413294536031055
0.0904529904822405,3.9368492691367,2067.10855427714,0.0498703119181483
0.176713393328112,17.4405585739443,2057.65382691346,0.499186216707036
0.113012833119387,1.98987000774274,2053.00150075038,0.0511763102256171
0.150081952679362,5.14550325140415,2054.20210105053,0.170710938474746
0.193438587645992,15.4542261000141,2054.65232616308,0.609472351669449
0.199990162684811,59.9714412603752,2060.65532766383,1.13506089431761
0.168892758528812,13.0400368809022,2057.2036018009,0.384290197048295
0.186098967824227,15.4542261000141,2055.70285142571,0.544635448796451
0.1446203181283,3.98244730043134,2053.30165082541,0.131524527120662
0.188421173383125,8.1325652583707,2051.80090045023,0.366108049047735
0.194929145424723,27.5651328577691,2057.50375187594,0.8168479899656
0.18010674563165,13.7731969804542,2055.85292646323,0.471404290417994
0.178728445827618,132.748847005077,2068.75937968984,0.774093021539407
0.146032528404621,260.377768681747,2082.11605802901,0.342820296062945
0.13673960736707,124.243468877762,2080.31515757879,0.260469510174827
0.195836954856997,8.41843393067599,2051.20060030015,0.400826126130214
0.194666692395293,8.99473757437633,2051.65082541271,0.420418888955864
0.161700834200358,9.07276025359497,2056.15307653827,0.284966458091185
0.16560816235514,9.66598933399762,2055.85292646323,0.314709269238954
0.163752625025178,33.2376574471234,2063.80690345173,0.463392498397217
0.189753074593852,70.8700298451568,2063.20660330165,0.936280699658491
0.18377133389247,48.8846255702689,2062.30615307654,0.765412931335231
0.105746500148911,3.4784466459882,2060.50525262631,0.0660601291896164
0.163334893592514,41.3670130706622,2065.30765382691,0.472086522711268
0.151801883399443,32.2015642784471,2066.35817908954,0.346284509572997
0.183336529132901,72.7303083552848,2064.55727863932,0.807037571250002
0.153925029271481,11.9266679922861,2059.30465232616,0.282606207506529
0.196326874572128,17.9499612710559,2055.10255127564,0.687931675210704
0.175140323071714,8.73947554283164,2053.90195097549,0.336405744894084
0.188744904262043,493.370630726349,2073.71185592796,1.03618742710939
0.19828512063404,37.6178394397509,2058.55427713857,0.974289920259495
0.154731557950006,13.1910713679069,2059.75487743872,0.29968740118175
0.184556540534076,14.716073490575,2055.55277638819,0.523215429457788
0.159012482347019,6.15102138343189,2054.05202601301,0.216489722829665
0.193028733743097,39.3911672117236,2059.6048024012,0.887484095080724
0.188050656333196,11.0984240743995,2053.60180090045,0.46109798328128
0.179193176500531,98.6844129941092,2067.10855427714,0.751570692768878
0.178487508654823,92.6278716978486,2066.8084042021,0.74564054104725
0.164490409497619,6.61005466738882,2053.75187593797,0.242545691040001
0.155214836192673,9.61049343596866,2057.65382691346,0.263506936871407
0.15689717520581,19.0138370407198,2061.70585292646,0.351323780177021
0.177618248411604,5.10125365829453,2050.45022511256,0.220220592554615
0.150077316968384,6.22226476776323,2055.55277638819,0.192845976454908
0.177817022834243,13.1153367145537,2055.85292646323,0.445203039386092
0.194336086535493,30.0517292460135,2057.95397698849,0.842606645298452
0.161603266739551,279.809023229049,2077.61380690345,0.509473058592811
0.19252743681514,14.3396692667093,2054.35217608804,0.576150103667579
0.197647230881508,91.5673056002191,2063.20660330165,1.15283056117811
0.12447244386895,8.54049161663095,2063.50675337669,0.138553432295183
0.13619025984942,4.52026390637434,2055.70285142571,0.129009267970683
0.159478216667411,32.3875125587801,2064.55727863932,0.418402221820443
0.189428549112289,61.9010369802681,2062.60630315158,0.901057720969185
0.18407845046786,26.5525372336299,2058.85442721361,0.666379757369137
0.1829621855745,122.115753319126,2067.40870435218,0.851483169538138
0.111826045010584,43.1925507507629,2081.9659829915,0.127747566115878
0.175121992164755,4.80198009042612,2050.30015007504,0.204569137733548
0.186203767355871,23.5284272689873,2057.95397698849,0.657614273126342
0.196112192608747,16.4173790695188,2054.65232616308,0.653956446962314
0.194300432608842,57.7684111024247,2061.40570285143,0.992752732586034
0.125770143706788,8.96887940476934,2063.50675337669,0.145259126178481
0.186501115396847,7.65545473146367,2051.80090045023,0.341068904290526
0.198898852858566,94.7859977652238,2063.20660330165,1.18396251691176
0.178056258224382,15.8142923261533,2056.90345172586,0.489351269690826
0.189205382885966,26.4000896312366,2058.10405202601,0.72591488294776
0.140054538065913,44.0718255463572,2071.6108054027,0.271424300809117
0.137112405317805,3.24621921773864,2053.00150075038,0.10241479512088
0.115795964485269,53.14120008554,2081.9659829915,0.144329615892543
0.164263099654228,7.90177085082341,2054.8024012006,0.274553586759555
0.157711896085182,8.39423252506469,2056.30315157579,0.257289062677029
0.194506226995313,34.8045007827355,2058.70435217609,0.885258842102413
0.150709772801228,3.59036651349369,2051.65082541271,0.128560052952704
0.178285964689078,78.1579650331584,2065.90795397699,0.727969368691872
0.165797035142525,3.85830538552188,2050.15007503752,0.15451330903401
0.173383228725337,14.053579239644,2056.90345172586,0.430047595665141
0.138719460127847,187.528926298918,2082.56628314157,0.277682963391777
0.18440534467142,10.690727303607,2053.90195097549,0.428517939104587
0.150068246839804,6.47817779606607,2055.85292646323,0.197694864400092
0.197792258313894,8.73947554283164,2051.20060030015,0.419727080966186
0.176389366113705,98.6844129941092,2067.70885442721,0.701680741513203
0.190234752269608,8.17952684419346,2051.65082541271,0.37382625236425
0.173192212353761,70.4631396848539,2066.35817908954,0.63947033537562
0.193543188103248,36.6556592993152,2059.15457728864,0.877986341663481
0.158797644779339,23.3933421622917,2062.75637818909,0.380459261741873
0.192164219088441,20.0251322921732,2056.15307653827,0.686424476164107
0.192164925288045,13.6547521301788,2054.20210105053,0.554950242844331
0.188935818021155,37.7262954049369,2060.05502751376,0.803796459734733
0.0935861938666929,3.40904833026788,2064.25712856428,0.0506381558671877
0.186529649354283,46.0167273459691,2061.55577788894,0.796506818576351
0.159466333638737,86.1953566475303,2070.86043021511,0.459373544872936
0.157530161176077,5.45047194460812,2053.45172586293,0.194840187906994
0.174288837702389,5.82359678794962,2051.65082541271,0.242993396227069
0.140744965731545,6.96162583541039,2058.10405202601,0.176686449732673
0.195352666938991,89.482464022409,2063.50675337669,1.08666375940847
0.191127912310181,11.6216105181022,2053.45172586293,0.493275143950688
0.187464506186222,9.07276025359497,2052.55127563782,0.396351393225047
0.145419891830762,2.75492656923522,2050.45022511256,0.0953136367745025
0.195798561292625,396.414505213178,2071.01050525263,1.22788940104496
0.178101791364755,146.400104036699,2069.50975487744,0.759062570620699
0.136659899357828,107.277248727328,2079.26463231616,0.258821432948499
0.184181985324081,50.4575002967478,2062.45622811406,0.771282898584233
0.198018351708066,7.4811522310616,2050.30015007504,0.363839713869129
0.139144429962933,3.31230280598519,2052.70135067534,0.107032896514998
0.0758492392315376,6.80312071291408,2081.81590795398,0.0381879649460097
0.193276607148202,6.62911211113257,2050.15007503752,0.314065656478232
0.197111813457481,24.0766133741283,2056.45322661331,0.80637556457581
0.182791967001393,10.690727303607,2054.05202601301,0.421969728882303
0.183700924884089,27.485888313414,2059.15457728864,0.664363017852352
0.157002400295782,39.1650084479089,2066.35817908954,0.405459319264121
0.197108637801191,22.4692148500539,2056.15307653827,0.777518843293877
0.138824918337994,36.4452060637106,2070.56028014007,0.259564593995739
0.0632516751759664,4.61228334151361,2085.71785892946,0.0242749934033716
0.182273798183635,10.845730650619,2054.20210105053,0.423561811180369
0.194451049251921,10.3873347090322,2052.4012006003,0.47238454893733
0.154824442085912,17.7444386780296,2061.70585292646,0.329077851204104
0.130605352048618,7.6115020308696,2060.95547773887,0.152238297341822
0.186945552275076,7.4382002633935,2051.50075037519,0.334796688686527
0.132986327531198,10.5379392096157,2062.90645322661,0.178749647090929
0.194368020166155,10.3873347090322,2052.4012006003,0.472108286435624
0.197611258419358,86.1953566475303,2062.90645322661,1.14189698372915
0.15622894436605,9.72180569368846,2057.50375187594,0.270679775330796
0.164907243487882,5.773515819051,2052.85142571286,0.220307338099293
0.193408299344321,157.77911378342,2066.8084042021,1.09476986559983
0.142254232277614,9.33775684323017,2059.90495247624,0.206643831087711
0.191573018908996,20.1988354669711,2056.30315157579,0.681072359810921
0.176285969798832,71.6908725083659,2065.90795397699,0.67913124352184
0.199016038619666,157.77911378342,2065.75787893947,1.25242877138006
0.15671380227751,25.65088039011,2063.65682841421,0.376573976065246
0.126207310313214,3.89177332396176,2056.45322661331,0.100893152761819
0.189825737442628,44.1988889941343,2060.80540270135,0.844084036614854
0.155257458684764,54.0671195934932,2068.90945472736,0.400838840965402
0.199630393315998,8.84069935203988,2051.05052526263,0.429681444590118
0.138384117984294,7.41681684421187,2059.00450225113,0.174936792797912
0.178236488909105,12.7798757548119,2055.70285142571,0.440014487722334
0.161730227042179,17.7955976561148,2060.35517758879,0.379494918642565
0.15950342056595,4.54636621906863,2051.95097548774,0.172051480298281
0.0765558722316063,1.61734325078285,2060.80540270135,0.0241055480952555
0.180290197394681,9.77794436555052,2053.90195097549,0.384815053442755
0.177587502341387,95.8838439353261,2067.25862931466,0.72434412547811
0.175131426540846,14.053579239644,2056.75337668834,0.438134869247949
0.158467828946907,19.0138370407198,2061.40570285143,0.362192542609413
0.166328000563356,4.67915618701786,2051.20060030015,0.18725779807119
0.159581342285726,4.45566189315493,2051.80090045023,0.169243770025337
0.14936551751165,19.738940183072,2063.65682841421,0.298285550453121
0.170671721661012,471.159868688245,2078.06403201601,0.657448643223078
0.0899755270843932,1.18855355314224,2051.95097548774,0.0236703970693219
0.171836567148923,93.7007216607734,2068.30915457729,0.635670620922135
0.142473608305235,3.01210229799636,2051.50075037519,0.101600905021162
0.198073655527479,48.8846255702689,2059.90495247624,1.04309983331745
0.182941723985785,40.541701854003,2061.40570285143,0.726011969984513
0.19930096980868,13.6547521301788,2053.30165082541,0.606254740046354
0.129009634406328,5.29579277470977,2058.40420210105,0.125855679516238
0.19873316982544,25.2115995346114,2056.45322661331,0.846355289666165
0.179346817880748,8.76467231833321,2053.30165082541,0.354983582378564
0.163546137129609,4.46850800867783,2051.35067533767,0.175215505990438
0.154631561967465,55.8067423266136,2069.2096048024,0.399414597276662
0.159712099783684,6.06311316104581,2053.90195097549,0.215271832185816
0.190259487943511,31.1977684837926,2058.85442721361,0.780651768282573
0.17450862723652,52.3817248465878,2064.4072036018,0.63169307700863
0.150764982927167,18.1578643020893,2062.75637818909,0.30237679722714
0.158933257895392,17.8469041306121,2060.95547773887,0.357426227755512
0.153291041919178,7.24794774808137,2056.00300150075,0.222217663008069
0.171153436184147,5.87411217212038,2052.10105052526,0.237990633518331
0.17270975062984,18.2627170853981,2058.55427713857,0.473877051817288
0.167894164700554,53.6021605942022,2065.90795397699,0.543446273945402
0.188774665933558,137.811297361671,2066.95847923962,0.976925247396774
0.16136877325465,14.505756572389,2059.15457728864,0.351264118251589
0.166965496072971,18.5275056440599,2059.75487743872,0.421473803596753
0.182621281859631,85.4541056418972,2065.60780390195,0.805228673009156
0.108742630204246,3.6740180475533,2060.20510255128,0.0719185665235707
0.173294548584306,13.932723196473,2056.90345172586,0.426048485734212
0.175542375478055,8.78994173863968,2053.90195097549,0.338680104168788
0.156224941684795,41.011270705513,2066.8084042021,0.401953268129405
0.143077704748409,17.2408685151293,2064.10705352676,0.253536225469774
0.156030854072982,6.04568285725226,2054.35217608804,0.206006668803776
0.138811872736971,8.94309557251015,2060.35517758879,0.189764244158099
0.179682186972351,7.06256146630704,2052.10105052526,0.300427237519437
0.0847405070726583,5.13071090257931,2072.96148074037,0.0463546778176728
0.199797227674418,13.4596032415536,2053.15157578789,0.603860221211406
0.156668474631968,14.3810119566121,2060.05502751376,0.317090504964668
0.194961395133589,75.9399168943669,2062.75637818909,1.04701665270712
0.152521066545632,59.9714412603752,2070.26013006503,0.379920934442206
0.190881189148545,82.0783386215772,2063.80690345173,0.976122753339478
0.185840429044887,7.58962040187813,2051.80090045023,0.337398704683637
0.170980783557514,16.6554123326141,2058.40420210105,0.438580498586073
0.173285826920888,62.4379825789225,2065.60780390195,0.634610218910026
0.181880263643923,7.37423424898408,2052.10105052526,0.317614431529734
0.117146441034564,5.64206206761865,2061.85592796398,0.103144339983785
0.197253911966646,29.1988899724563,2057.50375187594,0.865996714228714
0.149676152003543,67.4850077079961,2071.76088044022,0.359925228914484
0.199929985756203,22.0844211988575,2055.70285142571,0.805847131959763
0.195512103356078,22.0844211988575,2056.30315157579,0.750291584042636
0.19217230760047,9.04667778353943,2051.95097548774,0.41421557363479
0.131814391407943,6.84240540686637,2059.90495247624,0.148512557487582
0.188508435343856,18.4742425689144,2056.30315157579,0.618699631149632
0.196707190234359,17.5412692675873,2054.95247623812,0.681828316714019
0.191644328203798,40.8933710575319,2060.05502751376,0.86707719209368
0.171910789693403,833.163397995149,2081.06553276638,0.679930071780503
0.117320142111858,8.66431899975565,2065.60780390195,0.119193927374563
0.148191378307833,4.97077500682395,2054.35217608804,0.161793997880089
0.127582437128038,4.46850800867783,2057.35367683842,0.112019992984506
0.184577127976954,12.2045460501459,2054.50225112556,0.470625324066509
0.197146283494157,13.5373258656811,2053.45172586293,0.590267590970756
0.185406855187283,6.88191695070772,2051.20060030015,0.309178153187173
0.152025710749989,3.32185250376586,2050.90045022511,0.120756385945597
0.161722451476659,8.34603823722249,2055.55277638819,0.273446719120717
0.189703454962686,9.94831291991456,2052.85142571286,0.4331862916022
0.171957721877899,10.2684023095805,2055.25262631316,0.357738767334392
0.157193701727612,3.50861959151272,2050.60030015007,0.132692766570174
0.190438578493051,6.80312071291408,2050.60030015007,0.316301201514895
0.197749941438746,76.8194808477565,2062.30615307654,1.12433449871745
0.195613921757165,145.559568736658,2065.90795397699,1.16088408088024
0.190265978915398,10.2684023095805,2052.85142571286,0.447917144248579
0.17967850035838,175.009153909416,2070.11005502751,0.803160685070342
0.176403060390738,18.1056638759021,2057.95397698849,0.502103096179459
0.194056752113579,77.4858328855303,2062.90645322661,1.04840421666388
0.168275761711634,4.45566189315493,2050.75037518759,0.181137363477028
0.159842567427833,21.4576864915806,2062.0060030015,0.380254636217737
0.181330819783742,7.52435222533039,2052.25112556278,0.321257953940574
0.131719677012754,3.83615347588896,2055.25262631316,0.108411831815031
0.143201931910925,5.48194575365476,2055.85292646323,0.161571709924635
0.169703060815698,5.07196553857306,2051.35067533767,0.207087982200912
0.109021152234254,4.19426304469508,2061.40570285143,0.0770042197674014
0.197817653590037,9.89119610131619,2051.80090045023,0.467214462344529
0.179596978296845,11.3897483457029,2054.8024012006,0.422074560136032
0.190069241254693,155.524190485688,2067.40870435218,1.00513792604171
0.162561264269735,15.0156499750721,2059.15457728864,0.363709708174854
0.152568898725901,43.3170791620244,2068.15907953977,0.365621108665266
0.154077595992942,21.3344902474791,2063.05652826413,0.339962097062881
0.131540632203653,4.55947384416678,2056.75337668834,0.120459039304851
0.156392816340405,3.94819959636536,2051.50075037519,0.14751842168441
0.196260422345195,8.49145760309168,2051.20060030015,0.405135959400353
0.183703313755804,26.4762037102107,2059.00450225113,0.652722974054564
0.186386687374818,12.7798757548119,2054.50225112556,0.496786348345358
0.163066849249549,176.527228557274,2074.31215607804,0.52570046656213
0.15471359347265,10.9713498785374,2058.55427713857,0.278568635970074
0.184702591356666,53.4480645187486,2062.60630315158,0.796850555236644
0.189945201993366,8.6145740489714,2051.95097548774,0.388961518201966
0.185364252780446,11.9266679922861,2054.35217608804,0.466918910038684
0.158143400142709,64.4469398661078,2069.35967983992,0.434489560232918
0.188700790958392,9.63820144251651,2052.70135067534,0.42069561159441
0.139281954488484,27.4068715821386,2068.45922961481,0.250696833454898
0.1988781371748,791.087561701843,2073.86193096548,1.3434812997069
0.18237889551309,13.3438551917019,2055.40270135068,0.476985167202333
0.158848742456432,31.7413509094294,2064.55727863932,0.411674735507032
0.189558418303811,36.6556592993152,2059.75487743872,0.813246304568157
0.198013117362235,30.4874450288918,2057.50375187594,0.905142447740199
0.191334949650241,6.8227347852315,2050.60030015007,0.319308320797903
0.198552422224188,27.3280820090234,2056.90345172586,0.872154488869351
0.105482055866667,1.47500060364494,2051.35067533767,0.0353678700526846
0.199951041969923,14.8010516157109,2053.60180090045,0.64617727126855
0.0922835715024916,9.12515100556096,2075.81290645323,0.0642220577914061
0.157288712807896,24.8512842698056,2063.35667833917,0.377582181828258
0.150032980463529,29.1149486853426,2066.05802901451,0.32916856093008
0.19590021112091,17.0926028588123,2054.95247623812,0.662314285564715
0.193528522082578,79.5197706455576,2063.20660330165,1.02688047245007
0.143913547745698,4.08698318318596,2053.60180090045,0.133260482322713
0.184226713145186,8.81528401319323,2052.85142571286,0.373417023969461
0.168677456991159,44.3263187784442,2064.55727863932,0.542778986484319
0.193912905589025,22.7949928263862,2056.60330165083,0.747604939355826
0.197188189362412,57.6023378446047,2060.95547773887,1.05022772455626
0.170115111675487,10.5076446271293,2055.70285142571,0.351831119753427
0.189698559718517,6.84240540686637,2050.75037518759,0.316709166139432
0.0977707793038939,13.4596032415536,2077.31365682841,0.0789083461923407
0.12525903196485,20.4916955329151,2070.41020510255,0.170368738457951
0.148963112812,8.08587329578959,2057.65382691346,0.217652185229998
0.199282743717517,25.8733827583896,2056.60330165083,0.855594069381515
0.123857961191054,5.08658851868221,2059.30465232616,0.112037451658899
0.180905085327479,5.79016143825715,2050.75037518759,0.254767617825966
0.186474403748201,25.0668507346102,2058.25412706353,0.676489153375403
0.129716787883521,15.5882800527396,2066.8084042021,0.182906643776576
0.135562589933116,18.6344929252859,2066.65832916458,0.215021940148224
0.174532439697126,38.0535430450317,2062.60630315158,0.594312434246938
0.193721101289745,69.0573330958311,2062.45622811406,1.00717820241999
0.175594242285923,142.245409398223,2069.95997999,0.706772680978872
0.189251963732353,38.4942931291769,2060.05502751376,0.820294808842489
0.187804932455701,36.13178957939,2060.05502751376,0.771109801196785
0.15765278284227,22.2759871780403,2062.60630315158,0.370018471439136
0.152392119286051,18.1056638759021,2062.30615307654,0.315799808908511
0.187485092859282,6.34893199363231,2050.60030015007,0.290553192246837
0.189366790569871,9.28414544519475,2052.4012006003,0.412075715823235
0.11006911950867,2.15691712397049,2054.50225112556,0.0525668411531774
0.183138575599309,506.321193663515,2075.21260630315,0.897949147723382
0.180178972959086,5.82359678794962,2050.90045022511,0.254988843867019
0.183190709924699,28.0454211126682,2059.30465232616,0.665684584618981
0.199998663414799,15.1023580078497,2053.75187593797,0.653086487332443
0.160111548884876,5.14550325140415,2052.70135067534,0.191756855661581
0.110831910972796,2.47655776434198,2055.70285142571,0.0589158011679791
0.189049576128559,32.5745345994639,2059.30465232616,0.768926680718516
0.165414532776264,30.6634951091254,2063.05652826413,0.468356844030755
0.105426143453208,32.6684502161789,2082.41620810405,0.105479658947151
0.18449165502323,6.02830266228601,2050.60030015007,0.27131025338807
0.18339402327419,17.1913042784243,2056.60330165083,0.553810984708366
0.18809430278261,199.216282305225,2069.05952976488,0.983412522711211
0.1849784631638,7.02201277776474,2051.35067533767,0.314005058580658
0.151218099024575,18.7420980057214,2062.90645322661,0.306467345357627
0.149277144235915,24.2854601433005,2065.00750375188,0.313401565642568
0.177087616759641,18.6344929252859,2057.95397698849,0.517297305580789
0.198155651166548,193.006258945008,2066.95847923962,1.23960010685708
0.173166586154887,267.212465501433,2074.16208104052,0.683754091492156
0.17890768290507,6.98169689372975,2052.10105052526,0.2962174432599
0.108783987368919,1.50502732889567,2050.90045022511,0.0373826302093107
0.195321724755516,27.2495189410318,2057.35367683842,0.82237968315167
0.104241483176493,1.87853138201008,2054.35217608804,0.0433555916338476
0.183675725258607,6.2943333190863,2050.90045022511,0.281570315534317
0.180145375133703,27.4068715821386,2059.75487743872,0.616542379103736
0.191669652795816,22.7294615325802,2056.90345172586,0.719297966875497
0.131098584116924,59.4557070854439,2076.71335667834,0.220892885689218
0.183320287365994,5.35713058780925,2050.15007503752,0.239583556141637
0.0724803326828307,9.91971340151178,2089.61980990495,0.0359871998792048
0.193747520271108,103.933173569877,2064.55727863932,1.06725561458343
0.15379629401778,20.1988354669711,2062.75637818909,0.333779054599092
0.146870856008442,6.80312071291408,2056.75337668834,0.193431082730053
0.141377251609897,3.17230798106454,2052.10105052526,0.105328278819151
0.187842354787347,32.3875125587801,2059.45472736368,0.750506202542673
0.185139112710131,32.5745345994639,2059.90495247624,0.714275335645587
0.148703527997113,4.92802801770652,2054.20210105053,0.162083828912877
0.18193813064738,15.3213249660846,2056.15307653827,0.512258642266733
0.199243444836521,142.245409398223,2065.15757878939,1.25599038475159
0.190879889007045,28.5340777947752,2058.25412706353,0.770057286976349
0.180987034368644,16.8968968064112,2056.90345172586,0.525092783898319
0.175499807875369,24.5667432445612,2059.90495247624,0.545481735550529
0.198172401431249,19.9101608535235,2055.40270135068,0.74543896261301
0.195818572150515,46.6839173840833,2060.05502751376,0.9802150136702
0.196303426564465,31.6501005279053,2057.95397698849,0.886677418158649
0.155478763070564,12.5972302899552,2059.30465232616,0.2989534055679
0.171694401443759,5.2653877364201,2051.35067533767,0.217346303647703
0.197424960763252,14.5895202202118,2053.90195097549,0.617240297740788
0.18886005385155,8.22675961020021,2051.80090045023,0.370973651331293
0.15786089498682,10.4172824260824,2057.65382691346,0.287528029625109
0.199953093669311,23.9383809351586,2056.15307653827,0.833032620790018
0.130505028771117,7.94739971184986,2061.40570285143,0.153168569849089
0.153140930666291,10.5379392096157,2058.55427713857,0.26684637561621
0.122012813930353,156.422266601522,2088.26913456728,0.175543118786293
0.165950214742831,35.513019260565,2063.80690345173,0.489801817859114
0.135666772171573,53.7567009439374,2074.46223111556,0.245286650313054
0.195896387188997,9.2308418493486,2051.65082541271,0.434444754710326
0.162226401720431,184.848829201335,2074.7623811906,0.520626052059475
0.191884816181166,96.4375262265749,2064.55727863932,1.00444218300101
0.198070961916588,11.8923810771604,2052.70135067534,0.542828799544734
0.161484587899482,11.3570049730287,2057.65382691346,0.316366045120154
0.182190480174815,5.32637338722108,2050.15007503752,0.236844079154215
0.195027563055668,23.1921673069706,2056.60330165083,0.762037749957592
0.166944923343396,8.63941072106801,2054.95247623812,0.300936983016367
0.193276765056936,9.72180569368846,2052.25112556278,0.441649099923871
0.162022113176248,14.257340102472,2059.00450225113,0.350152317255526
0.194811536347312,129.353428603694,2065.45772886443,1.12561678471163
0.185791799732377,28.3702534600969,2059.00450225113,0.697892464223799
0.189868590920991,15.2772790540943,2055.10255127564,0.573554770978471
0.188780926337443,41.7258412370602,2060.65532766383,0.817186702121471
0.179137135337624,12.4888983567305,2055.40270135068,0.441961036073118
0.191612516018223,398.703605050255,2071.91095547774,1.11336285239006
0.15523403972942,8.54049161663095,2056.90345172586,0.248117938442305
0.130033828717924,13.5373258656811,2065.60780390195,0.179015810754755
0.184405544446159,193.562715148038,2069.65982991496,0.901594425936906
0.137432119255381,68.8588063220333,2075.66283141571,0.262100374026269
0.170973564961758,5.02834834499989,2051.20060030015,0.207198644283347
0.182617957075926,24.8512842698056,2058.70435217609,0.635125439479071
0.186799983256754,8.29812065000463,2052.10105052526,0.367094249002722
0.195866258803457,7.3530347199978,2050.45022511256,0.353206290561695
0.198854924660285,11.2269700901773,2052.4012006003,0.521851690702805
0.139148625404021,21.5815941337228,2066.65832916458,0.243462977032701
0.186866965632163,10.5379392096157,2053.45172586293,0.439471351662454
0.189009412053908,17.4908414355252,2055.85292646323,0.612231990473061
0.176688196799573,15.4987821679022,2057.05352676338,0.47057768752036
0.199669574118199,18.1056638759021,2054.65232616308,0.728895525749742
0.17017707669362,20.8487379146156,2059.75487743872,0.473563960479832
0.192363742534504,279.809023229049,2069.95997999,1.1085056414401
0.0681188312968082,14.0131778568844,2098.62431215608,0.0320811363706284
0.0991018254994414,2.2456281019818,2057.65382691346,0.0455629426282772
0.199095509862696,37.2943387037601,2058.40420210105,0.984545639037568
0.185426588917575,22.3402110602687,2057.80390195098,0.635599031244814
0.116162177322275,5.5454396587911,2062.0060030015,0.100201640202305
0.141875030948007,3.15409462760941,2051.95097548774,0.105145550321722
0.172687898661193,13.7336016436691,2056.90345172586,0.419743661700497
0.146532515061364,19.0686558202897,2063.95697848924,0.281208066097361
0.184395191938933,110.728920316933,2066.65832916458,0.863265312770832
0.193968015645437,19.2895159816518,2055.70285142571,0.694431263738015
0.180513406549885,5.10125365829453,2050.15007503752,0.224643339336728
0.198531431721222,27.9647958304035,2057.05352676338,0.876904691060532
0.0876959896896686,4.37935702804035,2069.50975487744,0.0483496257209348
0.121389401307689,6.34893199363231,2061.85592796398,0.117074777854275
0.17566599724888,42.6980067851428,2063.05652826413,0.622594373824747
0.112571512261753,1.87313095952011,2052.55127563782,0.0481507344080982
0.178638788290445,10.0925521055113,2054.35217608804,0.383884346598655
0.187409202745623,68.4634633145046,2063.50675337669,0.874201272095395
0.147300355974195,21.7687984609418,2064.70735367684,0.294214928329149
0.154546345165266,6.01097243209366,2054.65232616308,0.20040268304884
0.196111906520808,7.76645008964431,2050.75037518759,0.37281758835699
0.140672443540259,5.92506573979369,2056.90345172586,0.162565630027696
0.106481890194552,9.61049343596866,2070.26013006503,0.0937862997447114
0.196473113950228,40.6585876047624,2059.30465232616,0.94959800153591
0.161618687731772,18.1578643020893,2060.50525262631,0.380816721440776
0.162525331645668,5.04284557241036,2052.25112556278,0.193005322464158
0.177792191267615,17.9499612710559,2057.65382691346,0.515100166268076
0.184538484862017,19.0138370407198,2057.05352676338,0.586032248179674
0.143452303999954,16.3701822092467,2063.65682841421,0.252457369573966
0.165405165105749,44.7108167276501,2065.30765382691,0.503141351455367
0.139826040592529,6.55321042588835,2057.80390195098,0.169043563714557
0.150880951318565,7.63344674676951,2056.90345172586,0.218329793548215
0.194769906796991,16.0898367576997,2054.65232616308,0.637114164425427
0.103585856928341,124.601675131387,2096.3731865933,0.104018162389382
0.173496118059191,8.56511470172144,2054.05202601301,0.324529997503925
0.170337524446805,7.87905475386486,2053.90195097549,0.296118283916587
0.161809029344578,9.418754960271,2056.30315157579,0.2926121376006
0.189464734792426,22.1480927773524,2057.05352676338,0.687267428187675
0.0748007521751171,1.97844545312916,2064.70735367684,0.0259299534339517
0.194949484315358,37.8350640594363,2059.15457728864,0.904736886974354
0.183926668135939,5.65832869261085,2050.30015007504,0.253908118053841
0.139219536081046,4.84363370723389,2055.70285142571,0.140765144051488
0.158819203897957,4.17018228211692,2051.50075037519,0.158317862117297
0.142324562566069,9.0989179220007,2059.75487743872,0.204009564054795
0.065320272626617,4.81582467568853,2084.66733366683,0.0261016502177585
0.174796512066577,18.1056638759021,2058.25412706353,0.485688221978594
0.139027680620764,20.4327857832706,2066.35817908954,0.238770866969659
0.175050296717386,53.4480645187486,2064.4072036018,0.642394976693127
0.190171161063609,30.8405617924466,2058.70435217609,0.785950593384125
0.100030851088907,4.18220533158347,2064.10705352676,0.0639037639846065
0.19319819790493,126.408257241301,2065.60780390195,1.08689822454846
