0.102743921814309,1.54898606893921,2069.35967983992,0.0165686177113017
0.196934253809177,5.10125365829453,2056.75337668834,0.165416946399158
0.181323777694737,2.28475538672293,2054.50225112556,0.0870285251726384
0.176396105577411,2.0657547958787,2054.65232616308,0.0763980397238688
0.193384859222488,2.69996316651677,2053.90195097549,0.112415069993102
0.182209629118817,8.03944940844679,2061.40570285143,0.144367536783522
0.189508200396393,4.02857346483847,2056.45322661331,0.133304660319163
0.189722568419623,1.41265954868704,2050.75037518759,0.0653816918954586
0.0954345263408821,1.00577451078852,2067.70885442721,0.0015589268862428
0.15657289836351,10.4473164853735,2068.15907953977,0.0848380533769193
0.156615794757819,2.6460963359074,2059.30465232616,0.0628974723655188
0.157072132298485,10.1508316565282,2067.85892946473,0.0855399108266667
0.169830924895674,1.31834782642385,2052.85142571286,0.0517230974071438
0.141649966082108,1.39648494813358,2057.80390195098,0.0362504451911655
0.179739537192682,10.3574730860055,2063.20660330165,0.144773033710871
0.195221018839167,24.0766133741283,2065.00750375188,0.225766326095753
0.137232644961933,3.80316384938978,2066.20810405203,0.0456421970552992
0.194694260040982,2.52697328239242,2053.30165082541,0.110049575118695
0.16120582750755,1.41265954868704,2054.50225112556,0.049102529272996
0.171493216832607,2.96051892720402,2057.50375187594,0.0854070422938183
0.17669617463267,1.4455729400936,2052.55127563782,0.0596839759194729
0.189327446098552,3.02078648791353,2054.95247623812,0.114734033941118
0.162566904922442,5.72386552959968,2063.05652826413,0.0884719177712218
0.188209696746215,1.71814085427452,2052.10105052526,0.0766214399665762
0.197295673654474,16.7034315396448,2062.75637818909,0.227309796651322
0.167594748060365,1.23033252636976,2052.70135067534,0.0478947986136621
0.112682252608849,1.1028352210931,2062.75637818909,0.0188070665750193
0.161504599909653,1.34131840233837,2054.05202601301,0.0477592906068229
0.197948002493132,3.71657187129828,2054.95247623812,0.144910874716858
0.195733263527563,2.41321295951054,2053.00150075038,0.107220472138505
0.16082177387634,2.55624161321588,2058.40420210105,0.0664927914377664
0.151507857304142,4.18220533158347,2063.35667833917,0.0649722239268117
0.190479607719349,13.8129064745256,2062.90645322661,0.19073686698427
0.189906449180565,1.441417191251,2050.90045022511,0.0666540020020398
0.135673841231883,1.12853005133194,2057.35367683842,0.0294422038997264
0.144361928372116,1.00577451078852,2054.95247623812,0.0288928398122037
0.183907532910609,1.35295334494457,2051.20060030015,0.0602706214825766
0.197578974967277,71.6908725083659,2070.11005502751,0.25661610399309
0.075999619250682,1.00288309926358,2077.31365682841,0.00423027338447726
0.138889716623164,1.56242237457588,2059.15457728864,0.0365039244963479
0.162626110086313,1.21624552488348,2053.30165082541,0.0450961832761723
0.181686895302282,6.76406156642458,2060.50525262631,0.137705383501135
0.141905380081197,25.7990016756576,2078.51425712856,0.0617739259526655
0.180061391146583,22.598963573615,2067.55877938969,0.158410231199125
0.177199628514421,2.30457394564778,2055.10255127564,0.0827114533408263
0.199774247390109,66.5205358429982,2069.2096048024,0.274264552488947
0.194685476463539,53.4480645187486,2069.2096048024,0.235802862543328
0.198907858979327,1.65979714701382,2050.75037518759,0.0806656316506719
0.183203023322443,1.32596064017055,2051.20060030015,0.0587910570405671
0.174189523676544,1.24817094410403,2051.95097548774,0.0517747332867377
0.14694243154157,1.00288309926358,2054.50225112556,0.0101773405262282
0.192041009279698,2.78683513858361,2054.20210105053,0.112954341224972
0.121685480859784,1.00577451078852,2059.6048024012,0.0208095457989078
0.115767821690385,1.00577451078852,2061.10555277639,0.00702036682224001
0.171777267748477,39.5047358569031,2072.66133066533,0.132807106500571
0.150108966450005,2.90981894079874,2061.25562781391,0.0569630501498405
0.137820126315974,1.00577451078852,2056.15307653827,0.00250699008224753
0.1455335957523,3.80316384938978,2064.10705352676,0.0554147417942963
0.185786489054945,3.32185250376586,2056.00300150075,0.11392486359637
0.136689238353764,7.99329205722658,2071.76088044022,0.0503499085702266
0.198636389212518,51.1890764754063,2068.15907953977,0.26134345901031
0.196117670480458,1.50070065992818,2050.45022511256,0.0721579338799287
0.171612379741918,5.13071090257931,2060.65532766383,0.104424768211819
0.111372282557628,1.73804099143649,2067.40870435218,0.020963394931138
0.186585088090422,13.8527304550101,2063.65682841421,0.173579646071782
0.155807910777188,1.50936647207927,2055.85292646323,0.0472384537692738
0.182198909759774,4.7881753057283,2058.55427713857,0.124547638729909
0.192201027863853,1.90576794350953,2052.10105052526,0.0868228893376734
0.15625902288459,1.23387969717049,2054.35217608804,0.042058119478579
0.195680198573612,29.4521686931553,2065.90795397699,0.234719471031997
0.150393030017208,1.96708649096514,2058.55427713857,0.0495212342770103
0.173563922138724,1.34518555643637,2052.4012006003,0.0547603099728889
0.182458131582895,25.5036095217804,2067.70885442721,0.170004979055482
0.0949668917989471,3.48847535295163,2081.36568284142,0.0151434476793175
0.175372620502676,5.85722521042959,2060.80540270135,0.116148677995186
0.166200411636103,2.00713065465068,2056.00300150075,0.0648213361129135
0.1444350271288,2.73123512958793,2062.0060030015,0.0498153642221564
0.190943594998503,33.1421054672574,2067.40870435218,0.21210367418866
0.151830618589422,1.39247031798524,2055.85292646323,0.0428426555021812
0.184002838630364,27.6446058720117,2067.85892946473,0.176606696175416
0.184554189142016,8.71435120329488,2061.40570285143,0.155274740626932
0.170499600833856,2.65372529430481,2056.90345172586,0.0806729815179893
0.151595399454306,25.5036095217804,2075.36268134067,0.079180100186107
0.129001810507473,1.00867425853989,2057.95397698849,0.0100682690793646
0.142619767581903,1.90028922105573,2059.90495247624,0.0420841478595485
0.177504004402962,2.13836836392825,2054.65232616308,0.0795018148364787
0.178077538774117,3.72728711692345,2057.80390195098,0.105302240424225
0.188051455914266,1.50070065992818,2051.35067533767,0.0681321306088615
0.187084312367937,1.2267955530143,2050.30015007504,0.056032559519457
0.157824417348193,16.2294041616006,2070.71035517759,0.090310602214966
0.169031344349681,3.08228092099346,2058.10405202601,0.0834429350699845
0.183127049004515,10.2094477434412,2062.60630315158,0.153338897696538
0.197229237087217,3.02949571521225,2054.05202601301,0.126732093880627
0.170156349157082,1.43727338940046,2053.30165082541,0.055593910875995
0.192762159105527,1.7230944249062,2051.50075037519,0.0800580421063068
0.15428124287365,4.07523387938939,2062.60630315158,0.0684072718701218
0.198831881070047,1.53566531100084,2050.30015007504,0.0749039369876526
0.174228316841219,19.1787679790464,2067.85892946473,0.13617074079859
0.129233035036731,27.2495189410318,2083.76688344172,0.0436693128045621
0.147310617812642,4.65229147967714,2065.15757878939,0.0595672224386577
0.170567519180163,2.68446171339143,2057.05352676338,0.0806031792329151
0.178789707032251,4.55947384416678,2058.85442721361,0.114527239198638
0.199703847608607,35.0054797479944,2066.05802901451,0.261251049864953
0.171533982644791,2.07768351923393,2055.40270135068,0.0715331363464918
0.192721901185257,3.21830282695794,2054.95247623812,0.123369157518844
0.158677997038796,2.97761447568876,2059.75487743872,0.0677563887219621
0.164724167168352,6.49685502569923,2063.35667833917,0.0956650286830258
0.0860253210459563,2.82724106811333,2084.21710855428,0.0114632483606945
0.190986838519591,9.02067029565308,2060.50525262631,0.179488574339294
0.186281805358534,72.1048522251035,2072.51125562781,0.19669297931646
0.176297840121373,16.7034315396448,2066.65832916458,0.140610827557591
0.193829085521967,4.26734287669584,2056.15307653827,0.146735010388208
0.199178184515281,2.36506706799381,2052.55127563782,0.109235722914896
0.175213013971307,28.0454211126682,2069.80990495248,0.143570160173969
0.122224804226508,2.81100886708374,2068.15907953977,0.030092454448165
0.195604796065204,2.34472828861258,2052.85142571286,0.105037401650464
0.140781386664983,1.71814085427452,2059.45472736368,0.0393659563681215
0.185571146843749,6.31248050684326,2059.45472736368,0.146620449754544
0.184375166076054,1.14160110005127,2050.15007503752,0.051408413372509
0.167584026445619,9.47314366240347,2065.15757878939,0.107266295695788
0.102497368216838,1.00867425853989,2065.15757878939,0.0103130196471423
0.152910954200231,3.39924796097488,2061.70585292646,0.0632535127466386
0.164406503490261,62.0795038144005,2077.31365682841,0.111880279189919
0.195813772794488,6.72522667244931,2058.25412706353,0.181318965867615
0.196560954494761,29.7076444189603,2065.75787893947,0.241278900153689
0.167065482359521,1.2232687477884,2052.70135067534,0.0474964902312451
0.197304065330361,2.26510726072284,2052.55127563782,0.10375253014787
0.178695618490388,3.82512526006857,2057.80390195098,0.10809601021685
0.112888074018148,1.86774606222357,2067.55877938969,0.0221169996252431
0.0940015174963964,1.00577451078852,2068.30915457729,0.00906031460592567
0.177611022651954,3.12697047724319,2056.90345172586,0.0967257038507113
0.193121342800334,1.89482624889294,2051.95097548774,0.0870130330679112
0.177515800460554,3.83615347588896,2057.95397698849,0.106603457479788
0.189520096091296,3.70588742997801,2056.00300150075,0.128293051754818
0.187471934231669,9.72180569368846,2061.55577788894,0.167710232707099
0.102017221913406,1.00867425853989,2065.30765382691,0.00966715900739321
0.199807569194154,5.14550325140415,2056.30315157579,0.176176642745705
0.180483369169388,1.50936647207927,2052.25112556278,0.0642661055689205
0.199185784033023,8.96887940476934,2059.30465232616,0.208693150759277
0.188321579302749,1.20578622343754,2050.15007503752,0.0555683202407083
0.172681537818188,27.0930697176532,2070.26013006503,0.133170207851579
0.190205029149865,71.8975644100998,2071.6108054027,0.217025684262719
0.119829833449996,3.00344307348301,2069.35967983992,0.0290742383933357
0.165889345054511,2.63848930932274,2057.65382691346,0.0741839674391247
0.190429725153945,1.57144459943409,2051.35067533767,0.0723209627701607
0.178848496007195,5.38806539618403,2059.75487743872,0.121411288374284
0.18956284952192,7.08292353206951,2059.45472736368,0.163826053128536
0.142620662927089,19.9101608535235,2076.56328164082,0.0613587580733408
0.125365139188092,1.00288309926358,2058.70435217609,0.00345963555043149
0.198271694695032,2.99480874260266,2053.75187593797,0.128567680044175
0.182678877367999,1.14160110005127,2050.45022511256,0.050855746977666
0.163814559707589,6.8227347852315,2063.95697848924,0.0933031915793608
0.193908475497933,8.78994173863968,2059.90495247624,0.189447884069867
0.196008271408847,1.8570226648111,2051.65082541271,0.0873827779150356
0.051463044637676,1.00867425853989,2099.97498749375,0.001712984462101
0.181371805528344,98.1178305232072,2075.36268134067,0.175275167060518
0.187862999256207,2.2008256876077,2053.45172586293,0.0921350787092709
0.191207610121782,2.60078095318014,2053.90195097549,0.107373413280656
0.157965116856648,2.10780755947618,2057.65382691346,0.0582294312693655
0.149864402390262,1.00577451078852,2054.05202601301,0.0133115552552631
0.195959209528942,3.26496454563336,2054.50225112556,0.131393399680285
0.186158735204619,1.81474121907939,2052.55127563782,0.0787390626606831
0.101947954639227,1.00577451078852,2065.30765382691,0.00632434271589857
0.185149128429792,5.08658851868221,2058.40420210105,0.134784200385348
0.172873014597139,4.01699207793678,2059.00450225113,0.0992086401526201
0.195247997934631,11.7224193723862,2061.25562781391,0.205433425962982
0.191964700300698,13.3054941313703,2062.45622811406,0.195897256427701
0.137465193351938,6.22226476776323,2069.65982991496,0.0501574431487962
0.108618310887887,9.28414544519475,2084.06703351676,0.0236680323980039
0.189568665417915,1.51371812544339,2051.20060030015,0.0696023896368926
0.177327423668463,14.505756572389,2065.60780390195,0.142773386119494
0.170333723285334,9.50045567592029,2064.55727863932,0.115154791200787
0.177948126431154,4.65229147967714,2059.00450225113,0.114922310386247
0.176457248537264,13.7336016436691,2065.45772886443,0.13931127390501
0.18904892894861,12.3814980416064,2062.60630315158,0.18045783135279
0.199978343661421,3.23688695135292,2054.05202601301,0.136845168218277
0.0809660764449511,1.00577451078852,2074.46223111556,0.00202745828196028
0.190187990865564,3.27437776251048,2055.25262631316,0.121447369130663
0.159311550524936,3.72728711692345,2061.10555277639,0.0733894260341821
0.159639987795761,1.43314150019665,2054.8024012006,0.0486773951891174
0.185053688789316,15.4542261000141,2064.4072036018,0.173486621341065
0.190277593158729,8.99473757437633,2060.65532766383,0.175389727612877
0.159628290585617,1.05622377499757,2052.85142571286,0.039009793589327
0.115204308091576,1.00577451078852,2061.25562781391,0.0169456824112151
0.140405862433794,13.7336016436691,2074.61230615308,0.0570945206912431
0.174314718361364,2.44820179377353,2055.85292646323,0.0822597080287183
0.151619549057925,4.70617602490094,2064.10705352676,0.0668972592773849
0.194394687302578,2.09570588324384,2052.4012006003,0.0953150489225515
0.168172650565487,1.46653209822205,2053.75187593797,0.0549649807155527
0.0812054488089295,1.00577451078852,2074.31215607804,0.00654002889104442
0.198604121752544,10.1508316565282,2060.05502751376,0.211617476035834
0.148216914292094,6.51558610363938,2067.10855427714,0.0654036431404448
0.119225781333344,1.5896456468007,2064.10705352676,0.0246656405102016
0.18024102714017,8.32204495553973,2061.85592796398,0.14117880906438
0.184295626086649,28.864569943014,2068.00900450225,0.179140517309025
0.198433250112292,7.45964533309522,2058.40420210105,0.197106116649509
0.154898500118953,1.32214875407135,2055.10255127564,0.0431536728988473
0.0934551831339746,6.7058929175172,2089.31965982992,0.0150557969447689
0.194710154240059,4.37935702804035,2056.30315157579,0.148659296974554
0.175437547434265,2.68446171339143,2056.30315157579,0.0871561093792026
0.167171187833831,6.98169689372975,2063.35667833917,0.101717322262193
0.185847468053994,10.690727303607,2062.30615307654,0.165900729103314
0.174846285898687,2.17562678075294,2055.10255127564,0.0774814896036339
0.148870820975311,1.66458250694606,2057.65382691346,0.0447580471110087
0.181505901442698,1.57144459943409,2052.4012006003,0.0668085295675146
0.15566887932582,1.05318733137807,2053.45172586293,0.0371890665431557
0.188092053406649,6.15102138343189,2059.00450225113,0.151132429541355
0.181764371229171,1.0808326105459,2050.15007503752,0.0479624119598875
0.147893198019367,1.00288309926358,2054.35217608804,0.014781301627006
0.188647406292701,3.6740180475533,2056.15307653827,0.124941549153226
0.198851270042551,7.54604567969013,2058.40420210105,0.199390349605741
0.180168672749847,10.5379392096157,2063.20660330165,0.146939418089914
0.160357452646333,6.27623830106248,2064.10705352676,0.0856212469299526
0.165546215087417,6.04568285725226,2062.75637818909,0.0959464605260067
0.190199370765579,6.47817779606607,2059.00450225113,0.158891454172669
0.162707134693329,4.21848286189654,2061.10555277639,0.0826120704360034
0.145383401730066,2.25210247070889,2060.50525262631,0.0474690977821918
0.183482749666781,3.33142973427318,2056.30315157579,0.110364309596505
0.131006336237289,1.0232988843187,2057.50375187594,0.0258844191368762
0.183101952820485,1.33361741419236,2051.20060030015,0.059084774414241
0.0755557049573835,1.00577451078852,2077.61380690345,0.00664928982751062
0.181289887624804,22.4046201063247,2067.25862931466,0.163025056070696
0.148989439658803,2.66137624774655,2060.95547773887,0.0536898077389853
0.159654493934161,1.00288309926358,2052.55127563782,0.00339183992627132
0.179146305350024,3.55949057200184,2057.35367683842,0.10541824705686
0.179571968830133,1.83576021707557,2053.45172586293,0.0739178197114369
0.191773363713408,4.0401882420282,2056.15307653827,0.13852346625726
0.137261665847691,1.31077872056062,2058.25412706353,0.0325128606383194
0.155685844771064,19.9101608535235,2072.66133066533,0.0857725463244572
0.187036830797946,1.50070065992818,2051.50075037519,0.0676967166701303
0.189298647081907,13.1910713679069,2062.90645322661,0.183307499487691
0.183005339508892,27.884402330579,2068.00900450225,0.175539783736632
0.173576205113429,1.90028922105573,2054.50225112556,0.0700271733177951
0.186617464208102,31.3779203344798,2068.00900450225,0.189653870526564
0.187826408934701,2.57100265798945,2054.35217608804,0.10161512488641
0.196031877337539,32.5745345994639,2066.35817908954,0.238592363391744
0.194100844005516,1.95017021036364,2052.10105052526,0.0895323741943685
0.197426644319877,2.58584894057531,2053.15157578789,0.114742203436011
0.178302890493473,36.8673277993992,2070.71035517759,0.155731270924118
0.19743464005097,1.95579274466099,2051.65082541271,0.0926706127019715
0.0894757377670696,1.00867425853989,2070.26013006503,0.0042247346794806
0.188560233351279,4.82970917626452,2057.65382691346,0.140113390829802
0.190598356120608,7.12382395041967,2059.30465232616,0.167878105515055
0.172657059632279,2.33798763817471,2055.85292646323,0.0780834609038967
0.1922426488712,8.22675961020021,2059.90495247624,0.177806361221703
0.14571655894825,8.34603823722249,2069.50975487744,0.0630696274760023
0.12163260365056,1.00577451078852,2059.6048024012,0.0213960054873429
0.130982944407937,1.00577451078852,2057.50375187594,0.0163248388118334
0.198989432656218,5.67464221589759,2057.05352676338,0.177925832765424
0.153079129647624,29.3674992776149,2075.81290645323,0.0831410281318879
0.191216617685684,8.01633751167032,2059.90495247624,0.173619475894215
0.174700740557537,2.99480874260266,2057.05352676338,0.0906866982868906
0.133947751873317,3.70588742997801,2066.8084042021,0.04246568195738
0.199474357902143,2.29134256329585,2052.25112556278,0.10744037661646
0.139955615429761,8.66431899975565,2071.46073036518,0.0544384956772389
0.182930691189064,2.92662172166501,2055.70285142571,0.102241066108859
0.195661577760229,1.92784124639408,2051.80090045023,0.0902329010357042
0.146134335706845,1.00577451078852,2054.65232616308,0.0306709269218585
0.187452772324572,2.71555413295041,2054.65232616308,0.104938888491575
0.193879408222705,13.4984086137474,2062.15607803902,0.206495308427712
0.19383344605149,3.94819959636536,2055.85292646323,0.139873090723152
0.14802522360062,1.92784124639408,2058.85442721361,0.0470799599725401
0.143292996241837,2.89311263070037,2062.75637818909,0.0490295544752147
0.188503650050255,6.88191695070772,2059.45472736368,0.159459137705693
0.162924787551564,3.17230798106454,2059.30465232616,0.0756603584631514
0.193150261687681,7.24794774808137,2059.00450225113,0.177396492216533
0.193075367712571,2.33126636583218,2053.15157578789,0.101488008225951
0.174388909866547,7.65545473146367,2062.45622811406,0.122180491142664
0.175540209654834,1.14489244934213,2051.20060030015,0.0485174523500818
0.174176830988037,1.8199732981517,2054.20210105053,0.0684706176195125
0.0568645044445599,1.00288309926358,2093.2216108054,0.00297640130961534
0.191956510232994,21.7687984609418,2065.00750375188,0.20990302376265
0.170791277745613,4.45566189315493,2060.05502751376,0.0975431454583491
0.1216527627579,1.00577451078852,2059.6048024012,0.0059275097045618
0.18824843961157,2.77083492243083,2054.65232616308,0.107130447987992
0.186930977545666,1.54453302690677,2051.65082541271,0.0692662856954651
0.16741622418746,2.25210247070889,2056.45322661331,0.0705802965650251
0.161887839574319,1.65026765861521,2055.40270135068,0.054644959233413
0.163156351466275,1.12853005133194,2052.70135067534,0.0428415022266955
0.177005518113706,2.77083492243083,2056.15307653827,0.0914929710737064
0.189165305034313,30.3124057150643,2067.25862931466,0.203081821975538
0.144918933395514,2.39246014169509,2060.95547773887,0.0482604488726286
0.199527715580969,5.52949756842363,2056.75337668834,0.179923956661448
0.131351038311843,2.52697328239242,2064.55727863932,0.0368619814799314
0.0916732970480142,1.86774606222357,2076.26313156578,0.0127912385199119
0.181655961288889,16.6554123326141,2065.45772886443,0.162116435308875
0.197500877793655,20.1407676346358,2063.65682841421,0.235082843404523
0.171803817178055,6.36723659478765,2061.85592796398,0.111119618071628
0.191370823818761,11.1304219326752,2061.55577788894,0.189235555143221
0.195392254579877,8.84069935203988,2059.75487743872,0.194062902276875
0.189617800107116,7.56780167843215,2059.90495247624,0.16444674184819
0.139001035761203,2.46943812909056,2062.60630315158,0.0427072866225134
0.194390963484869,69.8571804408421,2070.56028014007,0.240514904204202
0.178548073734616,1.12853005133194,2050.75037518759,0.0489125284768081
0.123052506216968,2.38558227120577,2066.50825412706,0.0297566941711071
0.135393773218599,1.00577451078852,2056.60330165083,0.00184779453907634
0.178078262659058,1.42081696649143,2052.25112556278,0.0596798916076996
0.183579014681605,2.96051892720402,2055.70285142571,0.103649535807585
0.157566727588118,12.1344753910871,2068.90945472736,0.0877900410196888
0.169946326620429,13.4984086137474,2066.65832916458,0.120326171630452
0.18897536088928,10.9713498785374,2061.85592796398,0.179789781693734
0.189300050538022,4.26734287669584,2056.90345172586,0.134558701601377
0.11186580034844,1.00288309926358,2062.15607803902,0.00799897152420435
0.196831783420783,96.4375262265749,2071.76088044022,0.254765299248689
0.144863006370074,4.00544398533237,2064.55727863932,0.0556412061862884
0.141958544996469,2.55624161321588,2062.15607803902,0.0460406566554276
0.176020657692097,7.20633469066447,2061.85592796398,0.124086998631393
0.159435052295449,6.74461616851603,2064.70735367684,0.0854612320882068
0.135767261057679,1.12528574084121,2057.35367683842,0.0293393878703403
0.193122667308242,10.0057595601981,2060.80540270135,0.189252703843652
0.120757998634371,5.31106107095859,2073.86193096548,0.0320803695972394
0.185931900501074,2.47655776434198,2054.35217608804,0.0972192744663882
0.0724509241482578,1.43727338940046,2084.81740870435,0.00702978623234347
0.199187084190034,2.83539228475476,2053.45172586293,0.12450096892638
0.157360596458771,6.24020417473294,2064.70735367684,0.0800482964359901
0.194858254997942,3.71657187129828,2055.40270135068,0.137929596960823
0.184793616797852,4.0518365057735,2057.2036018009,0.122967644524188
0.193728269920033,4.77441020717598,2056.75337668834,0.153960577020558
0.199432147019595,38.4942931291769,2066.50825412706,0.265107718596408
0.0928978570119765,1.00577451078852,2068.75937968984,0.00929349206934382
0.113555229390647,1.00577451078852,2061.70585292646,0.0183489925599861
0.155216450421438,1.68386231169735,2056.60330165083,0.0499686987081282
0.164818890489626,4.13432012050498,2060.65532766383,0.0851281695781889
0.166262302319842,2.11388457789867,2056.30315157579,0.0666822342572631
0.199181711811078,2.00136053357019,2051.65082541271,0.0956667027029369
0.179378901976298,12.0648070327153,2064.10705352676,0.147510719321462
0.186012165824497,3.18145405986858,2055.70285142571,0.112002986201372
0.152746467911827,1.00577451078852,2053.60180090045,0.00319860940899793
0.141879168868988,1.00577451078852,2055.40270135068,0.00248534290065166
0.160488928552109,3.41887695499837,2060.20510255128,0.0742331860687825
0.190914856424211,3.34103457688672,2055.25262631316,0.124293162390859
0.186298047746603,8.08587329578959,2060.80540270135,0.156114837031383
0.152557725192208,5.28056837192541,2064.70735367684,0.0694854234292809
0.171615205817149,8.58980877761041,2063.65682841421,0.117386375429601
0.101226372050028,1.00867425853989,2065.60780390195,0.00389878274538193
0.192387897355995,10.5683211343905,2061.10555277639,0.191373889341348
0.173657596594964,2.5933041997516,2056.30315157579,0.0837965151810458
0.188545327808439,3.12697047724319,2055.25262631316,0.115389175755228
0.0868676214998953,1.00867425853989,2071.46073036518,0.00306935741843821
0.195389644574222,1.669381663546,2051.05052526263,0.0795136033117014
0.101869822686434,1.00288309926358,2065.30765382691,0.0055602033934274
0.115090333026147,1.00288309926358,2061.25562781391,0.0164428541726745
0.162789637643013,2.90145376159538,2058.85442721361,0.0724234249822847
0.185507838442931,4.3416960341386,2057.50375187594,0.127612358333953
0.199915769904101,7.83381828565906,2058.55427713857,0.202402766836662
0.166990375521296,3.68461060628057,2059.6048024012,0.0851689675776625
0.156868510060256,2.82724106811333,2059.75487743872,0.0642507780202352
0.196426615015084,5.17521601544173,2056.90345172586,0.164942269478158
0.166530873541093,1.45811221351425,2053.90195097549,0.0538024252431167
0.157814368289962,1.81474121907939,2056.60330165083,0.0544109927056422
0.134639463883134,3.97099851752979,2067.25862931466,0.0431360138886483
0.114739946899945,1.00867425853989,2061.40570285143,0.0172530395454207
0.142782203614173,1.28093437865255,2056.90345172586,0.0354438653136127
0.165398134989193,85.9475612968492,2078.96448224112,0.11611175897766
0.173929999804183,8.06262793911584,2062.90645322661,0.12108146102042
0.183028907734684,3.51873529007318,2056.75337668834,0.111474407620245
0.182080706281693,22.0209326641103,2066.95847923962,0.167053654086868
0.195861763820019,1.40051115285914,2050.15007503752,0.0672942212517134
0.135330582360541,1.00288309926358,2056.60330165083,0.0262780065855074
0.0779976177958953,1.00288309926358,2076.11305652826,0.00490395249412075
0.171104810655653,3.43861929685961,2058.40420210105,0.0905315946021946
0.199024799317427,4.41734470314007,2055.70285142571,0.160900516343806
0.180468532217848,1.69358579278262,2052.85142571286,0.0704421609134077
0.193615629365352,2.86823283751515,2054.20210105053,0.117133456469874
0.155612453432664,1.00288309926358,2053.15157578789,0.0215033115830897
0.189133331172194,1.43727338940046,2051.05052526263,0.0661142021306047
0.129023215332807,1.00867425853989,2057.95397698849,0.00797055091568306
0.198827585719634,28.5340777947752,2065.15757878939,0.252904998676402
0.188857049022559,1.65026765861521,2051.80090045023,0.0744800878687308
0.17430425605133,8.54049161663095,2063.20660330165,0.122679012490838
0.188319428992549,3.36032741709575,2055.70285142571,0.119326853410974
0.188359184467946,4.52026390637434,2057.35367683842,0.135538829785482
0.174138330712996,1.63607591315362,2053.60180090045,0.0636223614534571
0.189722074858676,17.0434648578319,2064.10705352676,0.194412837925077
0.182050455590683,10.4774371358388,2062.90645322661,0.151310760289919
0.184540567532921,3.71657187129828,2056.75337668834,0.118088667080423
0.160790864553594,1.10920355497526,2053.00150075038,0.0410770963128862
0.181009234078864,12.0648070327153,2063.80690345173,0.152917983923195
0.188533150294077,4.11058351166975,2056.75337668834,0.131563383144656
0.16495470867117,6.51558610363938,2063.35667833917,0.095861180405434
0.183439320954896,7.20633469066447,2060.65532766383,0.14310781937521
0.19848066389719,5.87411217212038,2057.2036018009,0.180875936939434
0.192522404488082,4.760684680679,2056.90345172586,0.150681013541783
0.171357635732744,10.9398093223365,2065.15757878939,0.120617547311894
0.160126610685496,2.66137624774655,2058.70435217609,0.0672594608507778
0.142605404947444,1.00288309926358,2055.25262631316,0.0289417513465395
0.133974218517526,4.0518365057735,2067.55877938969,0.0427802353478541
0.134564040297621,1.00288309926358,2056.75337668834,0.00590379213860314
0.171959051908941,2.90981894079874,2057.35367683842,0.0851942730645067
0.151105230936579,3.52888015319671,2062.30615307654,0.061703048283473
0.160734441860307,1.00288309926358,2052.4012006003,0.0325553232572895
0.165226937172533,1.00288309926358,2051.80090045023,0.0173250403511365
0.189288802142694,9.0989179220007,2060.80540270135,0.174167633391294
0.188886306384469,2.08367368705817,2053.00150075038,0.089677063926151
0.193878698889552,26.7828608064846,2065.75787893947,0.222924973128023
0.14534376515708,1.00577451078852,2054.8024012006,0.00639625053474107
0.141882279545746,3.10007958542497,2063.50675337669,0.048760817603118
0.183239708372532,2.13222095925085,2053.90195097549,0.0850907650277478
0.199799851695182,4.84363370723389,2056.00300150075,0.171315849909019
0.168488897580185,2.31788173275986,2056.45322661331,0.072855615724441
0.144588602549749,2.18818996107018,2060.50525262631,0.0460834806793788
0.182555605872487,64.2616671010127,2072.81140570285,0.176672785135286
0.118676187051428,2.56361151152847,2068.45922961481,0.0272427404450183
0.15313832992244,1.5850757161707,2056.60330165083,0.0466935690939509
0.151264017160427,1.57597523020146,2056.90345172586,0.0451282663586451
0.179780605655114,9.94831291991456,2063.05652826413,0.142101479776831
0.199521641087681,2.92662172166501,2053.60180090045,0.127581700075826
0.195789023977836,4.59902389909696,2056.30315157579,0.156392568992557
0.17106728715632,18.9591758547749,2068.45922961481,0.126705798053842
0.190656311836062,3.35066711121492,2055.40270135068,0.122935720532624
0.18283843787603,6.80312071291408,2060.35517758879,0.141082980885475
0.198161138557916,6.98169689372975,2058.10405202601,0.191725887866912
0.177789513873383,16.8968968064112,2066.35817908954,0.147127927700022
0.177578793815929,37.8350640594363,2071.01050525263,0.153472944341957
0.178850683744394,2.15071639511557,2054.50225112556,0.0811761838152413
0.128888376280092,9.47314366240347,2075.66283141571,0.0414656715450571
0.194899024030463,3.24621921773864,2054.65232616308,0.128582535673352
0.155481767864086,6.78356302734552,2065.75787893947,0.0768409890111393
0.192233226241663,10.9713498785374,2061.40570285143,0.190275620652534
0.18686044257858,1.92229906736858,2052.85142571286,0.0826847875871737
0.176219673240896,4.98510624458552,2059.75487743872,0.112592574309533
0.146065872234634,1.00288309926358,2054.65232616308,0.0255161957083222
0.191565470298299,1.85168407581574,2052.10105052526,0.083856628903945
0.18525438561823,45.620999005745,2070.26013006503,0.18902880898707
0.147202007585302,1.75817161928149,2058.40420210105,0.0444486657134058
0.122985237657308,1.00867425853989,2059.30465232616,0.0106104508647644
0.197416167983593,5.67464221589759,2057.2036018009,0.174559020197855
0.180697930038558,1.33361741419236,2051.50075037519,0.0580120433284717
0.0856687320087069,1.00867425853989,2072.06103051526,0.00130725490439921
0.160547068201999,1.32596064017055,2054.20210105053,0.0465902586769434
0.188631040752794,45.0986499114755,2069.50975487744,0.204012445595957
0.158710985433635,1.00288309926358,2052.70135067534,0.0284587065264182
0.169141340830333,1.06538573309788,2051.65082541271,0.0430559076029981
0.151713527292109,1.00577451078852,2053.75187593797,0.0174831980602259
0.158463444228492,13.4596032415536,2069.35967983992,0.090429897561532
0.175826602571039,33.9142795486171,2070.71035517759,0.148319911427561
0.160460609335688,15.9514695864158,2069.95997999,0.0959174586876392
0.18750672566387,8.370100693918,2060.65532766383,0.164534577286724
0.0969776619123907,1.00577451078852,2067.10855427714,0.00298086620592653
0.167470905418253,1.4249133228412,2053.60180090045,0.0535103196704957
0.146362349547086,31.8328643748612,2078.51425712856,0.0695315111760721
0.189452319796769,1.59882507273807,2051.50075037519,0.0730515835565745
0.0964319430732301,1.57597523020146,2072.06103051526,0.0142101563178424
0.194905061278126,143.06680704941,2074.16208104052,0.246754339807804
0.187394717203752,2.35826794741131,2053.90195097549,0.0959197892160006
0.143695493489355,2.03623175886238,2060.05502751376,0.0445998307998979
0.188421325982021,30.3124057150643,2067.40870435218,0.199396729306833
0.195501052940747,5.2653877364201,2057.05352676338,0.164623922670517
0.170979976449927,3.83615347588896,2059.15457728864,0.0932059683438765
0.116823807593815,1.00288309926358,2060.80540270135,0.00912992593148556
0.166122998324158,1.54453302690677,2054.35217608804,0.0554952214404187
0.195708395471273,3.85830538552188,2055.40270135068,0.143333256741283
0.150652318593952,4.74699861247518,2064.4072036018,0.0653934361676875
0.15537886849811,1.16149208345279,2054.05202601301,0.0399944395620505
0.185851682542046,7.22711126890421,2060.20510255128,0.151856175710001
0.122679851421171,1.08394875824941,2059.90495247624,0.0228866743927851
0.192222910519592,6.7058929175172,2058.85442721361,0.167554270035696
0.162224219087274,6.0805937181354,2063.50675337669,0.0888426872571117
0.199770152459792,18.1056638759021,2062.75637818909,0.242970522504297
0.19491915680661,15.2772790540943,2062.60630315158,0.216128325940148
0.199956120741029,16.3701822092467,2062.15607803902,0.242859852954756
0.189608419742991,2.6460963359074,2054.20210105053,0.106415311208051
0.194194774596122,13.1910713679069,2062.0060030015,0.206375859525302
0.0943997392892399,1.00867425853989,2068.15907953977,0.00564880250471313
0.155713817321165,4.74699861247518,2063.35667833917,0.0726035352699423
0.13593225529087,4.21848286189654,2067.25862931466,0.0454522620221852
0.196212320350297,6.01097243209366,2057.65382691346,0.174929133913051
0.159577165493355,2.01872085226992,2057.05352676338,0.0588745980301587
0.174401215505428,6.38559396992509,2061.40570285143,0.117396719268593
0.193799151101314,25.8733827583896,2065.60780390195,0.221316179209095
0.170831008851686,3.85830538552188,2059.15457728864,0.093686476388507
0.164330084224419,17.5412692675873,2069.50975487744,0.107638198709785
0.136136614800002,1.00288309926358,2056.45322661331,0.0177831642775264
0.0914937287628844,1.00867425853989,2069.35967983992,0.00961454545889364
0.173363362839991,2.09570588324384,2055.10255127564,0.0741473529386769
0.199431354032479,14.053579239644,2061.55577788894,0.230896417274191
0.196211178444066,8.39423252506469,2059.30465232616,0.196219149299026
0.199951710772916,4.17018228211692,2055.25262631316,0.159167959140235
0.180821870551851,35.3091263296414,2069.80990495248,0.167998432747747
0.141989512668745,7.65545473146367,2069.95997999,0.0567965204058919
0.146560077624877,3.43861929685961,2063.20660330165,0.0551066132948968
0.160995638456371,3.91424641100743,2060.95547773887,0.0780915592840068
0.137341899047222,64.6327467909754,2086.91845922961,0.0550283081128088
0.171536296219176,1.73304445225245,2054.20210105053,0.0644531805299912
0.169929962512332,1.32214875407135,2052.85142571286,0.051932009548895
0.199985249058409,6.33068001474387,2057.35367683842,0.191646182191154
0.197747940558449,1.59422875299434,2050.60030015007,0.0773428062617896
0.140054416362555,1.00288309926358,2055.70285142571,0.0112334011157186
0.198285570724358,3.77045792255574,2054.95247623812,0.147191403684101
0.181353357542779,3.32185250376586,2056.60330165083,0.106547728758051
0.172811101055159,5.92506573979369,2061.25562781391,0.111541356065618
0.152466949806311,6.33068001474387,2065.90795397699,0.0717578012780937
0.166484685265492,2.37188579111585,2056.90345172586,0.0713280020781745
0.197234352990936,30.1383713644719,2065.75787893947,0.243163036127287
0.191039434706544,1.47925317679908,2050.90045022511,0.0688230265902782
0.172744129703047,7.4811522310616,2062.75637818909,0.11524493614759
0.171468511874286,2.81100886708374,2057.2036018009,0.0833539435625028
0.187416070845832,3.6424227310724,2056.30315157579,0.121618408195883
0.141845239606428,1.12853005133194,2056.15307653827,0.0324533222486117
0.148474135437964,6.09812467340626,2066.65832916458,0.0646725218293259
0.137658468054914,1.32596064017055,2058.25412706353,0.0329035907664126
0.189063655527495,2.31788173275986,2053.60180090045,0.0967161380096114
0.167497645708706,4.18220533158347,2060.20510255128,0.0904086477803875
0.197323449512638,6.7058929175172,2058.10405202601,0.184264483449988
0.198732591180179,32.7626366009394,2065.90795397699,0.253663420377292
0.124974178676704,1.00867425853989,2058.85442721361,0.0167983615948652
0.194388899211578,11.2269700901773,2061.10555277639,0.202070127185058
0.132345397313767,2.90145376159538,2065.45772886443,0.038585389710811
0.173223791011438,7.6115020308696,2062.75637818909,0.117045788972989
0.148843667291022,11.9266679922861,2071.16058029014,0.069774812554258
0.185266226260845,2.31788173275986,2054.05202601301,0.0924577468365775
0.192110769402928,12.0301229939707,2061.85592796398,0.194521506107333
0.179714923111314,5.70741049859425,2059.90495247624,0.126097954209417
0.157968785643508,4.92802801770652,2063.05652826413,0.0775065044068821
0.16328664120562,4.84363370723389,2061.85592796398,0.0866982121832798
0.166350642550139,1.00288309926358,2051.65082541271,0.0271715947073328
0.168443724222859,2.96051892720402,2057.95397698849,0.0812943432072453
0.178894082075331,27.7243080148432,2068.90945472736,0.157354857617705
0.17784998195901,1.74807732789242,2053.45172586293,0.069730862731015
0.189101729991012,3.46844676966084,2055.70285142571,0.123229563559788
0.144340365193222,1.00288309926358,2054.95247623812,0.00507932198936763
0.199462420887767,9.02067029565308,2059.30465232616,0.209891322308432
0.193848706399703,1.96708649096514,2052.10105052526,0.0902918239199117
0.199036640227294,1.55793070570556,2050.30015007504,0.0762540370716002
0.17667946527252,3.00344307348301,2056.75337668834,0.0939112263020973
0.169747450253396,11.8923810771604,2066.05802901451,0.116213703234731
0.14293313667848,27.3280820090234,2078.66433216608,0.0627626126964761
0.174801935887424,2.36506706799381,2055.70285142571,0.0804548520560858
0.104519347116352,1.00288309926358,2064.4072036018,0.00384589854047729
0.153360523201342,1.3686237465133,2055.55277638819,0.0431161066626372
0.147485990256638,10.327697309498,2070.56028014007,0.0666499123261239
0.124536474650932,1.02920793476607,2059.00450225113,0.023169990242196
0.196651806716562,3.0557743442915,2054.05202601301,0.127426386733283
0.194807254532654,4.65229147967714,2056.60330165083,0.152792670478761
0.166710057576777,24.2156440378081,2071.01050525263,0.114446347324138
0.122212623346396,1.00288309926358,2059.45472736368,0.00467170420614272
0.16980426333376,1.20578622343754,2052.25112556278,0.0483168611088475
0.193785943075549,8.27426512232383,2059.6048024012,0.186122279044693
0.18660473031663,7.06256146630704,2059.90495247624,0.154388828975059
0.165677271135784,1.96708649096514,2055.85292646323,0.0640611577023219
0.198634193377993,4.59902389909696,2056.00300150075,0.162235620820644
0.163941315559327,1.47500060364494,2054.35217608804,0.0523620331610868
0.144240636741778,2.12609122719942,2060.35517758879,0.0453705297557045
0.191498300935316,10.0635379267258,2061.10555277639,0.182973638911575
0.175394976148514,6.76406156642458,2061.55577788894,0.121668719595019
0.175802704899164,15.4987821679022,2066.35817908954,0.137388025507411
0.186797103028517,12.169460288151,2062.90645322661,0.171294611365522
0.13020256712736,34.1101179217553,2085.11755877939,0.0449221916020033
0.138851638242389,1.31455782572457,2057.95397698849,0.0334506846489886
0.0811487378744068,1.54453302690677,2079.86493246623,0.0092149265093408
0.181463703951595,3.09116744284691,2056.15307653827,0.103324670398753
0.176409217000545,1.4920846013006,2052.70135067534,0.0610641215772202
0.176838201585443,2.65372529430481,2056.00300150075,0.0886487229709826
0.179626958566285,1.33746236557711,2051.65082541271,0.057647552067411
0.0944482030926845,1.00867425853989,2068.15907953977,0.00134327900270309
0.15391156541215,6.76406156642458,2066.05802901451,0.074448700178371
0.0825261103977156,1.00288309926358,2073.56178089045,0.00498715142574379
0.199735608358563,2.16313573014221,2051.95097548774,0.102656508738598
0.189545290028933,7.81129753947542,2060.05502751376,0.166343614639035
0.192495659254892,4.48139116082693,2056.60330165083,0.146719054687012
0.19383953334438,10.4172824260824,2060.80540270135,0.196410896986492
0.194712477099593,4.95648496866088,2056.90345172586,0.157534273510656
0.158479675817183,1.14489244934213,2053.60180090045,0.0408596576891448
0.179532046288417,1.30325307163827,2051.50075037519,0.0562232199533927
0.190581497497422,52.9884291843805,2069.95997999,0.215207375537524
0.196898914394982,17.4405585739443,2063.05652826413,0.226342107207222
0.152370026689437,1.40051115285914,2055.85292646323,0.0432194520140619
0.155548565261674,5.59354223610883,2064.4072036018,0.0752676652404335
0.164713663290448,1.0684573459204,2052.25112556278,0.0415327143832486
0.162500387840636,3.35066711121492,2059.75487743872,0.07627048867172
0.14979298580127,3.43861929685961,2062.45622811406,0.0593137628378236
0.199118969316573,2.0598161414781,2051.80090045023,0.0981709128077651
0.199943287088504,4.8997344482741,2056.15307653827,0.170484870508686
0.136290308410896,1.25537852068667,2058.10405202601,0.0312949595044544
0.171361756209361,3.19982540066046,2057.95397698849,0.0882448758523725
0.182759827991478,5.59354223610883,2059.30465232616,0.132909628356496
0.171079911322119,1.97844545312916,2055.10255127564,0.0694004570336685
0.175435075526842,5.11596107896008,2060.05502751376,0.111574355058515
0.199292143830933,4.45566189315493,2055.70285142571,0.162437555616669
0.13685622006426,1.86237664548846,2060.95547773887,0.0374797348800124
0.138243090286807,1.73804099143649,2060.05502751376,0.0377929795907898
0.192673277383652,16.5597876601153,2063.50675337669,0.204569074637377
0.159744908713963,2.15071639511557,2057.50375187594,0.0604381833025507
0.160678009855995,2.17562678075294,2057.35367683842,0.0620858167105423
0.150057643815484,2.90145376159538,2061.25562781391,0.0567679618123693
0.198980960753775,3.37973166401872,2054.35217608804,0.139208696471837
0.176899093802317,1.00577451078852,2050.30015007504,0.0433426816481242
0.195796094662084,4.61228334151361,2056.30315157579,0.156769051936482
0.1897715438278,2.30457394564778,2053.45172586293,0.0973117248688397
0.185572542207115,3.09116744284691,2055.55277638819,0.11025142378097
0.16036264165979,2.81100886708374,2059.00450225113,0.0689982941116756
0.174317675134332,1.24458268867087,2051.95097548774,0.051633203523721
0.194870918744173,25.5036095217804,2065.30765382691,0.227733416774769
0.183116487488429,2.43414579263315,2054.65232616308,0.0924819584989503
0.183324973655367,9.04667778353943,2061.85592796398,0.151628275666052
0.125010140146455,1.48779514022745,2062.0060030015,0.0272379141158282
0.122380508262372,1.62668261683323,2063.50675337669,0.0264087164531227
0.195070587823705,3.99392909131044,2055.70285142571,0.144058048083988
0.182822569744131,9.31091255809072,2062.15607803902,0.149691723344014
0.196768614192372,1.45811221351425,2050.30015007504,0.070304279263646
0.191827358620703,16.3231210310229,2063.50675337669,0.202762053459264
0.157574577438626,1.00288309926358,2052.85142571286,0.0123799887172131
0.152628327913582,28.4520477169552,2075.81290645323,0.0812029005260826
0.152688179896738,1.48779514022745,2056.15307653827,0.0451082352222945
0.14376150196403,3.24621921773864,2063.35667833917,0.0516148412539181
0.16171439161371,4.29198469417562,2061.40570285143,0.081377964617146
0.153653370865257,1.18513668643434,2054.50225112556,0.0396083094438564
0.0761257462285155,1.00867425853989,2077.31365682841,0.00503388455381683
0.195885355433839,2.50524216415549,2053.15157578789,0.110403771713536
0.179979718700134,1.0684573459204,2050.30015007504,0.0469062035691931
0.192138611871537,5.35713058780925,2057.65382691346,0.1556278952937
0.156713520500691,5.28056837192541,2063.80690345173,0.0761094883606628
0.17480495209633,4.14623977579979,2058.85442721361,0.104037264533449
0.198232438751161,1.94456383978917,2051.65082541271,0.0926308137341186
0.187717804206648,6.84240540686637,2059.6048024012,0.155592009087389
0.104108330312565,1.00288309926358,2064.55727863932,0.00379994516148025
0.196286000924789,9.5553161597167,2060.05502751376,0.20031141724846
0.168667208662654,1.57144459943409,2054.05202601301,0.058126939672304
0.167511921451967,1.63607591315362,2054.50225112556,0.0586045138737918
0.192561511654838,7.78884153617836,2059.6048024012,0.175612151464334
0.168072061018601,16.9456122371505,2068.45922961481,0.117036617840837
0.191210307463114,10.1800975118018,2061.10555277639,0.185184358551142
0.197117520759915,1.7230944249062,2051.05052526263,0.0826425113545157
0.133905718548688,1.00577451078852,2056.90345172586,0.024857547185281
0.177207904454883,2.52697328239242,2055.70285142571,0.0866206866090265
0.188435414630463,7.06256146630704,2059.6048024012,0.160375791532476
0.155841353794278,5.37257572706184,2064.10705352676,0.0749410770924689
0.141794295086566,1.00577451078852,2055.40270135068,0.0244616439540239
0.183219790704328,2.38558227120577,2054.50225112556,0.0915424378414271
0.0942553883735679,1.00288309926358,2068.15907953977,0.00547312297383298
0.198368060630731,53.9116868488411,2068.45922961481,0.260994521559764
0.145474680358957,2.98619923379083,2062.45622811406,0.0519566055302444
0.178871350998796,3.04698957090351,2056.45322661331,0.0984907368363568
0.175069507303123,1.38846722913941,2052.4012006003,0.0569821499169929
0.155368097718083,2.31121826109334,2058.70435217609,0.0579795207578302
0.193596466651844,95.0592752055781,2072.3611805903,0.23621293092727
0.10377816215197,3.06458444505318,2075.66283141571,0.019214748202697
0.071681028755783,1.00288309926358,2080.16508254127,0.00151273602183879
0.170177892630741,6.15102138343189,2062.0060030015,0.105896422695912
0.0843624991009598,1.00577451078852,2072.66133066533,0.00920718514996395
0.193056157805535,20.3154738602905,2064.4072036018,0.215149330877206
0.163403619212449,3.01210229799636,2058.85442721361,0.0752780326016091
0.155496871969971,1.00288309926358,2053.15157578789,0.0164516259440204
0.182942116229222,2.15071639511557,2053.90195097549,0.085793668034319
0.188451441066707,6.13333836012256,2058.85442721361,0.153533201330878
0.161215227850094,8.39423252506469,2065.75787893947,0.0913718312416052
0.117796718075463,1.62668261683323,2064.70735367684,0.0240738835499953
0.152209523187213,10.1216499350543,2069.05952976488,0.0758983204650717
0.151294738265606,3.20905081491668,2061.70585292646,0.0598344209144216
0.149882084135227,1.41265954868704,2056.30315157579,0.0418910059805511
0.110057432952778,2.50524216415549,2071.31065532766,0.0217760433118367
0.182350782577752,1.57144459943409,2052.25112556278,0.0675926119094626
0.159692543685619,2.23917234584048,2057.65382691346,0.0621281210273287
0.182258266968585,8.81528401319323,2061.85592796398,0.148438508454412
0.151350587632361,2.28475538672293,2059.30465232616,0.0539341286471316
0.198770691354116,1.53125056362849,2050.30015007504,0.0746634142506105
0.178368071937665,1.97275779657863,2054.05202601301,0.0763081470350111
0.191250430760045,4.44285270778494,2056.75337668834,0.142867055474619
0.194883612631876,4.29198469417562,2056.15307653827,0.147921996710228
0.193640419065726,6.64822449937834,2058.55427713857,0.172558391298712
0.199756690363168,7.58962040187813,2058.40420210105,0.200138162724578
0.164008799830282,3.45847564108692,2059.6048024012,0.0799432862294492
0.108814508144822,1.00288309926358,2063.05652826413,0.00967800320209762
0.191529656605269,1.37256962462899,2050.45022511256,0.0643026283306215
0.184421253627692,23.1254942116391,2066.8084042021,0.175777806973095
0.190641451201863,1.54009278652809,2051.20060030015,0.0711833840502829
0.114240347276143,1.00867425853989,2061.55577788894,0.0128945968490543
0.185713080582089,5.45047194460812,2058.70435217609,0.139278336212429
0.101429927485072,1.11560866287013,2066.50825412706,0.0146796308844075
0.147752911358065,1.295770630155,2056.15307653827,0.0383754405272237
0.185035577588943,1.98987000774274,2053.30165082541,0.0828780135905426
0.0876901098376012,2.3787241732935,2081.2156078039,0.0117818335156907
0.182015373196754,3.9368492691367,2057.50375187594,0.115317728297742
0.16698678391884,1.48351801054375,2053.90195097549,0.0547602772962296
0.190229424158927,3.24621921773864,2055.25262631316,0.120392746160732
0.0828045470801216,1.00288309926358,2073.41170585293,0.00280480213833744
0.136285257877138,1.4963864293158,2059.45472736368,0.0339775654807614
0.170927510514584,2.16937226517279,2055.70285142571,0.0729377395177051
0.157884475829727,2.84356700216288,2059.6048024012,0.0655982112403036
0.177629117335495,5.5454396587911,2060.05502751376,0.120580445370679
0.186604646121499,1.47925317679908,2051.35067533767,0.0667216411281921
0.170738572911268,1.35685404373703,2052.85142571286,0.0535907360997403
0.129166555381831,1.51808232505612,2061.10555277639,0.0299471840080616
0.174754659593509,16.5121814020749,2066.8084042021,0.137729795377561
0.18485318199907,6.55321042588835,2059.75487743872,0.146474072300478
0.189354286472715,1.9841495077581,2052.70135067534,0.086988748769103
0.16408599352223,1.00288309926358,2051.95097548774,0.0204297889143973
0.177590340639975,4.92802801770652,2059.45472736368,0.115307559995492
0.197417020799936,1.78366310156055,2051.20060030015,0.0854252632195744
0.187425480349233,3.79223047250718,2056.45322661331,0.125026573491357
0.145741270294066,1.4249133228412,2057.2036018009,0.0391309155003608
0.163926690133876,1.07772542117776,2052.4012006003,0.0414870870578902
0.197589824607818,1.71320152422168,2051.05052526263,0.0823316691534843
0.113596599919255,2.012917411563,2068.00900450225,0.0228921123784625
0.191754155951718,72.9399970537436,2071.31065532766,0.227186897251461
0.169800605157491,2.07171057200942,2055.55277638819,0.0700106233495472
0.159977976618172,8.15601225127809,2065.90795397699,0.0876599317462093
0.167811550296687,5.67464221589759,2062.0060030015,0.0983583545969772
0.194633598529823,8.03944940844679,2059.45472736368,0.184381573679223
0.185395679587655,9.91971340151178,2062.0060030015,0.161285293649481
0.173716656542762,3.9368492691367,2058.70435217609,0.100498880473603
0.182378435804239,1.65502554408647,2052.55127563782,0.0703104776375594
0.19539199030226,2.12609122719942,2052.4012006003,0.0971270268828842
0.190006403702385,3.30278056177977,2055.40270135068,0.120839334864514
0.19552859308025,1.97844545312916,2051.95097548774,0.0921193478838535
0.154563034934615,12.0648070327153,2069.65982991496,0.0811572045185587
0.0805778808817429,6.80312071291408,2098.92446223112,0.0101970064216619
0.188133714411857,1.76324060258228,2052.25112556278,0.0782281771014496
0.197957614684848,2.18189932872234,2052.25112556278,0.101455998096685
0.196234738471532,10.690727303607,2060.65532766383,0.204999719427814
0.159503628824159,11.9266679922861,2068.30915457729,0.0921409338425155
0.152581618290174,50.0235828063934,2079.5647823912,0.0820047101440419
0.198762588264991,17.8469041306121,2062.75637818909,0.240963752426658
0.14287217345149,1.68386231169735,2058.85442721361,0.0406678579343304
0.136242784924682,1.00577451078852,2056.45322661331,0.00322418275658362
0.15416174451893,1.26991877487462,2054.95247623812,0.0416220368730617
0.127501123974278,25.1391209535034,2083.76688344172,0.0420715893417967
0.180403056980539,6.7058929175172,2060.65532766383,0.134219087852715
0.148990324536035,2.83539228475476,2061.25562781391,0.0555309181802731
0.189407435226654,6.33068001474387,2058.85442721361,0.158449919757801
0.188452633096044,1.27358007675926,2050.45022511256,0.0586466401127775
0.0778344446422005,1.00867425853989,2076.26313156578,0.00203812671369304
0.18954899533838,1.6984685687346,2051.80090045023,0.0769999477307203
0.152053855747453,1.53566531100084,2056.60330165083,0.045020396816965
0.160185402264267,1.12205075712963,2053.15157578789,0.0411547587838287
0.189889785660604,3.83615347588896,2056.15307653827,0.130939909232402
0.143397497203863,1.00288309926358,2055.10255127564,0.00844837376726815
0.179118692304515,1.64552345116496,2053.00150075038,0.0674688056735198
0.177059047652956,5.80685504843578,2060.50525262631,0.119276093461587
0.187643102669265,33.0468281812645,2068.00900450225,0.197433243659877
0.188077627998121,4.3542135747773,2057.05352676338,0.134821747297376
0.165658233139699,1.2232687477884,2053.00150075038,0.0465995974806179
0.144568232051572,11.0665182039154,2071.76088044022,0.0631254520913352
0.0868656557061545,1.00867425853989,2071.46073036518,0.00818334764686046
0.132203780676267,1.34131840233837,2059.45472736368,0.0301020881270347
0.17976137382121,115.283045603569,2076.71335667834,0.167400950115616
0.102868341909515,1.00577451078852,2065.00750375188,0.0128413411579234
0.170053283603948,12.4888983567305,2066.20810405203,0.119059042335536
0.179902078470745,8.10918567113405,2061.85592796398,0.137712965198561
0.148957586608583,4.3542135747773,2064.25712856428,0.0615109048213818
0.187458043075802,1.34131840233837,2050.75037518759,0.0613293964002812
0.190628413564532,2.42714808378022,2053.60180090045,0.102012793206535
0.199080616835048,2.39935784176774,2052.55127563782,0.110690327673874
0.147044856625627,1.00577451078852,2054.50225112556,0.0243464744981977
0.183002262715713,3.82512526006857,2057.2036018009,0.115768190473639
0.147980250731381,2.10780755947618,2059.45472736368,0.0489174895687441
0.143626779566395,3.77045792255574,2064.55727863932,0.0526571053345627
0.182618171646445,1.669381663546,2052.55127563782,0.0711404670568743
0.179774652660127,1.55345194953386,2052.55127563782,0.0651809886423173
0.199499107112454,13.0025492407616,2061.10555277639,0.229505659200816
0.171108760491726,3.17230798106454,2057.95397698849,0.0874616344349634
0.158168368535869,2.29794873135268,2058.10405202601,0.0610684479168473
0.10974453969496,1.38846722913941,2065.75787893947,0.0191118248926972
0.0579687658223235,1.00288309926358,2092.02101050525,0.00208279486240268
0.184163237550816,5.14550325140415,2058.55427713857,0.13388761881591
0.144358691240122,1.00577451078852,2054.95247623812,0.021813875857466
0.0893643813904358,1.00288309926358,2070.26013006503,0.00131499212548472
0.187132338244369,49.166910368017,2070.26013006503,0.198452456972896
0.182923285863069,1.36468921205103,2051.35067533767,0.0603462751668769
0.176234737086133,142.245409398223,2078.8144072036,0.154255363602009
0.184177941064798,5.95928009583079,2059.45472736368,0.138621615644451
0.156564146033618,1.97844545312916,2057.50375187594,0.0550971894733184
0.103628327868276,1.00288309926358,2064.70735367684,0.00444376301666881
0.195345909878836,3.95958264771409,2055.55277638819,0.145068610472597
0.154155386564924,3.89177332396176,2062.30615307654,0.0675358943825598
0.184793001689452,2.37188579111585,2054.20210105053,0.0935229091594354
0.195375217591768,2.96051892720402,2054.05202601301,0.122876423065255
0.105856784039691,1.50070065992818,2067.85892946473,0.0177910675621921
0.162147521437408,1.57597523020146,2055.10255127564,0.0531380388126385
0.189865638099721,11.0984240743995,2061.85592796398,0.181221828485032
0.183055513559796,1.36468921205103,2051.35067533767,0.0603114847602297
0.145435356084162,3.39924796097488,2063.35667833917,0.05376895749298
0.198430394039794,12.7065019223768,2061.10555277639,0.225331527949608
0.16141793093333,1.93339940407185,2056.45322661331,0.0593596073727045
0.0921886553655073,1.00577451078852,2069.05952976488,0.00636015214131699
0.130694525670997,3.24621921773864,2066.8084042021,0.037888441525977
0.199778293409939,3.07341994620988,2053.75187593797,0.132595487755422
0.198826199811352,6.90175820040029,2057.95397698849,0.193387580417372
0.186350769900413,15.3654978668113,2064.25712856428,0.175166523445655
0.175544333862092,4.12243473196511,2058.70435217609,0.105348457720646
0.110797083117056,1.04112859832463,2062.75637818909,0.0176890408100426
0.144680417539776,2.39246014169509,2061.10555277639,0.0476517361037553
0.199358872148759,9.72180569368846,2059.6048024012,0.216312510926251
0.172162767997374,1.67902152597229,2054.05202601301,0.0631936748472105
0.19798390422594,3.82512526006857,2055.10255127564,0.147361058925627
0.1997551578552,1.71320152422168,2050.75037518759,0.083844300811167
0.125735261126921,1.09650345009091,2059.30465232616,0.0243132513508381
0.195189544350105,12.8907317012169,2061.70585292646,0.210562713966077
0.19339975613321,5.10125365829453,2057.2036018009,0.156411656445185
0.173822818180766,11.1946946742062,2064.85742871436,0.126818685558272
0.199774588163285,1.69358579278262,2050.75037518759,0.0828424654749672
0.178901086091111,39.9622941881329,2071.01050525263,0.159048208944663
0.198701400694209,2.01872085226992,2051.80090045023,0.0959356021430453
0.0547062058733356,1.05015961695978,2096.52326163082,0.00377827945228593
0.189540905036772,15.9514695864158,2063.80690345173,0.191437372759182
0.0905042393652947,1.00867425853989,2069.80990495248,0.00379110952812872
0.0849574540549774,8.41843393067599,2097.87393696848,0.0118019282287401
0.142535195666918,18.7420980057214,2076.11305652826,0.0615035678804194
0.111626367468113,1.06538573309788,2062.75637818909,0.0181379282154131
0.187661210661113,3.03823005207779,2055.25262631316,0.11182064331726
0.186298061741026,1.21975208146059,2050.45022511256,0.0555493873445285
0.155258296212208,5.23515726431772,2064.10705352676,0.0732014582518337
0.148430238157421,29.9653362072615,2077.46373186593,0.0729071440213584
0.14852189696799,1.24458268867087,2055.70285142571,0.0380083464665306
0.109873958181732,2.03623175886238,2069.35967983992,0.0210079581205644
0.199813444193971,2.16313573014221,2051.95097548774,0.10281595368074
0.170565654789471,6.8227347852315,2062.60630315158,0.108346220710949
0.16990693109047,1.92229906736858,2055.10255127564,0.0670269996477089
0.170593815963991,1.03217524340486,2051.20060030015,0.0424523309147879
0.195832356986193,7.58962040187813,2058.85442721361,0.188896615632043
0.187076624126699,2.04210241714683,2053.15157578789,0.0865546814367224
0.193398158163329,15.3654978668113,2062.90645322661,0.208664600020157
0.199513511968104,3.23688695135292,2054.05202601301,0.136549739021294
0.190038184060861,19.5691919526579,2064.85742871436,0.196585129458787
0.157824643518963,1.56242237457588,2055.70285142571,0.0498072065280567
0.172012372633446,3.31230280598519,2058.10405202601,0.0900528942821075
0.187838344541224,9.0989179220007,2061.10555277639,0.167528335904734
0.199137564612642,7.65545473146367,2058.40420210105,0.202127376058042
0.192504925047649,14.9724828208773,2062.90645322661,0.204397404550809
0.17895911451528,6.0805937181354,2060.35517758879,0.126956189510574
0.178966277427674,23.8009421380058,2068.00900450225,0.156746552967183
0.161275437552685,11.5216685859765,2067.70885442721,0.0953126449837928
0.170054192987756,7.24794774808137,2063.05652826413,0.10849161281391
0.157315034301407,1.14489244934213,2053.75187593797,0.0403750596958824
0.19319220910806,14.7585013912184,2062.75637818909,0.2057257613784
0.0913164638567258,3.07341994620988,2081.9659829915,0.0135219067896468
0.196302451786832,5.5454396587911,2057.2036018009,0.170573519862966
0.172673570302528,1.86774606222357,2054.50225112556,0.0686542776512049
0.161291262650436,3.51873529007318,2060.35517758879,0.0750877732256433
0.181635419577098,7.67752616736229,2061.25562781391,0.141005947770578
0.164123141828551,2.72338334507132,2058.10405202601,0.0732150714349563
0.174070223069432,2.60078095318014,2056.30315157579,0.0841098933305032
0.140290857165031,36.4452060637106,2081.51575787894,0.059950015175114
0.198781642118203,2.18189932872234,2052.10105052526,0.102732114127546
0.180711540515761,3.86942926293753,2057.50375187594,0.113198592082659
0.19679160834585,10.1800975118018,2060.20510255128,0.208395344469709
0.135153222358778,1.75817161928149,2060.95547773887,0.0353490558586006
0.184658626547863,4.57261925984919,2057.95397698849,0.127738459771497
0.0965310828229916,1.00288309926358,2067.25862931466,0.00251175027265739
0.185647936409778,3.20905081491668,2055.85292646323,0.111475687310202
0.158652581359672,2.2456281019818,2057.95397698849,0.0605644963864348
0.137620868209395,3.17230798106454,2064.70735367684,0.0446266481577762
0.190484297154238,6.09812467340626,2058.55427713857,0.158572313467866
0.167867322641565,3.04698957090351,2058.25412706353,0.0811272605539122
0.1525837289562,1.295770630155,2055.25262631316,0.0414200558279886
0.195589364348735,1.77853540743712,2051.35067533767,0.0842781602469063
0.136238155161441,1.95579274466099,2061.40570285143,0.0378651377917059
0.186722044824623,2.57841511385935,2054.50225112556,0.100397529203012
0.146512269996205,14.257340102472,2072.96148074037,0.0673861226435268
0.185277585211228,1.76324060258228,2052.55127563782,0.07604014555489
0.194361797304657,1.45811221351425,2050.45022511256,0.0694152506055458
0.195767500888303,17.6425615162172,2063.20660330165,0.224735094832089
0.173986373249245,14.0940971036004,2066.05802901451,0.132999472078357
0.175892705292094,1.50502732889567,2052.85142571286,0.0611684702619153
0.189592136397523,4.70617602490094,2057.35367683842,0.141463972468702
0.127690907017924,1.48779514022745,2061.40570285143,0.0285963039064677
0.153438214161074,4.69264665877481,2063.80690345173,0.0685602858656374
0.163730709355992,6.04568285725226,2063.20660330165,0.0912058287335167
0.194340311631338,4.40464567244553,2056.30315157579,0.149381108828972
0.186868753007185,7.81129753947542,2060.50525262631,0.157097973974958
0.195137552152391,14.4640552653053,2062.30615307654,0.214709431254486
0.177235582084106,1.88394737445416,2053.90195097549,0.0732828617111945
0.171877761611386,17.8983585267682,2068.00900450225,0.127255115174525
0.185254661229603,1.78366310156055,2052.55127563782,0.0770708526451246
0.186432006215005,1.295770630155,2050.75037518759,0.0588288062532469
0.178566569411559,1.13831921276723,2050.90045022511,0.0492698322460163
0.191208715057319,15.4987821679022,2063.35667833917,0.198161557986213
0.126600022319074,7.22711126890421,2074.31215607804,0.0383841767595533
0.186302470393993,9.04667778353943,2061.40570285143,0.160127635655212
0.138497774308024,1.00288309926358,2056.00300150075,0.0031732288301358
0.116833479286487,7.3530347199978,2078.21410705353,0.0294642654706524
0.105104109758838,1.19198027101602,2065.90795397699,0.0163091544816091
0.138242493715,16.0898367576997,2076.4132066033,0.0547501748951093
0.196229050282273,5.57746185992785,2057.2036018009,0.171440934257666
0.188186143189236,116.2830405464,2074.61230615308,0.208964034062527
0.188513052466761,4.81582467568853,2057.65382691346,0.139761566455922
0.187750740157991,2.5933041997516,2054.35217608804,0.102404873463825
0.184512605689405,2.89311263070037,2055.40270135068,0.1041785837392
0.118284183410846,2.97761447568876,2069.80990495248,0.0279257041440077
0.0907416346126496,1.00577451078852,2069.65982991496,0.00593256055477491
0.184237320998339,2.79486986091936,2055.25262631316,0.101698497754201
0.190882503063525,1.6984685687346,2051.65082541271,0.0778315383525455
0.0573891599108427,1.00288309926358,2092.62131065533,0.00147903044437395
0.192292215798456,3.82512526006857,2055.85292646323,0.135020577913732
0.18877223984116,4.45566189315493,2057.2036018009,0.135980455400381
0.189237941925793,1.55793070570556,2051.35067533767,0.0713676325192737
0.141232966740524,2.7391095515787,2062.75637818909,0.0466003100723488
0.161908648681516,1.00288309926358,2052.25112556278,0.0101091875683529
0.127344811323868,1.00288309926358,2058.25412706353,0.0213211492235614
0.156633574064594,1.8463608342542,2057.05352676338,0.0532512816721641
0.145959848716743,2.22631645743836,2060.20510255128,0.0482050646795183
0.143760422980567,10.4774371358388,2071.6108054027,0.0616018241667152
0.190958582035005,1.55345194953386,2051.20060030015,0.0719162538127846
0.188096079309931,15.4097981223956,2063.95697848924,0.182231327444583
0.192700013404017,8.71435120329488,2060.05502751376,0.184308104924455
0.173807112126931,1.07153781450759,2051.05052526263,0.0450596884003434
0.108417643258386,1.00577451078852,2063.20660330165,0.00512088313539921
0.194539401844814,5.97646129188652,2057.80390195098,0.170675125113368
0.171666073836695,4.55947384416678,2060.05502751376,0.0997646110746903
0.196597184592456,3.49853297367273,2054.8024012006,0.137606404893709
0.154507054528396,9.15145972170511,2067.85892946473,0.0789806526677896
0.1994994132981,4.44285270778494,2055.70285142571,0.161894095348877
0.1020797674158,1.00867425853989,2065.30765382691,0.00295463613697909
0.194711056721148,18.1578643020893,2063.50675337669,0.221438573470402
0.125988288362591,2.16937226517279,2064.85742871436,0.0312027482783177
0.19332165863872,16.0898367576997,2063.20660330165,0.208054158779032
0.187738174110756,1.45392041663176,2051.20060030015,0.0661822770674574
0.0837416036106456,1.00577451078852,2072.96148074037,0.00351874024792954
0.165339655247338,9.2308418493486,2065.45772886443,0.101739789053742
0.198736658131189,9.47314366240347,2059.6048024012,0.210997856205464
0.141781110029122,1.00288309926358,2055.40270135068,0.00178376362300348
0.171382452154042,42.087781971745,2073.11155577789,0.132228941501032
0.181261842351121,28.1262788456248,2068.45922961481,0.167420413395059
0.178116688397868,15.189566737098,2065.75787893947,0.145070344899813
0.196633550316692,2.2008256876077,2052.4012006003,0.1010791482311
0.197447464447621,2.49804006667886,2053.00150075038,0.111956033037873
0.180681960744998,1.04714060664789,2050.15007503752,0.0460973616252834
0.183756558885258,10.327697309498,2062.45622811406,0.158214947308436
0.156492566257613,9.47314366240347,2067.55877938969,0.0836532638918513
0.185219678010475,8.63941072106801,2061.25562781391,0.156909757523302
0.173696446108767,7.58962040187813,2062.60630315158,0.118953858915292
0.170467164870842,2.86823283751515,2057.50375187594,0.0825760846846867
0.172638280308276,7.67752616736229,2062.90645322661,0.115961316573805
0.083575048336762,1.295770630155,2076.11305652826,0.00966315685248737
0.178304663562256,2.65372529430481,2055.85292646323,0.0902004777430358
0.171584958478307,3.46844676966084,2058.40420210105,0.0913043942883798
0.192544832680068,1.75817161928149,2051.65082541271,0.081305486139189
0.19375442690107,80.4407977772957,2071.46073036518,0.236190036459728
0.196094882612616,41.4862782755825,2067.55877938969,0.244003453353643
0.134632309556329,1.00577451078852,2056.75337668834,0.00998202262735279
0.19023772488565,3.88058521159597,2056.15307653827,0.132485942269853
0.19004228746898,3.55949057200184,2055.70285142571,0.126674250395423
0.19392272182954,14.1347317845805,2062.45622811406,0.205908010069827
0.174941218835831,1.18513668643434,2051.50075037519,0.0497551649345376
0.154750595994898,1.71320152422168,2056.75337668834,0.0502346642696453
0.147113488655647,1.57597523020146,2057.65382691346,0.0421842124076473
0.16062641966657,13.8129064745256,2069.05952976488,0.0946240873904947
0.137629592891622,1.26626799854054,2057.80390195098,0.0324117927483349
0.116007048045085,1.48351801054375,2064.55727863932,0.0222432181748444
0.179398681190163,4.09876636139165,2058.10405202601,0.112147413355266
0.148304403257491,1.58051892322707,2057.35367683842,0.0433675488694553
0.0950910775163166,1.00577451078852,2067.85892946473,0.00305565022035617
0.196925832996054,9.86276078296599,2060.05502751376,0.206457138875777
0.167246584291065,3.71657187129828,2059.6048024012,0.0858758681893778
0.195566284049995,1.8199732981517,2051.50075037519,0.0859548573210602
0.119156167718978,1.00288309926358,2060.20510255128,0.00403002854837445
0.176946918656148,1.57597523020146,2053.00150075038,0.0638935571245663
0.104264945410177,7.02201277776474,2083.6168084042,0.0206563209928911
0.0945271280187524,2.50524216415549,2078.06403201601,0.0144067168966306
0.164439031703217,8.51593931825384,2065.15757878939,0.0984976729151098
0.180868051801906,1.27358007675926,2051.20060030015,0.0557094082046513
0.183763509924379,5.49775074742009,2059.00450225113,0.135552411473765
0.192113494574382,4.15819379664401,2056.30315157579,0.140490255650275
0.196049009839174,2.43414579263315,2053.00150075038,0.108503864770514
0.119374087042947,1.00867425853989,2060.20510255128,0.00455754518309219
0.194282541095363,48.8846255702689,2068.75937968984,0.235588427721914
0.142635423651439,2.81100886708374,2062.60630315158,0.0484214690024229
0.19005029528271,70.8700298451568,2071.6108054027,0.214434851008606
0.190521196737318,15.0589415844573,2063.35667833917,0.19329592833262
0.156052460288041,1.3804955427344,2055.10255127564,0.0453165182033294
0.145352415848063,1.00577451078852,2054.8024012006,0.0022398341203268
0.0910662486293709,1.00288309926358,2069.50975487744,0.0042403125931371
0.193691413019842,71.8975644100998,2070.86043021511,0.236483558789661
0.164497097416788,1.25537852068667,2053.30165082541,0.0469940497832904
0.192400667926521,4.41734470314007,2056.60330165083,0.144498125782587
0.126712413380534,1.00288309926358,2058.40420210105,0.00680385376229856
0.182912178608144,1.15482354244809,2050.45022511256,0.0515358269343228
0.118633793387642,3.33142973427318,2070.71035517759,0.0285056405689581
0.177115347358423,10.1800975118018,2063.65682841421,0.135012648921109
0.177031059491564,1.26626799854054,2051.65082541271,0.053764666171418
0.161756890464516,3.38947576589033,2059.90495247624,0.0759575456686013
0.129694213197133,1.00867425853989,2057.80390195098,0.015144656840946
0.114731735641862,1.00867425853989,2061.40570285143,0.0129509516033828
0.196106831770189,4.19426304469508,2055.85292646323,0.149500854820152
0.197140465475248,17.7444386780296,2063.05652826413,0.229841816915426
0.191516744197937,12.4171951294921,2062.15607803902,0.192043602075192
0.190589180221116,89.2252188596224,2072.66133066533,0.220418226835714
0.186326654058878,7.2688443008963,2060.20510255128,0.152572843062728
0.186572312498853,3.52888015319671,2056.15307653827,0.119539324188559
0.165045888953945,5.17521601544173,2062.0060030015,0.0904887456140323
0.119138981041798,3.06458444505318,2069.80990495248,0.0285319957189793
0.124083664012199,1.00288309926358,2059.00450225113,0.00542891489864774
0.165354190229008,5.60966897361054,2062.45622811406,0.0925750757340746
0.152857977075675,2.81911328467833,2060.50525262631,0.059441286140484
0.193420853658708,3.27437776251048,2054.95247623812,0.125906752579158
0.182075477105499,31.018650949241,2068.90945472736,0.169386190424267
0.161541947529918,4.81582467568853,2062.15607803902,0.0835289888046642
0.184402798015416,1.38447564841702,2051.35067533767,0.0617416724717538
0.174527045110808,4.85759838400825,2059.90495247624,0.107946285007288
0.157408127801696,1.63607591315362,2056.00300150075,0.0510568616587039
0.169069679988937,3.79223047250718,2059.30465232616,0.0905824440715405
0.190965766572353,58.9444080505326,2070.41020510255,0.219294992637956
0.126097558984821,1.9841495077581,2064.10705352676,0.0305028402669063
0.197208493474474,3.27437776251048,2054.35217608804,0.134062830007608
0.171500485650759,6.66739199053658,2062.30615307654,0.1098936924724
0.0990362441198302,1.24817094410403,2068.60930465233,0.0142770092190994
0.160073816891753,1.34518555643637,2054.35217608804,0.0469214424320091
0.0981223900582111,1.00288309926358,2066.65832916458,0.00502287285689963
0.181245493278898,10.6599934842429,2063.05652826413,0.151044411130663
0.179597860033863,1.63607591315362,2052.85142571286,0.0677824368860072
