0.15386281835997,2.26510726072284,2068.45922961481,0.0181293535813016
0.19782924223462,1.87853138201008,2059.00450225113,0.0457028843308025
0.103530858597285,1.00577451078852,2079.41470735368,0.00394166444978428
0.185387938986574,1.01158236655188,2057.65382691346,0.0142487084318656
0.154904669405612,1.1481932879197,2063.80690345173,0.0166814156204111
0.120755030402482,1.00288309926358,2072.3611805903,0.00590090349311279
0.195111773337404,8.32204495553973,2067.10855427714,0.0537267319416881
0.157089151629286,1.00867425853989,2062.60630315158,0.00189244354173348
0.169920499123555,1.65979714701382,2063.05652826413,0.0248585694176691
0.176613893797757,1.00577451078852,2059.00450225113,0.008212245790331
0.0836948449140859,1.00577451078852,2091.12056028014,0.00148620284666101
0.162182351815689,1.00288309926358,2061.55577788894,0.0166714526176053
0.15249569497162,1.017423759841,2063.65682841421,0.00256408338093726
0.0898133136665341,1.00288309926358,2086.91845922961,0.00220009042639215
0.158153624910478,2.45526020256225,2068.00900450225,0.0200536837318165
0.192614429070857,1.4249133228412,2058.40420210105,0.0377297247654467
0.198097557324244,1.00288309926358,2055.85292646323,0.0149431471270014
0.1103038023955,1.00867425853989,2076.4132066033,0.00319460883299916
0.171680726115133,1.017423759841,2059.90495247624,0.016035298157049
0.16739888523608,1.017423759841,2060.65532766383,0.00745467283487079
0.142267318671598,5.46618619625777,2077.91395697849,0.0141051033663114
0.196765159710924,2.71555413295041,2061.10555277639,0.0483955000647197
0.195072469801696,1.01449885892793,2056.30315157579,0.026397873793568
0.197183426356289,1.00867425853989,2056.00300150075,0.00503970757936688
0.190700905414964,1.01449885892793,2056.90345172586,0.0141091965542959
0.179006466159425,6.45955425993623,2069.05952976488,0.0357067839550747
0.189687059101695,1.01449885892793,2057.05352676338,0.00154977922784898
0.188344215762183,1.00577451078852,2057.2036018009,0.0212400599446119
0.179289625029229,1.00288309926358,2058.55427713857,0.019232948438655
0.132745670278897,2.28475538672293,2074.7623811906,0.0105016887697855
0.169153025069611,3.10007958542497,2066.95847923962,0.0266087031524643
0.115684021044688,1.01449885892793,2074.31215607804,0.00214517661933598
0.163237877473088,6.33068001474387,2072.66133066533,0.0243256641844871
0.163327765705533,2.00713065465068,2065.60780390195,0.0219732049247235
0.185332950431363,1.00867425853989,2057.65382691346,0.0176373236623113
0.173519097469439,5.40359972355987,2069.2096048024,0.0311566445439476
0.17921229564593,1.00867425853989,2058.55427713857,0.026232732308443
0.192801668789567,1.26626799854054,2057.65382691346,0.0368022327925291
0.166409289287316,1.09020803204812,2061.25562781391,0.0208310764003935
0.0869961964749098,1.01158236655188,2088.86943471736,0.00110197741541168
0.174224180483832,1.017423759841,2059.45472736368,0.0158825122916207
0.179686841448812,1.01449885892793,2058.55427713857,0.00204647605083772
0.0929151955136764,2.94352153037066,2096.67333666833,0.00347857770130208
0.150334381376052,1.01449885892793,2064.10705352676,0.00957351375674367
0.0809472955891557,1.00867425853989,2093.2216108054,0.0016441739697334
0.193730072712508,6.31248050684326,2065.90795397699,0.0512516953581317
0.197347434338536,1.01449885892793,2056.00300150075,0.0349706074921663
0.184969096774178,1.24458268867087,2058.85442721361,0.0312188308780092
0.157284464995995,1.01449885892793,2062.60630315158,0.0105371625068491
0.185810471300857,18.5809222819382,2073.26163081541,0.044608186984192
0.1856540818711,2.90145376159538,2063.20660330165,0.0392482187332882
0.159229319092153,1.00577451078852,2062.15607803902,0.0155413370385854
0.14047803121837,1.01449885892793,2066.50825412706,0.00368138581368377
0.199488218983178,1.58051892322707,2057.95397698849,0.0442937496911691
0.189283273166567,2.2456281019818,2061.25562781391,0.0402210694988057
0.189262115532667,1.00288309926358,2057.05352676338,0.00117869578614123
0.17480664787722,1.00577451078852,2059.30465232616,0.012231655605084
0.13442805691493,2.02454102487246,2073.26163081541,0.0109192018653641
0.18625896257012,1.00577451078852,2057.50375187594,0.0234143650005782
0.17869662412327,1.01449885892793,2058.70435217609,0.00831441389412584
0.113524094225187,1.02035709353375,2075.21260630315,0.00158761517342129
0.176539250052503,8.32204495553973,2071.01050525263,0.0342662210448065
0.114304599598598,1.00577451078852,2074.7623811906,0.00557219790136164
0.144926528260111,1.00288309926358,2065.30765382691,0.0052749682909944
0.163044929643187,1.00577451078852,2061.40570285143,0.00868675774740765
0.173323094597182,1.31834782642385,2061.10555277639,0.0252760462516704
0.195946836701026,1.00867425853989,2056.15307653827,0.0056844876920321
0.114802864096991,1.01158236655188,2074.61230615308,0.0027642361026368
0.130544314687399,1.00577451078852,2069.2096048024,0.00561746867619319
0.194595125334849,1.30325307163827,2057.65382691346,0.0378954602796513
0.179624099872538,1.3804955427344,2060.20510255128,0.029347923982797
0.185265139641869,1.0684573459204,2057.95397698849,0.0298796488729328
0.121810097812005,1.01158236655188,2072.06103051526,0.00446868263154522
0.188329263292526,1.00577451078852,2057.2036018009,0.0103375766271893
0.161058357178385,1.017423759841,2061.85592796398,0.0018336137550033
0.173878448928656,1.00577451078852,2059.45472736368,0.00145268996398031
0.147186027597322,1.017423759841,2064.85742871436,0.0116191817610443
0.192563480867298,1.00577451078852,2056.60330165083,0.00954406175687162
0.163454330419201,1.017423759841,2061.40570285143,0.0162071057408038
0.158526126202805,1.00577451078852,2062.30615307654,0.0168860238742882
0.198171010566609,1.24817094410403,2056.90345172586,0.0397949615624575
0.148390572454092,3.1450272019994,2072.21110555278,0.0160438476511736
0.181310580573872,1.00577451078852,2058.25412706353,0.0131499781937185
0.125671860254927,1.00288309926358,2070.71035517759,0.00419758715160233
0.197240260093063,3.33142973427318,2062.0060030015,0.0513795225412199
0.153808904004511,1.017423759841,2063.35667833917,0.00313088682009081
0.1911394979167,1.5850757161707,2059.15457728864,0.0380761775078632
0.145738644681701,1.01158236655188,2065.15757878939,0.0122373370029956
0.190686073965802,1.36468921205103,2058.40420210105,0.0361659932352472
0.19542848207571,2.95200799512719,2061.70585292646,0.0481583954541135
0.193508485708368,3.40904833026788,2062.75637818909,0.0474209743654854
0.175948353733781,12.7065019223768,2073.56178089045,0.0342921877196465
0.172245608737294,1.00867425853989,2059.75487743872,0.0144273308265845
0.157760421269418,1.00577451078852,2062.45622811406,0.0125595508149837
0.197175975173982,1.00867425853989,2056.00300150075,0.0196643466382358
0.189579675256768,6.96162583541039,2067.25862931466,0.0464293633315851
0.185675883171548,2.61579919085284,2062.75637818909,0.0379557927035668
0.187342197456014,1.00867425853989,2057.35367683842,0.0138242844428376
0.149145907315483,1.017423759841,2064.4072036018,0.00439544908505025
0.166128399894076,1.00288309926358,2060.80540270135,0.00274047418113858
0.159133892643071,1.00288309926358,2062.15607803902,0.00409123134934081
0.174701099059854,1.00288309926358,2059.30465232616,0.015462804596032
0.149161969677589,1.017423759841,2064.4072036018,0.00852854176926486
0.161508063051813,1.00577451078852,2061.70585292646,0.00991202049567
0.194709724427228,1.00288309926358,2056.30315157579,0.0161917579949329
0.152319429305755,1.01158236655188,2063.65682841421,0.00387332465315919
0.160647426306445,1.00288309926358,2061.85592796398,0.00107441394501106
0.190327167859821,1.00288309926358,2056.90345172586,0.027028277223016
0.103218212464911,1.98987000774274,2086.16808404202,0.00467101798439853
0.163398054125838,2.04799000112185,2065.60780390195,0.0224102695058274
0.128356183895407,14.5475781084805,2090.67033516758,0.00998173227843931
0.150094888769057,1.00577451078852,2064.10705352676,0.00114607634751655
0.186510551892024,1.01449885892793,2057.50375187594,0.0246736848736145
0.184082123778987,12.5610156350281,2071.46073036518,0.0428123293073218
0.120811499210217,1.33746236557711,2074.61230615308,0.00744319782776849
0.192944823580109,1.19198027101602,2057.35367683842,0.0359245938928111
0.133710302656504,1.00867425853989,2068.30915457729,0.00363342286592783
0.187573856601707,1.70336542221432,2060.05502751376,0.036406194606365
0.183480784671918,1.01158236655188,2057.95397698849,0.0114392388673465
0.143680511648449,1.00288309926358,2065.60780390195,0.00665597629482891
0.14655385474938,1.017423759841,2065.00750375188,0.0016295877819127
0.125752907338825,1.00867425853989,2070.71035517759,0.00540954007325264
0.197775971805634,1.80432214140788,2058.85442721361,0.0448250574638675
0.116673941815101,1.00577451078852,2073.86193096548,0.0031368244038693
0.15712177681017,1.00867425853989,2062.60630315158,0.00486070392423099
0.196206937642724,1.01449885892793,2056.15307653827,0.00772108858743281
0.184838674285203,1.50936647207927,2059.90495247624,0.0331029649272731
0.188172534183943,7.12382395041967,2067.55877938969,0.0457764807262266
0.193440189548453,1.00288309926358,2056.45322661331,0.0334136977533853
0.182377598190532,1.00867425853989,2058.10405202601,0.00796294526084085
0.149152579036835,1.017423759841,2064.4072036018,0.0101959895451451
0.148107505814463,1.00577451078852,2064.55727863932,0.00171219502582436
0.180855885918959,1.87853138201008,2061.70585292646,0.0324656388323472
0.199567149010513,2.16937226517279,2059.45472736368,0.0493624453727207
0.184155794843079,1.00288309926358,2057.80390195098,0.00824444768128752
0.180290992445248,1.00577451078852,2058.40420210105,0.0235735696799103
0.0990496552168103,1.00867425853989,2081.66583291646,0.00136267908857297
0.194901943518951,27.1711817270042,2073.26163081541,0.05566224993407
0.155068462647685,4.52026390637434,2072.66133066533,0.0196543450414464
0.137853884636515,1.23033252636976,2068.60930465233,0.0111907598917321
0.190645069291111,1.01158236655188,2056.90345172586,0.0199660700483457
0.169688088611217,1.8199732981517,2063.65682841421,0.0251253682867047
0.111728511258088,1.0232988843187,2075.96298149075,0.00476599782263628
0.157631921054913,1.00288309926358,2062.45622811406,0.00924873744100895
0.168182215896474,1.01449885892793,2060.50525262631,0.0171643054422001
0.17431106454874,1.017423759841,2059.45472736368,0.0011716109785033
0.163698908808807,1.55345194953386,2063.95697848924,0.021240055950201
0.153243409979796,3.68461060628057,2071.91095547774,0.0183254097292423
0.190502248731703,7.14436264200497,2067.10855427714,0.0484466170882883
0.19393840892055,1.01449885892793,2056.45322661331,0.0102272774345402
0.170594440168548,2.49804006667886,2065.30765382691,0.0270923737232893
0.199648137625624,1.28462743961633,2056.90345172586,0.0410302483926125
0.138980690441967,1.00288309926358,2066.8084042021,0.00793533513000722
0.180297398618898,1.70336542221432,2061.25562781391,0.0314184928328797
0.199892115556069,1.35685404373703,2057.05352676338,0.0425701273813258
0.188360948292132,3.91424641100743,2064.4072036018,0.0429136850034987
0.176997072014228,1.017423759841,2059.00450225113,0.0210111800336127
0.110903930301171,3.21830282695794,2086.61830915458,0.00593198010229628
0.187720401658747,194.680445134914,2085.26763381691,0.0485775780676883
0.193160910779177,2.04210241714683,2060.20510255128,0.0421787644433766
0.139333560724115,1.01449885892793,2066.8084042021,0.00303432985132514
0.168387960542324,3.79223047250718,2068.30915457729,0.0267217336820364
0.193545146321883,1.00288309926358,2056.45322661331,0.0176521798523706
0.173960031681748,2.29794873135268,2064.10705352676,0.0290492064843592
0.195863214473868,1.00577451078852,2056.15307653827,0.00807504353815114
0.199504410671948,1.01158236655188,2055.70285142571,0.02943374761839
0.172849653696024,1.00288309926358,2059.6048024012,0.014759744755547
0.121353185886403,1.01158236655188,2072.21110555278,0.00213005351947529
0.196248156487364,1.01449885892793,2056.15307653827,0.0178014139096442
0.192874271472674,2.23917234584048,2060.65532766383,0.0433332284362419
0.178187279537849,2.88479547897935,2064.70735367684,0.0324334953398863
0.166875091765613,2.45526020256225,2066.05802901451,0.0245495997285782
0.181925699145365,3.36032741709575,2064.70735367684,0.0367836218504378
0.149538619403219,1.75311720834914,2067.85892946473,0.0158159013680891
0.190380880756712,1.63137250428789,2059.45472736368,0.0376421509270764
0.199787957928603,2.25859550568368,2059.6048024012,0.0501926115338932
0.184101304780512,8.71435120329488,2069.50975487744,0.0418310328157553
0.182193037347181,1.00288309926358,2058.10405202601,0.0181822466579701
0.19059706986906,1.01158236655188,2056.90345172586,0.0136732422216847
0.168833898293332,1.00867425853989,2060.35517758879,0.0110357679752819
0.191761181528504,2.3787241732935,2061.10555277639,0.0431931264452667
0.160018338360725,2.90981894079874,2068.60930465233,0.0214175072999753
0.198651067307622,2.6460963359074,2060.65532766383,0.0503079344498491
0.183087466330005,1.00288309926358,2057.95397698849,0.0234446046486805
0.189713591160048,1.91677282105974,2060.35517758879,0.039080900344657
0.198162392939191,1.00577451078852,2055.85292646323,0.00712155777729278
0.133947289220716,9.02067029565308,2084.66733366683,0.0113990056703334
0.199371744098105,1.00577451078852,2055.70285142571,0.00234531556283395
0.195995491941387,1.00867425853989,2056.15307653827,0.00256115530225402
0.162992731719407,1.00288309926358,2061.40570285143,0.00415776790795711
0.159212606099308,8.01633751167032,2075.21260630315,0.0222290990995989
0.131972280997168,1.00288309926358,2068.75937968984,0.00527027802403056
0.157373290061836,1.017423759841,2062.60630315158,0.00585991597115993
0.137496408360887,1.00867425853989,2067.25862931466,0.0102408958110449
0.131939586890905,1.14160110005127,2069.65982991496,0.00969426085583919
0.197042602741928,2.55624161321588,2060.65532766383,0.0488594699802693
0.19825695087257,1.37652687910296,2057.35367683842,0.0415881261274388
0.197078176534653,1.2267955530143,2056.90345172586,0.0390991109898769
0.161560463562527,4.40464567244553,2070.86043021511,0.0228344856787272
0.1831820693922,1.00288309926358,2057.95397698849,0.00665557325591544
0.173755810809231,1.00288309926358,2059.45472736368,0.0193528787537294
0.149482151796115,1.00577451078852,2064.25712856428,0.0108178047935596
0.181816069419751,1.26626799854054,2059.45472736368,0.0295357625673769
0.167742801241305,1.00288309926358,2060.50525262631,0.0184839302887536
0.194495329792366,15.4987821679022,2070.41020510255,0.0547999508725312
0.198193906697978,1.50936647207927,2057.80390195098,0.0431245239442554
0.106182289958581,1.00867425853989,2078.21410705353,0.00203944222078874
0.189335348621512,1.23033252636976,2058.10405202601,0.0338240898102227
0.131094417920772,1.00867425853989,2069.05952976488,0.005876343395481
0.191338570109018,1.00288309926358,2056.75337668834,0.0193695321602923
0.178308103247179,1.2232687477884,2059.75487743872,0.0275759203833549
0.109907501929512,1.00577451078852,2076.56328164082,0.00392372792912091
0.144071909667663,1.017423759841,2065.60780390195,0.00677718287382229
0.130511275352636,1.00577451078852,2069.2096048024,0.00272810962975591
0.196105872931522,1.01158236655188,2056.15307653827,0.0270246594707514
0.19982742337907,2.41321295951054,2060.05502751376,0.0501609270308322
0.180428789099927,1.00867425853989,2058.40420210105,0.00904012160521689
0.161425861725402,1.00288309926358,2061.70585292646,0.00270681431827425
0.152368325831729,1.01449885892793,2063.65682841421,0.00838597291657393
0.196184906413385,1.01449885892793,2056.15307653827,0.00110715891951146
0.183516728455997,19.1236326478425,2074.012006003,0.0417687772632899
0.159939601972649,1.00577451078852,2062.0060030015,0.00745003751942289
0.183639466567662,2.21991621862324,2062.15607803902,0.0355616119744551
0.191334501643263,1.00288309926358,2056.75337668834,0.00384662817264219
0.181691742043554,12.5249050903856,2072.06103051526,0.0398540784137522
0.18567044286806,1.38447564841702,2059.30465232616,0.0327845793693139
0.141936138326104,1.00577451078852,2066.05802901451,0.00129540826058583
0.176604684771458,1.00577451078852,2059.00450225113,0.0207559738279111
0.133320989130451,1.01449885892793,2068.45922961481,0.00561686025420248
0.143935836846564,11.5548867001919,2082.56628314157,0.0150315950165553
0.166289896479301,1.00867425853989,2060.80540270135,0.00686110444402954
0.186764333106488,2.3787241732935,2062.0060030015,0.0384610276513082
0.181401238658585,1.00867425853989,2058.25412706353,0.0122192199778192
0.121468795485157,1.01449885892793,2072.21110555278,0.00384361425828999
0.175680588361759,1.00577451078852,2059.15457728864,0.00933990469022962
0.0882905761761799,1.00867425853989,2087.96898449225,0.00273473210023353
0.18631087098134,1.00867425853989,2057.50375187594,0.011308584222418
0.176317736162426,1.09966477838038,2059.45472736368,0.0257623052319553
0.195103327890129,1.01449885892793,2056.30315157579,0.026520497509684
0.165259764483267,2.25859550568368,2065.90795397699,0.0233678812258872
0.12658020827258,1.00288309926358,2070.41020510255,0.00630446575249549
0.0887254060871639,1.02035709353375,2087.81890945473,0.00144989741214383
0.193549100554602,1.00288309926358,2056.45322661331,0.00838635163615344
0.190619398196402,1.11882507338448,2057.35367683842,0.0336442512693414
0.1673699431015,1.01449885892793,2060.65532766383,0.0170427243892239
0.1983895445723,4.0401882420282,2062.75637818909,0.0546579253861118
0.186985838989772,2.15071639511557,2061.40570285143,0.0379912049437687
0.182292167735339,13.8527304550101,2072.51125562781,0.0403408674263709
0.187282400000754,2.63848930932274,2062.45622811406,0.0397675660816506
0.159511960541187,1.01449885892793,2062.15607803902,0.0129522346349951
0.197323769427389,1.01449885892793,2056.00300150075,0.016349611200685
0.196442694457663,15.189566737098,2069.95997999,0.0568361205834033
0.185084655521678,1.00288309926358,2057.65382691346,0.016620337375511
0.171675641096556,1.017423759841,2059.90495247624,0.00345910054145522
0.193438651356958,1.78880557933512,2059.45472736368,0.0411100986521764
0.16922347509404,5.84038679556032,2070.71035517759,0.0279667520332762
0.143115792148766,1.00288309926358,2065.75787893947,0.00990350288991092
0.19372222833,5.11596107896008,2064.85742871436,0.0499010517076211
0.125117521597307,1.77853540743712,2075.51275637819,0.00840954347749902
0.149465300732801,1.00577451078852,2064.25712856428,0.0100817284381515
0.190302541145202,7.85640396138943,2067.70885442721,0.0480141357615208
0.195538027954675,89.482464022409,2079.11455727864,0.0585565229791065
0.184412699843141,1.26991877487462,2059.00450225113,0.031279193369608
0.193046296559509,6.09812467340626,2065.90795397699,0.0498069577127942
0.102852597499058,1.00288309926358,2079.71485742871,0.00119583864243866
0.126739444622536,1.00867425853989,2070.41020510255,0.00336948025786109
0.169867594596673,1.01449885892793,2060.20510255128,0.0162381917804
0.185423675480926,1.01158236655188,2057.65382691346,0.00429109918345139
0.18773143344214,455.16047411978,2089.91995997999,0.0474796333483465
0.123060960747311,1.00867425853989,2071.6108054027,0.0036008536903334
0.182896865225591,2.90981894079874,2063.80690345173,0.0364386649175311
0.199605977435031,1.01158236655188,2055.70285142571,0.00891961932074287
0.132211219396549,5.40359972355987,2081.36568284142,0.0109366762234178
0.199559875284661,1.01158236655188,2055.70285142571,0.0207574379036944
0.158123297244722,1.017423759841,2062.45622811406,0.00289668106324885
0.163452587047138,1.017423759841,2061.40570285143,0.0170154708401123
0.0932979919499897,1.017423759841,2084.96748374187,0.00255942139325216
0.133502013053188,1.00288309926358,2068.30915457729,0.00753378218612561
0.194674361547109,1.00288309926358,2056.30315157579,0.00257096446648831
0.193747009728074,2.38558227120577,2060.80540270135,0.0450224429814821
0.185323101080157,1.78880557933512,2060.65532766383,0.0353673942886001
0.187183728005984,1.00288309926358,2057.35367683842,0.0247515284981826
0.127115444090318,1.24817094410403,2071.91095547774,0.00864392568028599
0.188280897283151,1.00577451078852,2057.2036018009,0.0280144703610587
0.193627788665868,1.00577451078852,2056.45322661331,0.0191566910510386
0.108272522870252,1.01158236655188,2077.31365682841,0.00491071180815685
0.177561019987785,1.54009278652809,2061.25562781391,0.028662116144116
0.124519959295012,1.01449885892793,2071.16058029014,0.0046424274951223
0.165745315144067,1.61734325078285,2063.65682841421,0.0227931316099663
0.199168445474253,1.16819913201946,2056.45322661331,0.0393240798113493
0.182362752514958,8.58980877761041,2069.80990495248,0.040051219554862
0.118892183577138,1.01449885892793,2073.11155577789,0.00136744154966006
0.155599385416739,1.00577451078852,2062.90645322661,0.0133135850443766
0.17553706867187,1.00288309926358,2059.15457728864,0.0083547432392793
0.199089979439117,1.59882507273807,2057.95397698849,0.0448094579411672
0.199588470098383,1.01158236655188,2055.70285142571,0.0207020542749316
0.111876853763718,1.01449885892793,2075.81290645323,0.00376959904958986
0.184132548367631,3.06458444505318,2063.80690345173,0.0380924827531179
0.197009541349145,1.00577451078852,2056.00300150075,0.0309426330677233
0.119108576921508,1.00577451078852,2072.96148074037,0.00135529192179775
0.167185108180533,2.16937226517279,2065.15757878939,0.0246177352474861
0.170405570780293,1.00577451078852,2060.05502751376,0.00991334903084536
0.183216382666255,1.00577451078852,2057.95397698849,0.00400426173665454
0.168671904256721,1.00577451078852,2060.35517758879,0.0194643810728924
0.1719217476419,1.91677282105974,2063.50675337669,0.0267071936696776
0.192579343760481,1.00577451078852,2056.60330165083,0.0076691442828621
0.158493092190299,1.00577451078852,2062.30615307654,0.00856292350894814
0.191756462912193,1.01449885892793,2056.75337668834,0.0226286364829588
0.119266427187508,1.01158236655188,2072.96148074037,0.00220811686158095
0.180432820827646,1.00867425853989,2058.40420210105,0.00237682375848504
0.125558250162356,4.08698318318596,2081.9659829915,0.00893221487342353
0.185328730132407,6.02830266228601,2067.25862931466,0.0420550274888878
0.155517110889392,1.00288309926358,2062.90645322661,0.0123947845948138
0.191867952869895,2.57100265798945,2061.55577788894,0.0436291646500802
0.147514110588671,1.00577451078852,2064.70735367684,0.00459971118566817
0.17136113189664,1.00867425853989,2059.90495247624,0.00805728762184331
0.166657074461129,1.11240149892777,2061.25562781391,0.0212502486760407
0.196347054960446,249.372875024693,2084.21710855428,0.0590254313988613
0.173286238648471,2.01872085226992,2063.50675337669,0.0279296747374464
0.160827304253211,2.0657547958787,2066.35817908954,0.0207599170607125
0.173326505136907,1.01449885892793,2059.6048024012,0.0224406901644361
0.191320927863258,2.51246502599404,2061.55577788894,0.0426934235726679
0.198683185025708,1.34131840233837,2057.2036018009,0.0413051222428899
0.187259076900074,2.2456281019818,2061.55577788894,0.0387503929071992
0.137274468844856,1.00288309926358,2067.25862931466,0.00678070947628324
0.171629158320409,1.017423759841,2059.90495247624,0.0102817559343994
0.140210979161218,1.00577451078852,2066.50825412706,0.00178750223985251
0.097312753923422,1.00577451078852,2082.56628314157,0.00269501013195754
0.1563415458392,1.40859841962076,2064.85742871436,0.0178275978832238
0.183744854407042,2.69996316651677,2063.20660330165,0.036924430425184
0.181827540702092,1.53125056362849,2060.50525262631,0.0311864056255259
0.163695545199691,1.65979714701382,2064.25712856428,0.0218149676426207
0.197058851079349,1.00577451078852,2056.00300150075,0.00847691237917476
0.122723372658646,1.01449885892793,2071.76088044022,0.00102030939902814
0.186739150064393,1.51808232505612,2059.6048024012,0.0345260125729412
0.0945957100519013,1.03217524340486,2084.3671835918,0.00162785708904911
0.159124183255471,1.1481932879197,2062.90645322661,0.0183110947913626
0.142872905618117,1.31455782572457,2067.70885442721,0.0127760772062514
0.18941924476999,1.00867425853989,2057.05352676338,0.0132655114051262
0.188206604893481,2.31121826109334,2061.55577788894,0.0397264094699284
0.178807577476028,1.017423759841,2058.70435217609,0.0235743124570833
0.17653666699449,1.00577451078852,2059.00450225113,0.0190792466646341
0.183521241501693,3.17230798106454,2064.10705352676,0.0377585950679378
0.177702551444782,4.8997344482741,2067.70885442721,0.0343650778355917
0.197297203031872,1.01158236655188,2056.00300150075,0.0243760086023078
0.17645315029163,1.00288309926358,2059.00450225113,0.00400785359583365
0.191776053699392,2.56361151152847,2061.55577788894,0.0434876416596117
0.195758695052255,1.1715671660767,2056.90345172586,0.0373033729065105
0.142825990768535,1.01449885892793,2065.90795397699,0.00207644132608026
0.159193246928275,1.73304445225245,2065.60780390195,0.0195305713820931
0.152948333159395,1.01158236655188,2063.50675337669,0.00354003927345538
0.17032867344656,1.00288309926358,2060.05502751376,0.021367937402285
0.171010462389178,4.24284253669373,2068.30915457729,0.0290524440982302
0.169513671093719,26.0227888862634,2079.41470735368,0.0297215253623656
0.15205658482611,1.00288309926358,2063.65682841421,0.00331572865424212
0.191478637239048,1.00577451078852,2056.75337668834,0.0161264155496993
0.188733365491903,1.53566531100084,2059.30465232616,0.0362143127055298
0.153270095807142,7.3530347199978,2076.4132066033,0.0189824925580113
0.187928901143474,5.19013667692469,2065.90795397699,0.0444346131321733
0.183252339446744,1.00577451078852,2057.95397698849,0.00803542350333147
0.0816848809970461,1.00577451078852,2092.62131065533,0.00116497662997801
0.127591016003797,1.00577451078852,2070.11005502751,0.00794194686506031
0.148660177513325,1.93897358646993,2068.75937968984,0.0156842091141303
0.177950758074893,1.017423759841,2058.85442721361,0.0130550662417105
0.193656745315912,8.6145740489714,2067.55877938969,0.0520808145243221
0.179463199890494,7.78884153617836,2069.95997999,0.0367798600872328
0.183886844717619,1.32978351631576,2059.30465232616,0.031540846594673
0.189703719347855,1.01449885892793,2057.05352676338,0.0284552792693582
0.141954838727377,1.00577451078852,2066.05802901451,0.00317800774613563
0.144935882745487,1.00288309926358,2065.30765382691,0.00501837414638129
0.191593994043649,6.80312071291408,2066.65832916458,0.0493859635366151
0.185332790418046,1.00867425853989,2057.65382691346,0.0173828790644432
0.126873259509415,1.01449885892793,2070.41020510255,0.00720732524941572
0.156236678102846,1.00288309926358,2062.75637818909,0.00278453258069101
0.166828975376833,1.60805750536954,2063.50675337669,0.0229987014142022
0.138069370840882,1.01158236655188,2067.10855427714,0.0103600709242515
0.167195705871288,1.01158236655188,2060.65532766383,0.0165123024913166
0.199523593171758,1.01158236655188,2055.70285142571,0.0256337399577131
0.167292696605054,1.01449885892793,2060.65532766383,0.0051101992034821
0.18815879212557,1.00288309926358,2057.2036018009,0.0148907569395793
0.175964821011504,1.01449885892793,2059.15457728864,0.00858560895951682
0.175161717923786,1.017423759841,2059.30465232616,0.00163038790592975
0.164761144724218,1.00867425853989,2061.10555277639,0.0130151093854996
0.157898093175771,1.01158236655188,2062.45622811406,0.0102376514500207
0.163821957353376,1.00577451078852,2061.25562781391,0.00246015877950429
0.157068127444231,1.00577451078852,2062.60630315158,0.0143219305184347
0.166515200053593,1.01449885892793,2060.80540270135,0.00375604497384204
0.199783734189884,3.83615347588896,2062.30615307654,0.0555575781093725
0.126072266217469,1.00288309926358,2070.56028014007,0.00347856455486032
0.172490274755535,1.017423759841,2059.75487743872,0.0153503987108031
0.174243201830937,1.017423759841,2059.45472736368,0.00384736105438844
0.194795980859424,1.00577451078852,2056.30315157579,0.0324487195565432
0.196024201033869,1.00867425853989,2056.15307653827,0.0106307598577724
0.101271625404149,1.26626799854054,2082.71635817909,0.00432505112245648
0.195858806304316,1.00577451078852,2056.15307653827,0.00536756522062549
0.176068270044927,4.18220533158347,2067.10855427714,0.032856322046055
0.128068492700732,1.00577451078852,2069.95997999,0.00831458508960487
0.199221214569822,1.54009278652809,2057.80390195098,0.0440075932024055
0.181540108384442,1.01158236655188,2058.25412706353,0.00977862731942636
0.134719748170557,1.00867425853989,2068.00900450225,0.00200305701092558
0.169498180816096,1.00577451078852,2060.20510255128,0.00633263669969371
0.15291690330594,1.00867425853989,2063.50675337669,0.0104190867217982
0.195352156441251,12.2750213329814,2069.05952976488,0.0551916727662469
0.142511062817207,1.00288309926358,2065.90795397699,0.0117986043401661
0.175643345623024,1.00577451078852,2059.15457728864,0.0129469773724729
0.190335895811377,2.14453349218355,2060.80540270135,0.0409296942099819
0.191875688634346,7.37423424898408,2067.10855427714,0.0492877159901157
0.176882627818554,1.01449885892793,2059.00450225113,0.0154478766175882
0.0888564568984718,1.01449885892793,2087.66883441721,0.0011715214400452
0.140273362247083,1.00867425853989,2066.50825412706,0.00709077299830456
0.169571927901626,1.00577451078852,2060.20510255128,0.00948456108413849
0.199232395347946,1.00288309926358,2055.70285142571,0.0345873061315328
0.153562234179371,1.00867425853989,2063.35667833917,0.0149873107162753
0.163169016109102,1.00867425853989,2061.40570285143,0.00804122421072793
0.188583912950962,1.01449885892793,2057.2036018009,0.0133213502797374
0.150640197505893,12.4529951356256,2080.76538269135,0.0178598366497368
0.179431178477811,1.37652687910296,2060.20510255128,0.0292549566880384
0.197082856096601,1.89482624889294,2059.15457728864,0.0451783956702185
0.156543077704263,1.01449885892793,2062.75637818909,0.0120231360143805
0.183426179167062,1.01158236655188,2057.95397698849,0.0093217951340391
0.196671930911344,83.0290000254614,2078.51425712856,0.0594643551334515
0.17872999022566,1.01449885892793,2058.70435217609,0.0259313730784911
0.15512728114839,1.75311720834914,2066.50825412706,0.0180385924108541
0.199161956776013,1.87313095952011,2058.85442721361,0.0464426742380813
0.182020685631345,2.28475538672293,2062.60630315158,0.0345041113984968
0.19285073119028,3.35066711121492,2062.75637818909,0.0467630042468738
0.152349379926404,1.11560866287013,2064.25712856428,0.0155184403867495
0.151464880355925,1.00577451078852,2063.80690345173,0.00695812110725077
0.178337685367882,1.00288309926358,2058.70435217609,0.0107230853908805
0.19716842728364,1.00867425853989,2056.00300150075,0.0323833699901633
0.188986652153827,1.33361741419236,2058.55427713857,0.0346876580255244
0.158429095749115,1.00288309926358,2062.30615307654,0.0136386612195493
0.191350171418936,2.12609122719942,2060.65532766383,0.0413358302571396
0.120837509135386,1.00577451078852,2072.3611805903,0.00217854596550374
0.19673285252291,1.78366310156055,2058.85442721361,0.0443492065248475
0.155017224278169,1.12205075712963,2063.65682841421,0.0165977901377963
0.180266251665763,1.26626799854054,2059.6048024012,0.0290479375305222
0.172548510282679,1.017423759841,2059.75487743872,0.0223136096616985
0.140439975312017,1.01449885892793,2066.50825412706,0.0060231717042683
0.198189482705937,1.00577451078852,2055.85292646323,0.0344211003194401
0.149912470194495,4.7881753057283,2074.61230615308,0.0170452531483681
0.155646971094486,1.00867425853989,2062.90645322661,0.00156032774243761
0.147682911029205,1.01158236655188,2064.70735367684,0.00162931553884768
0.195008249885594,1.21624552488348,2057.2036018009,0.037301577504446
0.15358946180763,9.25745528268664,2077.76388194097,0.0194319266060304
0.142325224859281,1.87313095952011,2070.26013006503,0.0133310854039935
0.175540019499349,1.00288309926358,2059.15457728864,0.0180249613834992
0.182238160596863,1.00577451078852,2058.10405202601,0.0119643658876644
0.116292822650884,1.00577451078852,2074.012006003,0.00125169641508118
0.110887394471523,1.00288309926358,2076.11305652826,0.00546481602849764
0.126292328165402,2.10780755947618,2076.4132066033,0.00880718665310987
0.187142795165585,73.9975437812294,2080.31515757879,0.0472614669624211
0.176844233076608,1.86774606222357,2062.45622811406,0.0294943085299493
0.182608044946564,1.01449885892793,2058.10405202601,0.0137268062669088
0.124381862325908,1.00867425853989,2071.16058029014,0.00151615390960495
0.16422585985816,3.91424641100743,2069.50975487744,0.02407061964914
0.15271847657126,1.00288309926358,2063.50675337669,0.00395406617442279
0.190309484797254,2.83539228475476,2062.30615307654,0.0430885139036376
0.150257563047157,1.01158236655188,2064.10705352676,0.00244301795369887
0.187153590329707,1.00288309926358,2057.35367683842,0.0194189099785174
0.160727017629199,1.00577451078852,2061.85592796398,0.0085866688800835
0.18161092981189,1.38447564841702,2059.90495247624,0.0304927826676265
0.12444802623636,1.01158236655188,2071.16058029014,0.00626673991342485
0.167397071287653,1.017423759841,2060.65532766383,0.0193649981568582
0.128018576086259,1.00288309926358,2069.95997999,0.0052479686652538
0.188554429923302,1.01158236655188,2057.2036018009,0.0247070813694613
0.138139611166775,1.01449885892793,2067.10855427714,0.00516756655533136
0.195434498618829,2.37188579111585,2060.50525262631,0.0466085626131038
0.188582417634123,1.01449885892793,2057.2036018009,0.0248415612915924
0.197059252050808,3.97099851752979,2062.90645322661,0.0527891344068207
0.18844184920627,1.00867425853989,2057.2036018009,0.0288232929284746
0.16075705634926,2.02454102487246,2066.20810405203,0.0207868741473552
0.199161674964269,40.541701854003,2074.31215607804,0.0627118028876611
0.198659357579154,3.22758151346831,2061.70585292646,0.0519144712924653
0.184123169277604,4.18220533158347,2065.60780390195,0.038911827568031
0.194658705597599,1.00288309926358,2056.30315157579,0.00716803497984151
0.143046501444774,1.00288309926358,2065.75787893947,0.00721018133056329
0.142512596244927,1.00288309926358,2065.90795397699,0.00597837903866829
0.145974203231256,1.017423759841,2065.15757878939,0.0109454867335791
0.103607090249105,1.00867425853989,2079.41470735368,0.00216133083029711
0.191310989963888,1.30325307163827,2058.10405202601,0.0358391017804697
0.159414131375425,1.01158236655188,2062.15607803902,0.0076659614280035
0.195186239850046,4.94223601165526,2064.4072036018,0.0515201355164211
0.186696540283091,1.55793070570556,2059.75487743872,0.0347551140999157
0.173081672612197,1.00867425853989,2059.6048024012,0.00733334111594793
0.19532136477296,5.6910027726913,2065.15757878939,0.0519583903386232
0.189325553404979,1.00577451078852,2057.05352676338,0.0152337653091203
0.108300894935115,1.02920793476607,2077.46373186593,0.00106986426601802
0.131754184231931,1.01449885892793,2068.90945472736,0.00727578525179046
0.107231784434379,1.02624915657849,2077.91395697849,0.00412478893940515
0.18586551311205,2.13222095925085,2061.55577788894,0.03700024979546
0.163279177910337,1.01158236655188,2061.40570285143,0.0175994768951286
0.188680845539616,1.02035709353375,2057.2036018009,0.0311345666392837
0.199191449816905,1.00288309926358,2055.70285142571,0.0307650181319862
0.150601430124661,2.79486986091936,2070.71035517759,0.0170281952224308
0.157871008240502,1.00867425853989,2062.45622811406,0.0133209495381842
0.164589319583586,2.66904925964653,2066.95847923962,0.0238723281949549
0.190338120608592,1.00288309926358,2056.90345172586,0.0169118854077917
0.144484336315771,1.00867425853989,2065.45772886443,0.00355709796414135
0.150360468056204,1.01449885892793,2064.10705352676,0.0102069389679629
0.164309831987247,5.82359678794962,2071.91095547774,0.0247409190878704
0.130083747235253,1.00867425853989,2069.35967983992,0.00616349947212004
0.198227203701293,1.00867425853989,2055.85292646323,0.0108151870823694
0.194380533146441,1.23033252636976,2057.35367683842,0.0370925265925016
0.188591015082716,1.01449885892793,2057.2036018009,0.0279907104353188
0.165040497865786,1.017423759841,2061.10555277639,0.00503851545639384
0.186958681587573,1.86237664548846,2060.65532766383,0.0366600838886337
0.198970577726871,1.74305193613896,2058.40420210105,0.0460204056110451
0.189896604349263,3.24621921773864,2063.05652826413,0.0438809065497096
0.194952632592665,2.79486986091936,2061.55577788894,0.0467620292264713
0.198765972759632,2.3787241732935,2060.05502751376,0.0495703801722077
0.196923247682495,1.00288309926358,2056.00300150075,0.0204045228519753
0.187106470301008,1.65502554408647,2060.05502751376,0.0353896273141289
0.194053755950483,1.23387969717049,2057.35367683842,0.0372061916515377
0.189816630544852,1.23387969717049,2057.95397698849,0.0345558551122952
0.167329451581928,1.01449885892793,2060.65532766383,0.0174014584363835
0.196814295233517,4.77441020717598,2063.95697848924,0.0531762091872705
0.167145434141667,1.30325307163827,2062.15607803902,0.0222236128286685
0.185361886892194,1.00867425853989,2057.65382691346,0.0256739635884755
0.170697382071353,1.01449885892793,2060.05502751376,0.0193543735589315
0.191059330438955,9.83440721077889,2068.75937968984,0.049346462150756
0.127092895044748,1.91126246166401,2075.36268134067,0.00891750819139702
0.191079603218763,3.90299369276608,2063.95697848924,0.0452169642559324
0.140349643196387,1.27725193454067,2068.15907953977,0.0119998247063868
0.196224040787377,1.01449885892793,2056.15307653827,0.00677149732890303
0.161514525303658,1.00577451078852,2061.70585292646,0.00389968346913946
0.139653053108215,1.00577451078852,2066.65832916458,0.00328494431610709
0.171243718332121,1.00577451078852,2059.90495247624,0.0142644295185262
0.0856157469061176,1.02035709353375,2089.91995997999,0.00141360758924831
0.154134794765804,1.00288309926358,2063.20660330165,0.00670005839494601
0.184458167577103,153.743477178051,2084.96748374187,0.0446776908294256
0.1538386067946,36.4452060637106,2086.61830915458,0.0199075760629494
0.151768692683479,16.1827476936424,2082.11605802901,0.0184769605531465
0.195512184993168,3.12697047724319,2062.0060030015,0.0486284273094682
0.194412691521024,8.78994173863968,2067.55877938969,0.0526905736955064
0.146199022205043,1.00577451078852,2065.00750375188,0.00512972619684586
0.149428846377217,1.00577451078852,2064.25712856428,0.00655396605812018
0.150798541426832,1.00577451078852,2063.95697848924,0.0136275386183017
0.18307801091902,1.00288309926358,2057.95397698849,0.0168820854285782
0.186697329245505,10.1800975118018,2069.80990495248,0.0447912042951759
0.10523133632065,1.01158236655188,2078.66433216608,0.00284426198866121
0.131523640543278,1.00577451078852,2068.90945472736,0.0025562935945687
0.16583768533102,1.017423759841,2060.95547773887,0.0027920022412896
0.166922223703939,2.03623175886238,2064.85742871436,0.0241706066004782
0.170339193286521,2.81100886708374,2066.05802901451,0.0273363310799258
0.185109192990511,1.23743709481674,2058.70435217609,0.0316226231016309
0.160130072785621,1.01158236655188,2062.0060030015,0.0124705760009624
0.142464466241745,1.00288309926358,2065.90795397699,0.00392582130219103
0.112575899038256,1.01158236655188,2075.51275637819,0.00262528483584109
0.1694621587044,1.00288309926358,2060.20510255128,0.0172580426793825
0.173414296805454,1.017423759841,2059.6048024012,0.0154322215523871
0.199549946859028,14.0131778568844,2068.90945472736,0.0613614776501249
0.13300384840477,1.00288309926358,2068.45922961481,0.00613060723905131
0.181391192304182,1.00867425853989,2058.25412706353,0.00241822460694391
0.195742071304612,2.15071639511557,2060.05502751376,0.0451535641411325
0.160189470826083,1.01158236655188,2062.0060030015,0.00252848878974991
0.121352024523936,1.01158236655188,2072.21110555278,0.00705020616884954
0.163244815133761,1.01158236655188,2061.40570285143,0.0104753508874611
0.198210259248305,1.24100474879353,2056.90345172586,0.0395624771261075
0.0776202349029676,1.00867425853989,2095.92296148074,0.00122554517722651
0.185282652188877,1.88937898174206,2060.95547773887,0.0358044641411946
0.174669564209536,3.94819959636536,2067.10855427714,0.0314434148350958
0.198095364971958,1.00288309926358,2055.85292646323,0.020737029494841
0.184175674429126,1.32596064017055,2059.30465232616,0.0314444618669176
0.149107114610947,3.61109912366059,2072.96148074037,0.0164310508446141
0.193250302788593,19.3451295709733,2071.76088044022,0.0541196517117937
0.17130928711756,1.00867425853989,2059.90495247624,0.0166814529285206
0.190962723951641,1.17494491051044,2057.65382691346,0.0341105223932477
0.164729743678912,1.00867425853989,2061.10555277639,0.00381272711735856
0.188488268955732,1.98987000774274,2060.80540270135,0.0381744734855616
0.191815525282749,1.01449885892793,2056.75337668834,0.0188613315514013
0.156917254866162,1.00288309926358,2062.60630315158,0.00697445278584
0.16213943044553,1.00288309926358,2061.55577788894,0.00201015095611922
0.194864123960961,3.31230280598519,2062.45622811406,0.048018674716157
0.175668941432499,2.50524216415549,2064.25712856428,0.0306584058938606
0.142662040190071,1.00867425853989,2065.90795397699,0.00321761540127304
0.128615784957149,1.00867425853989,2069.80990495248,0.00465811530795519
0.182128564682477,1.00288309926358,2058.10405202601,0.00980298495720853
0.177874482980472,2.67674439360146,2064.25712856428,0.032296718271205
0.175214188769151,1.017423759841,2059.30465232616,0.0173373850711996
0.146877939381674,1.00577451078852,2064.85742871436,0.00912467356445953
0.181525863205226,1.03217524340486,2058.25412706353,0.0278121040770266
0.166976254735857,1.00288309926358,2060.65532766383,0.00464896899239414
0.189612045275975,7.92455244054436,2067.85892946473,0.0475311557002862
0.165673010993957,1.01449885892793,2060.95547773887,0.0190741642964008
0.169080935943115,1.58051892322707,2062.90645322661,0.0242619887101999
0.1971727618408,1.36076598863131,2057.50375187594,0.0403752515243975
0.15590393416355,2.47655776434198,2068.60930465233,0.0190187100638997
0.199927382022815,1.90028922105573,2058.70435217609,0.0481112838667749
0.185768906459318,2.44116367657533,2062.30615307654,0.0378895586315973
0.136984337830729,1.01158236655188,2067.40870435218,0.00997567879718948
0.153605972466235,4.63891702142887,2073.26163081541,0.0188983481165472
0.144568859684423,1.01158236655188,2065.45772886443,0.00979403293882302
0.133314088981341,1.01449885892793,2068.45922961481,0.00214344560832005
0.130584468122099,1.00867425853989,2069.2096048024,0.00601638503824131
0.164839224003215,1.01158236655188,2061.10555277639,0.00905953932706319
0.125825558205852,1.01158236655188,2070.71035517759,0.00652445956354688
0.189085135361007,1.88937898174206,2060.35517758879,0.0385950303678602
0.159134256100317,1.00288309926358,2062.15607803902,0.0125233982470273
0.198975316095846,12.7431360287119,2068.45922961481,0.0612179818395086
0.184567724049248,1.01449885892793,2057.80390195098,0.00509999553055108
0.149573554151726,1.01158236655188,2064.25712856428,0.00718953027556191
0.196701762444275,9.39167782086193,2067.40870435218,0.0563979784167447
0.176569046338932,1.00577451078852,2059.00450225113,0.022124912328755
0.0995411375214387,1.00288309926358,2081.36568284142,0.00177474002959051
0.19519548023978,8.25047817477399,2066.95847923962,0.0546850761066255
0.178926735944345,2.22631645743836,2063.05652826413,0.0319349461736322
0.168365692831979,1.11240149892777,2060.95547773887,0.0219568139747628
0.199500451193762,1.441417191251,2057.50375187594,0.042810335564297
0.139227904456164,1.01158236655188,2066.8084042021,0.00892436090517366
0.167488272064634,1.33361741419236,2062.15607803902,0.0227199744462327
0.151403624011299,1.00577451078852,2063.80690345173,0.0103147597604455
0.129283867676099,3.35066711121492,2078.96448224112,0.00975702620665942
0.18358712070436,1.01449885892793,2057.95397698849,0.0276030863825966
0.188228388351087,1.00288309926358,2057.2036018009,0.00550424899481231
0.172513595876157,1.017423759841,2059.75487743872,0.00358419262566021
0.170744089214308,1.017423759841,2060.05502751376,0.010478910102107
0.137337977660644,1.00288309926358,2067.25862931466,0.002659779369962
0.136277262428412,1.00577451078852,2067.55877938969,0.00521650854599407
0.1136197667135,1.00867425853989,2075.06253126563,0.00522352121794631
0.191743385955804,1.295770630155,2057.95397698849,0.0362780516370464
0.160161662614607,1.01158236655188,2062.0060030015,0.0096384747324182
0.198344163597822,1.01158236655188,2055.85292646323,0.0201059664649257
0.146978251965666,1.00867425853989,2064.85742871436,0.00439739859289965
0.147963278242326,2.15691712397049,2069.65982991496,0.0156024167276333
0.119876442261244,1.79396288338358,2077.46373186593,0.00740776321141554
0.197862236574723,1.52245910708953,2057.95397698849,0.0426802568564363
0.177881712570999,1.017423759841,2058.85442721361,0.0224067110614564
0.137021382558768,6.80312071291408,2081.36568284142,0.0123277443345165
0.172495239735491,1.017423759841,2059.75487743872,0.0168220945157109
0.171530375604003,1.01449885892793,2059.90495247624,0.0167932386813922
0.157867234316509,1.00867425853989,2062.45622811406,0.00681665516273983
0.123524807642994,1.00867425853989,2071.46073036518,0.00101808171996285
0.185095105220659,1.64079288241399,2060.20510255128,0.0345510875711109
0.176444558792452,1.00288309926358,2059.00450225113,0.00675070480183739
0.188356466302485,1.00577451078852,2057.2036018009,0.0163559805851493
0.186333842289575,1.00867425853989,2057.50375187594,0.00962993239632079
0.139597649282834,1.00577451078852,2066.65832916458,0.00107576647332937
0.181480321789263,1.01158236655188,2058.25412706353,0.0193958883703888
0.196083052631571,2.14453349218355,2059.90495247624,0.0460121636249191
0.179714142697582,1.01449885892793,2058.55427713857,0.00592759894981976
0.191797237321321,1.01449885892793,2056.75337668834,0.0263102063407461
0.16418261359779,1.017423759841,2061.25562781391,0.0117419627067011
0.153618043997049,1.00867425853989,2063.35667833917,0.00269091132407813
0.177885931721648,3.53905426496764,2065.90795397699,0.0330855264677998
0.169977581205107,1.017423759841,2060.20510255128,0.0154715471914277
0.163083561492545,1.00577451078852,2061.40570285143,0.0162330094861115
0.168937533952485,1.01158236655188,2060.35517758879,0.00587129860621137
0.196092221760771,2.6460963359074,2060.95547773887,0.0484546505898649
0.116315738489414,1.00867425853989,2074.012006003,0.00507413772087679
0.190469527145796,1.00867425853989,2056.90345172586,0.0173992004263694
0.156987458835157,1.00577451078852,2062.60630315158,0.00795426770716048
0.150270530342204,1.87853138201008,2068.15907953977,0.0161915321289037
0.183129702830937,1.00288309926358,2057.95397698849,0.0237983945402874
0.198393414279473,23.0590127888488,2071.6108054027,0.0611481782133635
0.181321850913936,1.00577451078852,2058.25412706353,0.0248439921018661
0.146305528271004,1.00867425853989,2065.00750375188,0.00277518887087413
0.138626820066225,1.01158236655188,2066.95847923962,0.00981329207337116
0.159485950018155,1.01449885892793,2062.15607803902,0.0132836991021435
0.113974229784417,1.00867425853989,2074.91245622811,0.00224930796590913
0.176852789793314,1.01449885892793,2059.00450225113,0.0187741535691416
0.187468449994359,1.01158236655188,2057.35367683842,0.0266856452841763
0.191757657181886,1.01449885892793,2056.75337668834,0.00634710833189882
0.165588864554323,1.01158236655188,2060.95547773887,0.00377759624171181
0.176002259181503,1.01449885892793,2059.15457728864,0.00679108093266846
0.181585580750506,1.01449885892793,2058.25412706353,0.00202172169136494
0.146492868681852,1.01449885892793,2065.00750375188,0.00396268242382965
0.172006180314274,1.2232687477884,2060.80540270135,0.0244252896726283
0.189010813733157,1.33746236557711,2058.55427713857,0.0347672683748313
0.190723999704188,1.01449885892793,2056.90345172586,0.00140228177636389
0.193653718420527,1.00577451078852,2056.45322661331,0.00160039794056378
0.190489010520944,6.55321042588835,2066.65832916458,0.0481066151619447
0.108251122853979,1.02624915657849,2077.46373186593,0.00260266518779974
0.175807258836615,1.00867425853989,2059.15457728864,0.0148441148142465
0.174841028028337,18.4742425689144,2075.96298149075,0.0337606466050285
0.180184180717555,12.7798757548119,2072.51125562781,0.0385101248448371
0.189609609134053,1.01158236655188,2057.05352676338,0.0222315528409723
0.193729624132665,4.26734287669584,2063.95697848924,0.0485612405973691
0.150827584155018,1.00867425853989,2063.95697848924,0.00441146347028346
0.1537431472304,2.25859550568368,2068.60930465233,0.0177160194283809
0.187188384490434,1.00288309926358,2057.35367683842,0.00261950526912576
0.17785921636638,1.017423759841,2058.85442721361,0.00791932105689145
0.188488538263331,87.9500435849786,2080.91545772886,0.0485525489435816
0.19976976739993,5.82359678794962,2064.4072036018,0.0585898785058608
0.152469950811874,1.71320152422168,2067.10855427714,0.0166263073208107
0.164612795421162,1.00577451078852,2061.10555277639,0.0188969927744717
0.112410438395827,1.00577451078852,2075.51275637819,0.00353655046390314
0.173833759118396,1.00577451078852,2059.45472736368,0.0185045433378158
0.109453421293813,1.017423759841,2076.86343171586,0.0049422748231528
0.190701553936712,1.12528574084121,2057.35367683842,0.0338243531198748
0.146217264216134,1.00577451078852,2065.00750375188,0.011672104865675
0.165738483561707,6.2943333190863,2071.91095547774,0.0261886988692357
0.199204016839424,2.74700667630971,2060.80540270135,0.0508904534280315
0.140922002944523,1.01158236655188,2066.35817908954,0.00913275359507282
0.156183539202129,1.00288309926358,2062.75637818909,0.0100792472769504
0.199341851332505,9.28414544519475,2066.8084042021,0.060526662787775
0.158049111085941,1.01449885892793,2062.45622811406,0.0124991912217875
0.197113858665112,1.00867425853989,2056.00300150075,0.0199551100514623
0.12861969073072,1.00867425853989,2069.80990495248,0.0046385933838255
0.195500713340983,4.01699207793678,2063.20660330165,0.0512753774970096
0.186561421823975,2.89311263070037,2063.05652826413,0.0398555510065115
0.194805154005829,1.00577451078852,2056.30315157579,0.00624538845442702
0.192321247012104,1.441417191251,2058.40420210105,0.0381526381830919
0.172809304690102,3.27437776251048,2066.50825412706,0.0291374578628771
0.198542209316481,1.01449885892793,2055.85292646323,0.00665874862557895
0.161562764135976,1.00867425853989,2061.70585292646,0.0164599004359532
0.191414801720232,1.00288309926358,2056.75337668834,0.0124335497391868
0.164075834364089,1.01449885892793,2061.25562781391,0.00752763491463272
0.186924839332491,3.23688695135292,2063.65682841421,0.0404865360907971
0.190744085379297,1.01449885892793,2056.90345172586,0.00476200691344152
0.166969064167878,1.00288309926358,2060.65532766383,0.0169966581005979
0.145501315321209,1.00288309926358,2065.15757878939,0.0036257871776977
0.145306899440041,1.017423759841,2065.30765382691,0.00433733481790026
0.136362291383103,1.00867425853989,2067.55877938969,0.0071968039650953
0.18544862928513,1.01158236655188,2057.65382691346,0.0275686901118204
0.191852971284951,1.01449885892793,2056.75337668834,0.0222948620295924
0.189050628838738,3.66345594042931,2063.95697848924,0.0430467836954777
0.197489364887791,3.23688695135292,2061.85592796398,0.0510795028935811
0.192301622603433,1.2267955530143,2057.65382691346,0.0356073414415014
0.0970953777167499,1.00867425853989,2082.71635817909,0.00129561838655901
0.106498882033596,1.00867425853989,2078.06403201601,0.00175384941166133
0.170458259009752,1.00867425853989,2060.05502751376,0.0204078606414252
0.174084862043956,1.01158236655188,2059.45472736368,0.0217718300328825
0.133072748302705,1.00577451078852,2068.45922961481,0.00382990425614436
0.197722284357022,77.9332756634849,2077.91395697849,0.0612782129755436
0.164780619936989,1.01158236655188,2061.10555277639,0.0114534092516265
0.0956574811729094,1.00577451078852,2083.46673336668,0.00121518991583755
0.197015922473449,1.00577451078852,2056.00300150075,0.0238635144654529
0.196194634003794,1.01449885892793,2056.15307653827,0.0154387231961082
0.139025345057949,1.00288309926358,2066.8084042021,0.00974818290443352
0.129120042582134,1.00867425853989,2069.65982991496,0.0052101370737614
0.158473076196427,1.00577451078852,2062.30615307654,0.0015307661945245
0.195924916724599,1.00577451078852,2056.15307653827,0.0152673376945807
0.135383744379733,1.01158236655188,2067.85892946473,0.00638103657575924
0.192920923149949,1.27725193454067,2057.80390195098,0.0364649921960914
0.174770803938741,1.00577451078852,2059.30465232616,0.00329689703981824
0.194085018433138,2.79486986091936,2061.70585292646,0.0458574428132249
0.191492882112451,1.00577451078852,2056.75337668834,0.0165105078211316
0.111334064510117,1.00577451078852,2075.96298149075,0.00263754353335832
0.185641056818248,1.035151107089,2057.65382691346,0.0298979600179417
0.140494436186313,1.55345194953386,2069.50975487744,0.0123732550291078
0.188504939130713,1.01158236655188,2057.2036018009,0.0134876435852471
0.132182138885756,1.01158236655188,2068.75937968984,0.00351766985094049
0.174537823091264,3.72728711692345,2066.8084042021,0.0311569671294176
0.175360948280195,2.67674439360146,2064.70735367684,0.0306903439679977
0.12354652465684,1.01158236655188,2071.46073036518,0.00468886703977057
0.158156410039231,1.017423759841,2062.45622811406,0.0115545391948008
0.197280160100816,5.45047194460812,2064.55727863932,0.0544523698293627
0.148738399465456,1.00288309926358,2064.4072036018,0.00505819634894345
0.170354677534599,1.00577451078852,2060.05502751376,0.00927582863611386
0.160799765453632,1.00867425853989,2061.85592796398,0.0067510926749529
0.17572576821782,1.00867425853989,2059.15457728864,0.0133096333998692
0.181432176554311,2.78683513858361,2063.80690345173,0.0352296155076308
0.156503791972923,1.01158236655188,2062.75637818909,0.0118121084895618
0.172149090012996,1.00577451078852,2059.75487743872,0.00392454664782678
0.185490746316054,1.79913505645155,2060.65532766383,0.0355636127163385
0.183076975150199,1.75311720834914,2060.95547773887,0.033443684272315
0.195957357427427,1.00867425853989,2056.15307653827,0.0260887306751175
0.195954124896353,1.00867425853989,2056.15307653827,0.0320909996932775
0.17319544655793,4.59902389909696,2068.30915457729,0.0307458130968629
0.198292407112674,1.00867425853989,2055.85292646323,0.0284401766308622
0.199163718910628,2.6460963359074,2060.50525262631,0.051409277709559
0.129528583927349,1.00577451078852,2069.50975487744,0.00627463974912245
0.176692597764536,1.00867425853989,2059.00450225113,0.0161133096524703
0.194020144771138,1.04714060664789,2056.60330165083,0.034350955110101
0.139201339342584,1.01158236655188,2066.8084042021,0.00597136139670578
0.170130784114979,1.34518555643637,2061.70585292646,0.0240806225422152
0.19626915701537,3.12697047724319,2061.85592796398,0.0496024682464894
0.184716682909037,5.49775074742009,2066.95847923962,0.0406110907662514
0.196202295381655,1.01449885892793,2056.15307653827,0.00486916782547323
0.19928838629006,1.00577451078852,2055.70285142571,0.00476189834870122
0.194010958412091,1.01449885892793,2056.45322661331,0.0145977326248103
0.185470067596615,1.01158236655188,2057.65382691346,0.0214754118356232
0.177799284736661,1.13831921276723,2059.45472736368,0.0266349600778109
0.185752141193974,1.45392041663176,2059.45472736368,0.0337456598739545
0.193982587357686,1.29204553462562,2057.65382691346,0.0375619171450213
0.195822186990694,1.00288309926358,2056.15307653827,0.0223577201489877
0.112061763903991,1.00577451078852,2075.66283141571,0.00529364031311486
0.149041546445408,1.01449885892793,2064.4072036018,0.00764417426766197
0.193315968926992,160.06673089594,2082.71635817909,0.0552401340491035
0.120320626939228,1.00288309926358,2072.51125562781,0.00512995274384695
0.131607457995671,1.00867425853989,2068.90945472736,0.0014266835241863
0.194775558042391,71.27926959708,2078.21410705353,0.0565285873633024
0.183777908748832,1.10601480450688,2058.25412706353,0.0298387484365781
0.184286913933448,1.00867425853989,2057.80390195098,0.0103829388320969
0.0977542657497068,1.30325307163827,2084.96748374187,0.00389648921266336
0.145950036131958,1.017423759841,2065.15757878939,0.00502980138775147
0.146610303951599,1.61269369477906,2068.15907953977,0.0143679036240745
0.15184381458825,1.36468921205103,2065.60780390195,0.0161316412192826
0.167455421814017,2.11388457789867,2065.00750375188,0.0244653731424626
0.163849508336423,1.71320152422168,2064.4072036018,0.0220389993542281
0.192620241196845,1.00867425853989,2056.60330165083,0.0132091719717451
0.133735602757393,1.01158236655188,2068.30915457729,0.00157433682577674
0.164986940326181,1.017423759841,2061.10555277639,0.0126886900741361
0.174298918838125,1.017423759841,2059.45472736368,0.0110692532700354
0.121184655157757,1.00288309926358,2072.21110555278,0.0049164447792221
0.104487725756698,1.00577451078852,2078.96448224112,0.0014053963140643
0.190586408549388,1.59422875299434,2059.30465232616,0.0375732602890198
0.150701070771332,1.00288309926358,2063.95697848924,0.00762148101650463
0.189821173772754,1.59422875299434,2059.30465232616,0.0376049469848816
0.16307609303924,1.00577451078852,2061.40570285143,0.00310727831006922
0.132013722136016,1.00288309926358,2068.75937968984,0.00472986207254676
0.172712658529551,1.1481932879197,2060.35517758879,0.0242244137777217
0.13222391823612,1.01158236655188,2068.75937968984,0.00368109828283033
0.17728354483242,1.34518555643637,2060.50525262631,0.0276162892169158
0.188304747203716,1.00577451078852,2057.2036018009,0.0212068670542585
0.193806461219478,1.00867425853989,2056.45322661331,0.00976137293733341
0.157968400280922,1.01158236655188,2062.45622811406,0.0128550754145451
0.18737729352575,1.00867425853989,2057.35367683842,0.0127721177271524
0.182574192661673,1.01449885892793,2058.10405202601,0.00582449711880075
0.16985146332645,1.01449885892793,2060.20510255128,0.0138875835943606
0.136216715835613,1.00288309926358,2067.55877938969,0.00443625138802876
0.197254248381276,1.01158236655188,2056.00300150075,0.00708323025960776
0.190275629253503,1.00288309926358,2056.90345172586,0.0126411728566503
0.194583581995101,8.49145760309168,2067.25862931466,0.0536498654933229
0.189378297411965,1.47925317679908,2059.00450225113,0.0363111881549267
0.163729186182867,1.00288309926358,2061.25562781391,0.0133576391696029
0.174645798637141,1.24817094410403,2060.50525262631,0.0257566124146629
0.191645637060026,1.01158236655188,2056.75337668834,0.0209985400444146
0.155176094873322,4.43008034640065,2072.51125562781,0.0196578521592194
0.143984632253954,1.12853005133194,2066.35817908954,0.0127934493211813
0.197802616873335,4.70617602490094,2063.65682841421,0.0547938012811475
0.159921806445319,1.00288309926358,2062.0060030015,0.0170957839524514
0.19798307951559,38.4942931291769,2074.31215607804,0.0608844417396299
0.159761093252471,1.3686237465133,2063.95697848924,0.0190903259806609
0.188618110148967,1.09966477838038,2057.50375187594,0.0324553982885356
0.177162629940519,19.3451295709733,2075.66283141571,0.03557398872894
0.178562989935075,1.00867425853989,2058.70435217609,0.0105719173043624
0.177413137780715,1.00288309926358,2058.85442721361,0.0127698597472439
0.198359570114499,1.01158236655188,2055.85292646323,0.0205625055547909
0.168142455554048,1.01449885892793,2060.50525262631,0.0121819816091115
0.184811058503406,1.99560700049668,2061.40570285143,0.0355210563540522
0.176657101054747,1.26626799854054,2060.20510255128,0.0270405752941841
0.130210317639591,1.01158236655188,2069.35967983992,0.00389010277679132
0.194142930165998,1.295770630155,2057.65382691346,0.0376836886162926
0.185417829640764,1.01158236655188,2057.65382691346,0.022828589388177
0.146557940694922,1.017423759841,2065.00750375188,0.00966050481120105
0.194922873843427,1.00867425853989,2056.30315157579,0.0211101782689875
0.194127298949222,1.035151107089,2056.45322661331,0.034511493486507
0.189305111920158,1.00577451078852,2057.05352676338,0.0238703345902672
0.177825841455575,1.01449885892793,2058.85442721361,0.0195959916079925
0.168864982183599,1.01158236655188,2060.35517758879,0.0164658663512426
0.106954767655818,1.02920793476607,2078.06403201601,0.00442053009697047
0.169403755698153,1.00288309926358,2060.20510255128,0.0113996537491952
0.191218673504259,1.58051892322707,2059.15457728864,0.037996974503523
0.164923299964485,1.01449885892793,2061.10555277639,0.00838307447602845
0.198617301647744,1.52245910708953,2057.80390195098,0.0435114777133948
0.154820096798837,1.00288309926358,2063.05652826413,0.0108486976288064
0.153835860334284,1.017423759841,2063.35667833917,0.014976159264002
0.122928535627326,1.00288309926358,2071.6108054027,0.00493604002378607
0.134296796264163,1.01158236655188,2068.15907953977,0.00454200327577387
0.198664115412626,12.7798757548119,2068.60930465233,0.0599208116727931
0.142095415096282,1.01158236655188,2066.05802901451,0.0109276129127707
0.133064714679625,1.00577451078852,2068.45922961481,0.00651800913908294
0.168805397125046,1.00867425853989,2060.35517758879,0.0165421428823414
0.189086663716546,2.03623175886238,2060.80540270135,0.0389831724738574
0.106526825241583,1.00867425853989,2078.06403201601,0.00355173308192647
0.126220703762446,1.00867425853989,2070.56028014007,0.00343192493645626
0.190072011490234,3.98244730043134,2064.10705352676,0.0453407796856254
0.175859562688709,1.01158236655188,2059.15457728864,0.0101737481216782
0.186577663249971,1.01449885892793,2057.50375187594,0.00806496722037713
0.0939328976434972,1.01158236655188,2084.51725862931,0.00321176614495387
0.189806385236341,1.28833114804146,2058.25412706353,0.034761997046372
0.190389516564147,1.11882507338448,2057.35367683842,0.0336328715774697
0.19083450020834,1.50936647207927,2058.85442721361,0.0377343521384254
0.194872763124046,1.00867425853989,2056.30315157579,0.00574073299926886
0.176574350701311,1.00577451078852,2059.00450225113,0.0209696073223991
0.171309581001978,1.00867425853989,2059.90495247624,0.00805157521427261
0.159328537418916,1.00867425853989,2062.15607803902,0.0130009283278543
0.196035502789598,6.02830266228601,2065.30765382691,0.0533032177910811
0.190160174278431,1.99560700049668,2060.50525262631,0.0398148789069297
0.197566255987427,6.09812467340626,2065.00750375188,0.0561212317860113
0.164803550078289,1.01158236655188,2061.10555277639,0.00860367229120065
0.177691865357686,1.01158236655188,2058.85442721361,0.0068733393236312
0.193760742857726,1.13178371549186,2057.05352676338,0.0353219770971988
0.149606435658849,4.88564863828298,2074.7623811906,0.0171133956554873
0.197086525318275,9.39167782086193,2067.25862931466,0.0577283496694457
0.165337536706964,1.00288309926358,2060.95547773887,0.0176949233283612
0.162937087716583,1.00288309926358,2061.40570285143,0.00913374110328327
0.197076218579242,1.00577451078852,2056.00300150075,0.0231699595496209
0.147558246520232,1.00867425853989,2064.70735367684,0.00825464930959854
0.17874479320184,1.04413027541975,2058.85442721361,0.0262089932817859
0.145050377040846,1.0232988843187,2065.30765382691,0.013035513527406
0.17765904232073,4.92802801770652,2067.70885442721,0.0345833275143088
0.181044789857741,1.27358007675926,2059.6048024012,0.0291580643056073
0.199482308601871,1.00867425853989,2055.70285142571,0.0279303936737436
0.130715602623448,1.01158236655188,2069.2096048024,0.00420452109093286
0.193271725857062,2.86823283751515,2061.85592796398,0.046127565600464
0.153499439441935,1.01449885892793,2063.35667833917,0.0156519668144561
0.196638806602237,3.1450272019994,2061.85592796398,0.04982505122512
0.192509403912305,1.48779514022745,2058.55427713857,0.0386067900162263
0.171279111098064,1.00577451078852,2059.90495247624,0.020874723484999
0.169784278804814,3.39924796097488,2067.25862931466,0.0277171569821554
0.186525763906243,68.070390112422,2080.01500750375,0.0466678394173486
0.182347376984587,2.03037797761035,2061.85592796398,0.0341666121821367
0.197975329838036,1.45392041663176,2057.65382691346,0.0423300731420905
0.172371374646842,1.01449885892793,2059.75487743872,0.0130598867423761
0.154556638585428,1.017423759841,2063.20660330165,0.00274831686767384
0.129778491940701,1.01449885892793,2069.50975487744,0.00663633667251659
0.195236067778606,7.24794774808137,2066.35817908954,0.0535180535196853
0.113030561615186,2.38558227120577,2082.86643321661,0.00624372849623632
0.150420116509003,1.017423759841,2064.10705352676,0.0137686005855661
0.138670119231076,1.01158236655188,2066.95847923962,0.00462610768650395
0.169451335578213,1.00288309926358,2060.20510255128,0.00330274163585266
0.192080002852117,1.12853005133194,2057.2036018009,0.0345853610615495
0.115680242246808,1.01449885892793,2074.31215607804,0.00168724015211871
0.117540525631314,1.00867425853989,2073.56178089045,0.0019822509167311
0.149477569030816,1.00577451078852,2064.25712856428,0.00720707683759898
0.194336755054949,1.71320152422168,2059.00450225113,0.0418548912247669
0.186283576135575,1.00577451078852,2057.50375187594,0.0216860320158672
0.171632127451137,1.017423759841,2059.90495247624,0.00881844210103414
0.0793197400096962,1.00288309926358,2094.42221110555,0.00119110635622607
0.190699678318253,1.04112859832463,2057.05352676338,0.0323826762300371
0.157043924965881,1.00577451078852,2062.60630315158,0.00927911212519332
0.181206975044718,1.00288309926358,2058.25412706353,0.021403843833735
0.177695185766636,1.01158236655188,2058.85442721361,0.0146110649954715
0.0764105763762794,1.00867425853989,2096.97348674337,0.00129315441856258
0.194384467521736,2.54889290196729,2061.10555277639,0.0458991902338427
0.156184327770475,1.00288309926358,2062.75637818909,0.00819204726045459
0.137077532972475,1.01449885892793,2067.40870435218,0.00306128272972271
0.176700899598266,3.25557838997471,2065.60780390195,0.0322048210706513
0.192869852140043,1.01449885892793,2056.60330165083,0.0110240575642675
0.186180141517346,1.00288309926358,2057.50375187594,0.00792464678272639
0.190325980152407,1.5850757161707,2059.30465232616,0.0373894471401383
0.160926771701348,1.01158236655188,2061.85592796398,0.00106600176519878
0.189136053752285,1.91677282105974,2060.50525262631,0.0383179258216266
0.161581276953268,1.00867425853989,2061.70585292646,0.00375819349419149
0.170460588344445,1.00867425853989,2060.05502751376,0.0201602273587891
0.141396719564561,1.00577451078852,2066.20810405203,0.00431044682744109
0.18740580889841,2.00136053357019,2060.95547773887,0.037707053468968
0.165438819686405,14.6315832552147,2077.1635817909,0.0264483278279144
0.189530903799718,10.9083594392703,2069.65982991496,0.0474481294586656
0.15593992717327,1.44974067037263,2065.15757878939,0.0176972880435138
0.151698289545885,2.76286929599819,2070.41020510255,0.017311392290402
0.184389175527578,1.01158236655188,2057.80390195098,0.0043951146566615
0.160342390101027,5.38806539618403,2072.3611805903,0.0226513279270502
0.192744891849591,1.16149208345279,2057.2036018009,0.0355934646994293
0.197035977755369,1.00577451078852,2056.00300150075,0.00473518060185268
0.177897795358787,5.22010717715947,2068.00900450225,0.0347840380507311
0.136916019035906,1.00867425853989,2067.40870435218,0.00162210464049198
0.180971696627713,1.07772542117776,2058.55427713857,0.0280542619028148
0.197191748057676,1.01158236655188,2056.00300150075,0.00480583220953334
0.192545787395677,4.73335188912938,2064.55727863932,0.0490535950082024
0.190521738439173,1.00867425853989,2056.90345172586,0.0166984252690423
0.133079642755355,1.00577451078852,2068.45922961481,0.0086878301719191
0.140697413988698,1.00288309926358,2066.35817908954,0.00554072774965737
0.179307903522262,1.77853540743712,2061.70585292646,0.03090498434923
0.192820399494598,1.43314150019665,2058.40420210105,0.0379469346708316
0.180581859774734,1.01449885892793,2058.40420210105,0.0100147050140812
0.187072365370459,7.87905475386486,2068.30915457729,0.0449550383816473
0.139337495170811,1.01449885892793,2066.8084042021,0.00499216093378113
0.198144732883096,1.00577451078852,2055.85292646323,0.0301631267987364
0.176883189620801,1.3804955427344,2060.65532766383,0.0278073059391952
0.154009361920562,1.80952418124502,2066.95847923962,0.0176795401354154
0.185101263718353,1.00288309926358,2057.65382691346,0.0166810385179127
0.093502626377215,1.00288309926358,2084.66733366683,0.00106450067944777
0.169099315850477,2.25859550568368,2065.00750375188,0.0258593142942833
0.0853744625188572,1.00577451078852,2089.91995997999,0.00223439570094875
0.191765894693769,1.01449885892793,2056.75337668834,0.0144046253559503
0.193559257561379,15.4542261000141,2070.56028014007,0.0538599630849954
0.140729527675365,1.00288309926358,2066.35817908954,0.00128941856421413
0.195982416677665,1.00867425853989,2056.15307653827,0.00594401031504758
0.179534112183151,3.68461060628057,2065.75787893947,0.0347892036113472
0.0918432127390837,1.02035709353375,2085.86793396698,0.00178142076504937
0.168066520918782,1.1715671660767,2061.25562781391,0.0222977048444718
0.186362063717216,1.00867425853989,2057.50375187594,0.0130132486001809
0.173317118675423,1.01449885892793,2059.6048024012,0.0167107780497062
0.186613435136057,16.7998856852757,2072.51125562781,0.0455772817271478
0.181964554479222,1.62200621191813,2060.80540270135,0.0316798340379013
0.195133368806823,2.35826794741131,2060.65532766383,0.0453386529769062
0.158803410080629,1.01449885892793,2062.30615307654,0.00416158468700224
0.155264435768763,1.017423759841,2063.05652826413,0.0101138370597039
0.152157974685249,1.00577451078852,2063.65682841421,0.0126669190088162
0.158026265426482,1.01449885892793,2062.45622811406,0.00334301682488331
0.196401338829932,3.13598584352336,2061.85592796398,0.0497379664435193
0.17310735699074,1.00867425853989,2059.6048024012,0.0165760353898763
0.102077881249966,1.01158236655188,2080.16508254127,0.00238433610622895
0.110232647723658,3.02078648791353,2086.46823411706,0.00575747580279074
0.194561062645697,3.16318819550752,2062.15607803902,0.0482229423192798
0.117069456781386,1.00577451078852,2073.71185592796,0.00527808707389213
0.111963112243636,1.017423759841,2075.81290645323,0.00148043532821171
0.196988985965221,1.00577451078852,2056.00300150075,0.00415401081501113
0.196200402401286,1.01449885892793,2056.15307653827,0.0327780967361398
0.198379379742184,1.01158236655188,2055.85292646323,0.0125011573632611
0.157508602654736,45.4898472606078,2086.7683841921,0.0217454278995798
0.160520272626331,25.5771389596111,2082.11605802901,0.0234077499370412
0.187531166391942,1.01158236655188,2057.35367683842,0.0127691462913863
0.186264515380226,1.00577451078852,2057.50375187594,0.0129580247192672
0.16378318286417,1.70827639380871,2064.4072036018,0.0219852444056156
0.182345314376282,1.00867425853989,2058.10405202601,0.00806651728121202
0.192458938883616,1.00288309926358,2056.60330165083,0.0180236126944883
0.179502750696724,1.53566531100084,2060.80540270135,0.0301778454479307
0.180430192903056,1.00867425853989,2058.40420210105,0.0154006590494394
0.168185183426226,1.01449885892793,2060.50525262631,0.00361416679084946
0.186390914174321,1.00867425853989,2057.50375187594,0.0296395202184131
0.135676926187728,2.54156531687388,2074.61230615308,0.0113771847537572
0.158876428282643,1.017423759841,2062.30615307654,0.0043536393681988
0.132750334429616,1.01158236655188,2068.60930465233,0.00535036291993703
0.146582887857287,1.017423759841,2065.00750375188,0.00193411622309319
0.166471859767338,1.01449885892793,2060.80540270135,0.00498966531049101
