0.190002299468982,41.3670130706622,2063.50675337669,0.519951523993965
0.182575389522547,4.39198314906283,2052.4012006003,0.187790482109945
0.159935922551739,7.65545473146367,2059.15457728864,0.185018409229306
0.185131572001235,8.94309557251015,2056.00300150075,0.305728495423837
0.184092877359227,6.78356302734552,2054.65232616308,0.258925764075587
0.141216286902611,6.31248050684326,2061.55577788894,0.120586068258093
0.189354568647114,9.86276078296599,2056.00300150075,0.341367355036378
0.134073033262346,8.78994173863968,2065.75787893947,0.11244763737565
0.127300999242865,2.23917234584048,2056.60330165083,0.0581606021897118
0.18166253297605,3.82512526006857,2051.80090045023,0.16596066533736
0.196335586438381,16.2294041616006,2057.65382691346,0.47214401795699
0.182420082114022,13.4596032415536,2058.70435217609,0.344056296595291
0.148796063750319,9.63820144251651,2062.90645322661,0.158720604462785
0.176223730017879,14.3810119566121,2060.05502751376,0.313193614010523
0.185787876713338,14.0940971036004,2058.40420210105,0.373647416613885
0.192815820484279,14.2163529457634,2057.50375187594,0.420418794693215
0.197041101883645,7.52435222533039,2053.60180090045,0.324481678087071
0.19572320216609,51.4846683497677,2063.65682841421,0.60788904697204
0.174114556020807,4.46850800867783,2053.60180090045,0.173715688029122
0.190454387394255,3.95958264771409,2050.90045022511,0.183739616792777
0.19720113809635,76.158859212841,2065.30765382691,0.666495623000533
0.123967044985149,3.79223047250718,2061.85592796398,0.0701457980151902
0.147573310031502,33.2376574471234,2071.6108054027,0.186026044749676
0.198177967658324,9.33775684323017,2054.50225112556,0.378452210456105
0.195905971609722,7.4811522310616,2053.60180090045,0.321244961479918
0.170306772371004,2.47655776434198,2050.45022511256,0.102260565419315
0.133254019795668,12.169460288151,2068.45922961481,0.116953924370005
0.183765291684875,11.9955386652786,2057.80390195098,0.340615269111661
0.196430942249237,64.2616671010127,2064.70735367684,0.629425567946619
0.173960428466944,6.11570617216135,2055.55277638819,0.210090066287544
0.190556831691621,49.4508252223751,2064.4072036018,0.533397527347886
0.175424132759738,35.9243440670047,2065.45772886443,0.367536344287751
0.19271443391373,3.70588742997801,2050.30015007504,0.174756902803157
0.137803724023053,1.97275779657863,2053.60180090045,0.0616261933806265
0.197280705772354,17.9499612710559,2057.95397698849,0.502803213322874
0.199248421932443,25.3571841881197,2059.45472736368,0.576904769124314
0.13704673153484,1.45392041663176,2051.35067533767,0.0470095948750191
0.144184480085483,2.43414579263315,2054.05202601301,0.0783047042929821
0.19407736318946,19.4009034997931,2058.85442721361,0.483814828841641
0.192389835264624,10.3574730860055,2055.85292646323,0.365445647126942
0.195082488047613,17.4405585739443,2058.10405202601,0.47946275204336
0.128347665614018,2.89311263070037,2058.55427713857,0.0679304147044954
0.188916257667517,3.66345594042931,2050.60030015007,0.16913480299248
0.186489681519274,71.8975644100998,2067.10855427714,0.508489555219667
0.189549311722416,19.1236326478425,2059.45472736368,0.442100063184274
0.156370611011912,12.8536732852339,2063.20660330165,0.199619911796917
0.188546260611959,4.3542135747773,2051.65082541271,0.196970374729103
0.0485923118738558,1.00288309926358,2081.36568284142,0.00461251434009267
0.191944244628812,67.874700613069,2065.75787893947,0.574916713452264
0.183778818706644,5.23515726431772,2053.30165082541,0.216920678174796
0.167678158062164,2.91820823764409,2051.80090045023,0.116629146292959
0.199247278832824,6.68661474347447,2052.70135067534,0.306855469586186
0.192535258422292,11.4555185704036,2056.30315157579,0.387239474857272
0.199184386797272,21.5195511317025,2058.70435217609,0.545068156282029
0.177631436691079,3.9368492691367,2052.4012006003,0.164129258515079
0.172258867955145,7.24794774808137,2056.75337668834,0.224187564172756
0.187944230606161,3.46844676966084,2050.45022511256,0.15941857172574
0.165116206956867,5.97646129188652,2056.75337668834,0.181380649542022
0.193489091437415,20.4916955329151,2059.30465232616,0.480611651832484
0.158203104679236,4.37935702804035,2055.85292646323,0.138560378147773
0.143724350491577,7.97031285410644,2062.75637818909,0.134867339056942
0.128127078363801,1.95017021036364,2055.25262631316,0.0538955271989478
0.185531509220827,14.9724828208773,2058.85442721361,0.375710917435395
0.182022061970914,37.9441463047634,2064.55727863932,0.424879794456061
0.116128781343703,3.86942926293753,2064.10705352676,0.0601274127192962
0.188898099243219,8.68929909148323,2055.40270135068,0.316981183278757
0.174825164801153,17.5918424880948,2061.55577788894,0.316900234953958
0.165206248598009,2.57841511385935,2051.35067533767,0.102431649789607
0.196465100442336,32.7626366009394,2061.25562781391,0.571158482559545
0.124164914108519,12.0301229939707,2071.31065532766,0.0918009723292529
0.116522499107348,14.5475781084805,2075.66283141571,0.0768732713331358
0.187395317932475,4.20635552139048,2051.65082541271,0.189154158518389
0.109710805597987,3.49853297367273,2065.15757878939,0.0503831593871631
0.151325705554393,1.68386231169735,2050.30015007504,0.0610321903166496
0.160011986919857,6.06311316104581,2057.65382691346,0.168318351895902
0.0878330755063805,21.2120013170279,2094.87243621811,0.0347015546228181
0.198560049889159,65.9484816627422,2064.4072036018,0.669809646559122
0.198478668273125,104.533336801941,2066.8084042021,0.687908392107461
0.154060307035069,2.25859550568368,2052.10105052526,0.0820190945912088
0.170609133363416,29.1149486853426,2065.30765382691,0.315730121850998
0.186142304381401,24.0766133741283,2061.25562781391,0.436038009003062
0.169223294047005,20.788801735641,2063.50675337669,0.29378581586789
0.19674935934818,17.5918424880948,2057.95397698849,0.492962068275043
0.134576844054312,1.21975208146059,2050.15007503752,0.0386097601797563
0.177636102491236,5.94214829246472,2054.8024012006,0.218468588484582
0.199783450037915,5.22010717715947,2051.35067533767,0.25256287479084
0.17950306063039,7.37423424898408,2055.70285142571,0.254938093027622
0.189187329928413,6.68661474347447,2053.90195097549,0.2736906649352
0.198514957258645,15.4987821679022,2057.05352676338,0.486372369649968
0.168224860709726,2.48369792620856,2050.75037518759,0.101004404870263
0.184468136559603,14.3810119566121,2058.70435217609,0.367416736912263
0.151322750055972,3.50861959151272,2055.55277638819,0.109520304300325
0.176975465025923,6.1687553886527,2055.10255127564,0.221174051337508
0.169921221454322,16.6075311717231,2062.0060030015,0.285909090450852
0.189933491716382,3.59036651349369,2050.45022511256,0.166702309765919
0.172935967491054,17.2905756504487,2061.70585292646,0.306931233509421
0.0961546595073721,1.00288309926358,2056.00300150075,0.0195581031835433
0.179794927754407,15.4542261000141,2059.90495247624,0.341214040336888
0.174488562231727,5.97646129188652,2055.25262631316,0.210245507328393
0.185629312453892,115.283045603569,2069.80990495248,0.514532063569029
0.190502609940991,5.99369202303595,2053.15157578789,0.25839399828102
0.140138685160877,1.4920846013006,2051.05052526263,0.0494583098151894
0.190444665803627,5.64206206761865,2052.85142571286,0.246773713948834
0.198718131954707,13.8926692519835,2056.45322661331,0.466586595367531
0.0931439376479446,1.87313095952011,2064.25712856428,0.027794557561395
0.189878097106598,33.5259694810802,2062.45622811406,0.498299693978256
0.110332024085159,3.92553157195246,2066.05802901451,0.0528717472553158
0.187144549125149,8.66431899975565,2055.55277638819,0.310189530095174
0.144847294893008,3.51873529007318,2056.60330165083,0.100132499089351
0.199481165619571,74.6394176073048,2064.85742871436,0.694410918373697
0.162694147203289,95.3333405319193,2074.31215607804,0.285767980156958
0.196256343173118,65.7588922489258,2064.85742871436,0.628037501998826
0.194345157257794,5.5454396587911,2052.25112556278,0.253328361130964
0.157134538516637,23.3933421622917,2066.8084042021,0.227596992726925
0.187032901900923,5.59354223610883,2053.15157578789,0.237033262270551
0.135709338527676,3.53905426496764,2058.55427713857,0.0854429215303182
0.135007827724728,57.9349631659321,2079.71485742871,0.136427091988263
0.188707456203851,11.1304219326752,2056.75337668834,0.356218553317674
0.197879405191225,9.31091255809072,2054.50225112556,0.377441368076786
0.195462777885832,14.7585013912184,2057.2036018009,0.453553239951381
0.127482507010227,3.43861929685961,2060.05502751376,0.0729478724220771
0.163104653064894,2.23273514877728,2050.75037518759,0.0878411376942337
0.183678331016988,11.8923810771604,2057.80390195098,0.337653414994473
0.188228347772409,8.08587329578959,2055.10255127564,0.30172711994944
0.195710108852202,8.32204495553973,2054.20210105053,0.342930347478978
0.194526183157193,3.77045792255574,2050.15007503752,0.179913145774253
0.187526793519649,6.24020417473294,2053.75187593797,0.255867543653034
0.199567735209728,25.5771389596111,2059.45472736368,0.581670629705935
0.183954967602617,3.52888015319671,2051.05052526263,0.157657395824413
0.183728134596149,5.41917883794353,2053.45172586293,0.222492656832332
0.191863052251262,11.4555185704036,2056.45322661331,0.380371002529346
0.148950642901118,9.47314366240347,2062.75637818909,0.158479020246451
0.145192801424432,10.1508316565282,2064.10705352676,0.148081587555422
0.173985044761172,9.04667778353943,2057.80390195098,0.253887344324854
0.164986338835016,7.6115020308696,2058.25412706353,0.201819312425262
0.16862144089105,29.6222405590191,2065.75787893947,0.305220220923558
0.19025781121426,9.58286508470002,2055.70285142571,0.341634772335402
0.112287176813291,11.4555185704036,2075.21260630315,0.0672126651184528
0.157340997759507,7.41681684421187,2059.45472736368,0.173525583419721
0.19861886430572,21.0902156392867,2058.70435217609,0.534485010701544
0.180770071378995,18.053613516069,2060.65532766383,0.360890142545475
0.156065044732821,10.0635379267258,2061.70585292646,0.18629097696026
0.187748557932331,12.7431360287119,2057.65382691346,0.369482979397479
0.166049801214842,2.46943812909056,2051.05052526263,0.0988139053245168
0.190143986348023,20.8487379146156,2059.90495247624,0.452469208422638
0.128205949513583,1.85168407581574,2054.8024012006,0.0519705785246844
0.194081110523612,19.2340622708831,2058.85442721361,0.480219209529502
0.191629104296765,16.0435815196353,2058.25412706353,0.432787287223742
0.10771390335654,29.7076444189603,2086.0180090045,0.0632963271468481
0.156475792421162,70.8700298451568,2074.16208104052,0.241503677492719
0.0993289426533455,1.12205075712963,2056.45322661331,0.0235788412924414
0.195077498462495,25.8733827583896,2060.20510255128,0.532190163869081
0.191826252739663,15.3213249660846,2057.95397698849,0.429026103725187
0.132929038367421,9.20430492459876,2066.50825412706,0.109523564440986
0.162414752228713,80.2095456951702,2073.26163081541,0.284489569078733
0.189831421467563,13.4209094274668,2057.50375187594,0.396378364894194
0.189759439839715,6.88191695070772,2054.05202601301,0.279869678459753
0.166604606038428,3.17230798106454,2052.55127563782,0.12368654338104
0.190731744417937,3.65292419736599,2050.45022511256,0.170404342090288
0.0523034670847028,1.00288309926358,2077.76388194097,0.00248972295083795
0.168882098832595,5.2653877364201,2055.40270135068,0.179252014365524
0.193467709647545,8.73947554283164,2054.8024012006,0.340415725541638
0.172560458544523,53.14120008554,2068.30915457729,0.357659590345343
0.165130814304603,3.16318819550752,2052.70135067534,0.121606678436367
0.171374309169737,9.36467852310833,2058.40420210105,0.24657068254776
0.151932806956294,12.5972302899552,2063.95697848924,0.182079958315728
0.194698768272458,17.8469041306121,2058.40420210105,0.472402507682986
0.198963378915033,18.4742425689144,2057.95397698849,0.517575627128914
0.17211572845634,19.3451295709733,2062.60630315158,0.30484795393652
0.171013453623104,8.94309557251015,2058.25412706353,0.239004222921121
0.185166337109086,3.9368492691367,2051.50075037519,0.175502822616565
0.14900620950575,31.4683859934887,2070.86043021511,0.191491328264596
0.100249905105552,6.36723659478765,2074.61230615308,0.0455012009223302
0.137179604858111,2.00713065465068,2053.75187593797,0.0621887172931326
0.162455869528852,4.70617602490094,2055.55277638819,0.154537289395404
0.181179731396101,92.8949270465273,2069.65982991496,0.451299278264809
0.0480527282130528,1.00288309926358,2081.9659829915,0.00449296445472103
0.171947450314139,9.07276025359497,2058.10405202601,0.24679143739028
0.186720339810568,4.49431145638251,2052.10105052526,0.1986781448975
0.198710966512711,4.98510624458552,2051.20060030015,0.240866315414252
0.196940610941732,7.02201277776474,2053.15157578789,0.311308109974465
0.182186880441692,4.45566189315493,2052.55127563782,0.189526380439638
0.160056373693851,6.94161247758823,2058.55427713857,0.177929685779619
0.18842727481283,13.0400368809022,2057.65382691346,0.377933436233069
0.195009597649562,12.9651693704974,2056.60330165083,0.426219439300464
0.146530531338455,2.23273514877728,2053.15157578789,0.0751314376595512
0.146716638730002,10.4473164853735,2063.95697848924,0.154124520361854
0.185011520219967,8.94309557251015,2056.00300150075,0.305918952014671
0.167224456597476,106.661331716613,2073.71185592796,0.325594887052158
0.186867121408513,3.9368492691367,2051.35067533767,0.177562132330145
0.18849764676977,6.11570617216135,2053.45172586293,0.256870637417873
0.139345724433214,5.56142771178757,2061.10555277639,0.110648002440231
0.149678084051398,8.6145740489714,2062.0060030015,0.156019480901268
0.187915212768728,4.27964604980107,2051.65082541271,0.193057063781519
0.14691864401736,5.38806539618403,2059.30465232616,0.126344666789429
0.120036913250229,1.68871705388817,2055.70285142571,0.0432963433616444
0.164715444737725,16.4173790695188,2063.05652826413,0.25142718102553
0.192264646324148,6.06311316104581,2053.00150075038,0.265567357421269
0.195171476086052,8.41843393067599,2054.35217608804,0.34189762057066
0.11972530106236,1.50070065992818,2054.65232616308,0.0396551018822742
0.162697443375121,9.07276025359497,2059.75487743872,0.206558741967533
0.19747474660725,6.20437693319619,2052.55127563782,0.284555946562443
0.190925835557297,8.01633751167032,2054.65232616308,0.312983927774412
0.17742774578552,22.1480927773524,2062.30615307654,0.356521023927369
0.0477893996070054,1.00288309926358,2082.26613306653,0.00364000354771186
0.0699275184082104,1.00288309926358,2065.75787893947,0.00256351614638776
0.189000853953295,11.2269700901773,2056.75337668834,0.359579441754353
0.186149530623099,4.63891702142887,2052.25112556278,0.203276465040109
0.191355110138124,11.2593385593765,2056.45322661331,0.373601615643183
0.0945591276128479,5.38806539618403,2075.51275637819,0.037942776207772
0.188327382350805,3.90299369276608,2051.05052526263,0.178523630539953
0.141546120174912,7.08292353206951,2062.30615307654,0.125920347122034
0.190873969189478,9.20430492459876,2055.40270135068,0.337423810856016
0.116831269980955,2.33798763817471,2059.30465232616,0.0498936322457252
0.133106246197041,21.3344902474791,2072.81140570285,0.123714610545057
0.139141261736759,1.92784124639408,2053.15157578789,0.0616376626133623
0.194804904559809,30.8405617924466,2061.10555277639,0.554311806157987
0.171055860245371,2.7391095515787,2051.05052526263,0.113124170363944
0.189101897837582,37.4018619842125,2063.05652826413,0.508135132084406
0.128577380589865,2.15071639511557,2056.00300150075,0.0578139183578686
0.183954198342733,7.22711126890421,2054.95247623812,0.269581553063083
0.1653549244083,11.3570049730287,2060.65532766383,0.233352780324953
0.198217779145822,19.9101608535235,2058.40420210105,0.526393488904839
0.19034770627109,9.2308418493486,2055.55277638819,0.333759986014947
0.188108838040612,7.56780167843215,2054.65232616308,0.293034504368344
0.184640533014892,11.756216271046,2057.65382691346,0.339929885063365
0.191011345434461,17.0926028588123,2058.70435217609,0.435731928777526
0.15817769234134,9.91971340151178,2061.10555277639,0.195512021016158
0.197258847033817,10.8769999686707,2055.40270135068,0.40637194317447
0.152026014123844,3.31230280598519,2054.95247623812,0.107129468054015
0.181094390654832,4.99947880072813,2053.30165082541,0.204065005893249
0.139632069398825,3.27437776251048,2057.05352676338,0.088552289183429
0.199194140582856,5.75691805285236,2051.95097548774,0.27251341383496
0.0928850778149092,1.00288309926358,2056.90345172586,0.00872952719574092
0.196827921494045,5.19013667692469,2051.65082541271,0.245705745550469
0.155996958745166,9.86276078296599,2061.55577788894,0.185574319001508
0.166008958924148,20.9088468955437,2064.25712856428,0.271121464732088
0.119501360358037,14.9724828208773,2074.7623811906,0.083482691810495
0.174745200503706,9.83440721077889,2058.10405202601,0.268148315379105
0.0998721029280631,8.54049161663095,2077.76388194097,0.046822632982875
0.180183801917692,4.44285270778494,2052.85142571286,0.184541804449385
0.182487549921145,4.25507507288674,2052.25112556278,0.183314724917461
0.142598494246594,3.89177332396176,2057.80390195098,0.101397153098275
0.190325676270736,4.40464567244553,2051.50075037519,0.201869904745781
0.177832579909538,8.68929909148323,2056.90345172586,0.268755308617482
0.159714727515673,43.9451273819645,2070.26013006503,0.255137873330228
0.192284816732521,50.4575002967478,2064.10705352676,0.565530196808478
0.15905144086753,9.02067029565308,2060.35517758879,0.192848262991615
0.190966598150689,4.59902389909696,2051.65082541271,0.210646465832073
0.191520636990858,13.8527304550101,2057.50375187594,0.409216746633304
0.16651644961802,4.91386086905364,2055.25262631316,0.167430613231722
0.184540006299035,4.97077500682395,2052.85142571286,0.211047959656255
0.159097321850241,31.6501005279053,2068.30915457729,0.245537738001221
0.157909908371907,6.09812467340626,2058.10405202601,0.162022287938101
0.0962170468965693,1.00288309926358,2056.00300150075,0.0140612869582288
0.0890215769556285,1.96708649096514,2066.50825412706,0.0256637580718006
0.160091210840273,13.1910713679069,2062.60630315158,0.217473878017206
0.184679789973979,35.3091263296414,2063.65682841421,0.447768881421378
0.190938558902748,39.0524164547872,2063.05652826413,0.524772537584418
0.144151679035369,6.33068001474387,2060.95547773887,0.127760447609406
0.162990142219535,46.2824514344805,2069.80990495248,0.276001766476072
0.184191451077805,120.024475679838,2070.41020510255,0.491570673245363
0.164549238598651,8.22675961020021,2058.70435217609,0.2088976750325
0.172890830198643,2.80292774815717,2050.90045022511,0.117407428486659
0.101655628806131,1.6984685687346,2060.35517758879,0.0317442712570347
0.151246592484881,21.273157622404,2067.70885442721,0.192861608062469
0.124947324956363,16.9456122371505,2073.71185592796,0.0985323379495618
0.19266612572414,6.15102138343189,2053.00150075038,0.26943018789324
0.147722137058756,14.0940971036004,2065.75787893947,0.167686370857451
0.142835554788994,10.783461436218,2065.00750375188,0.143706243665795
0.138535136318565,4.23064516672908,2059.30465232616,0.09753678100212
0.0961598868125815,1.00288309926358,2056.00300150075,0.00388571026866639
0.141899401714852,1.37652687910296,2050.15007503752,0.0462722302682302
0.133440247267854,14.5895202202118,2069.80990495248,0.120194648638648
0.174217184649794,59.114350629975,2068.60930465233,0.372288796512863
0.155409150099832,6.40400427119728,2058.85442721361,0.158467973369776
0.193072338553781,37.1871245324062,2062.45622811406,0.544240555431205
0.183349298340273,4.71974439753259,2052.70135067534,0.2007948742126
0.162159061956804,12.7431360287119,2062.0060030015,0.224543735386688
0.190443285313266,46.8185117519142,2064.10705352676,0.531408148771951
0.192773793672463,6.53437118513655,2053.30165082541,0.281955551328543
0.170224793396776,2.50524216415549,2050.60030015007,0.103470248552662
0.0579471259340805,1.00288309926358,2073.11155577789,0.00162533755885518
0.110413609105945,3.92553157195246,2066.05802901451,0.0528186264641302
0.150994891371548,2.90145376159538,2054.20210105053,0.0968267349930977
0.187539137981257,62.4379825789225,2066.20810405203,0.509683918776887
0.199078943771348,103.634385349794,2066.65832916458,0.69679551413354
0.195079727956952,33.7195655535441,2061.55577788894,0.564098315033348
0.197942084418647,144.307805522233,2068.45922961481,0.702399692250398
0.187830787344132,34.208460777616,2062.90645322661,0.479089262501219
0.163187756748991,9.25745528268664,2059.75487743872,0.210575086015245
0.147561483423526,23.0590127888488,2069.2096048024,0.17773013730332
0.167669763857161,41.8461409792029,2068.00900450225,0.310880668356853
0.13863885168415,5.40359972355987,2061.10555277639,0.107497657300842
0.166284071077625,8.51593931825384,2058.70435217609,0.216407195689926
0.199210484053925,52.3817248465878,2063.20660330165,0.652999825059688
0.0686994065734628,2.44116367657533,2080.61530765383,0.0157811382954021
0.188430923371609,10.3873347090322,2056.45322661331,0.342638144448792
0.196619332079489,14.716073490575,2057.05352676338,0.460851333245624
0.199605164364258,12.7431360287119,2056.00300150075,0.450155100742207
0.182833320452483,22.7949928263862,2061.55577788894,0.399738856781039
0.184842266563551,5.2653877364201,2053.15157578789,0.220658045472072
0.159076033491864,14.8437245167243,2063.50675337669,0.219909902842739
0.166836500820959,19.1787679790464,2063.50675337669,0.274436524637616
0.181797216413487,11.9266679922861,2058.10405202601,0.326865613944468
0.0508779089017626,1.00288309926358,2079.11455727864,0.00269535192338624
0.0924561054047154,1.00288309926358,2057.05352676338,0.0102492284673419
0.183234548103263,14.4640552653053,2059.00450225113,0.356654782221098
0.139505230345533,3.86942926293753,2058.40420210105,0.0957026730314559
0.197810904391017,6.42246765119551,2052.70135067534,0.2931001412416
0.195018271254045,21.4576864915806,2059.30465232616,0.502514985713902
0.173321439415738,4.66570449781614,2053.90195097549,0.177736649015998
0.187313773412995,16.3231210310229,2059.00450225113,0.401334073644634
0.168914187124943,41.6058873339274,2067.70885442721,0.319442719346346
0.186461050111244,21.3959997006003,2060.50525262631,0.430853983399115
0.196925442295007,5.99369202303595,2052.4012006003,0.275771114295864
0.0827694951841371,3.10901742259474,2075.06253126563,0.0249353509598376
0.192011105187068,34.8045007827355,2062.30615307654,0.524658558027462
0.170884217946101,5.28056837192541,2055.10255127564,0.18505597968379
0.184864221828148,7.22711126890421,2054.95247623812,0.270062793654053
0.143780132737278,1.47076025583445,2050.30015007504,0.0503262182015926
0.164313847980297,16.6554123326141,2063.20660330165,0.250623428171303
0.147388206515497,11.0029813692926,2064.10705352676,0.159146832754486
0.164488286923282,2.71555413295041,2051.80090045023,0.10628578445599
0.171157200466895,3.19062650772569,2051.95097548774,0.129681888207904
0.134871596635726,5.14550325140415,2061.55577788894,0.0983554548691835
0.125783546862996,1.52245910708953,2053.60180090045,0.0434291053010696
0.152578034830642,2.60078095318014,2053.30165082541,0.0906214610282774
0.124214410313527,15.7688292262238,2073.41170585293,0.0956951623502123
0.19453145378705,36.8673277993992,2062.15607803902,0.562032923973952
0.166083371768287,2.44116367657533,2050.90045022511,0.0979821086778556
0.18124099899878,3.04698957090351,2050.45022511256,0.134743570496852
0.13343022340685,2.66904925964653,2056.75337668834,0.0711112221404314
0.134102341447776,1.60805750536954,2052.55127563782,0.0501002271919196
0.144889979789481,1.84105289600553,2051.95097548774,0.0628615968654567
0.189264652334029,5.65832869261085,2053.00150075038,0.243792511254666
0.190708092379811,32.6684502161789,2062.15607803902,0.507117209387628
0.166006995000068,88.7129450016296,2072.96148074037,0.311367033530485
0.181174902971399,17.1913042784243,2060.20510255128,0.364204745871315
0.16286549241413,2.90145376159538,2052.4012006003,0.110911805666914
0.111693447360245,2.07171057200942,2059.6048024012,0.0424579309554027
0.18111358264718,7.4382002633935,2055.55277638819,0.261714566923236
0.196914647963392,15.4097981223956,2057.2036018009,0.473809613142085
0.0944951205302726,1.00288309926358,2056.45322661331,0.0131620793558323
0.14599222815375,3.19062650772569,2055.70285142571,0.0961072371648809
0.168073499421296,3.79223047250718,2053.45172586293,0.143789244422713
0.185678106265244,9.25745528268664,2056.15307653827,0.313188870537308
0.177857823916352,92.8949270465273,2070.41020510255,0.415341604593093
0.175238407546579,22.9266227583863,2062.90645322661,0.342221490225592
0.188128206299141,8.34603823722249,2055.25262631316,0.30771731961209
0.196379690490415,144.723859250063,2068.75937968984,0.679097300711813
0.113257311364746,1.31077872056062,2054.8024012006,0.032632092624037
0.199267598528559,31.6501005279053,2060.65532766383,0.599979610720105
0.143373828620346,7.83381828565906,2062.60630315158,0.134781611998177
0.195320207447912,4.45566189315493,2051.05052526263,0.211586326966936
0.178964961954466,21.273157622404,2061.85592796398,0.362493381327152
0.198164295157012,26.4762037102107,2059.90495247624,0.565248383460071
0.152946189568831,3.60071789654471,2055.40270135068,0.114210259125649
0.198765644126172,24.3554775355552,2059.30465232616,0.566994353249291
0.188217036636065,24.99478827893,2061.10555277639,0.459363740192515
0.0399719241426001,1.00288309926358,2092.47123561781,0.00446764164757214
0.171104405376241,10.4473164853735,2059.15457728864,0.253805154846952
0.195222447179308,67.2910010723591,2065.15757878939,0.615189349609866
0.199328716330775,17.1418825295271,2057.50375187594,0.508705469166826
0.150579754473003,19.0138370407198,2067.10855427714,0.187363335248045
0.138502223498606,2.79486986091936,2056.15307653827,0.0791634640909159
0.0866872607032728,1.00288309926358,2058.85442721361,0.00730043342021876
0.126704638131367,11.0347040567755,2069.65982991496,0.0981305275076696
0.18497842325748,6.68661474347447,2054.50225112556,0.258365331459245
0.130454942589435,2.81100886708374,2057.80390195098,0.0696016873863028
0.183658091190655,3.52888015319671,2051.05052526263,0.157258383469799
0.193065436375853,11.6551167748285,2056.30315157579,0.394048656661269
0.182845484229003,21.7687984609418,2061.25562781391,0.398444376414943
0.0870748820461283,1.92229906736858,2066.95847923962,0.0243970953319761
0.120849160003378,2.16313573014221,2057.65382691346,0.0513836091106452
0.18122979149542,5.38806539618403,2053.75187593797,0.214824048497802
0.19881455555599,13.8926692519835,2056.45322661331,0.467034467389508
0.138686145925436,15.4542261000141,2068.75937968984,0.137081453028071
0.15951876131182,2.21353437928443,2051.20060030015,0.0845845489267875
0.189534032571038,5.99369202303595,2053.30165082541,0.25449676025302
0.197058105991168,34.4059979034348,2061.40570285143,0.584974224690233
0.195388108207721,16.5121814020749,2057.80390195098,0.471766973245878
0.120019651682538,1.10601480450688,2051.80090045023,0.030688597832055
0.121649490528445,1.08707389011608,2051.35067533767,0.0306894203992704
0.16192354469929,36.5502812104738,2068.60930465233,0.263732162902568
0.199130472969097,5.05738459676651,2051.35067533767,0.243652106943725
0.196159162869568,48.1859837890086,2063.20660330165,0.612198905593812
0.102221051469499,7.65545473146367,2075.66283141571,0.0489113140665171
0.18943996403107,8.06262793911584,2054.95247623812,0.30594472368073
0.10018755074652,1.91677282105974,2062.15607803902,0.032599970476579
0.183831107117751,24.7086041684656,2061.85592796398,0.413281086253281
0.192733852159343,11.4225861207707,2056.30315157579,0.386002079743698
0.133564999637019,13.0025492407616,2068.90945472736,0.118461074718012
0.198793771991791,47.0888657531278,2062.60630315158,0.651727162328584
0.192776258293445,54.3793307588897,2064.4072036018,0.57725942767424
0.152091516257208,2.69220128298041,2053.60180090045,0.0924727941986464
0.180188124436313,5.2653877364201,2053.75187593797,0.209334158749373
0.185531069387209,15.6782947440786,2059.00450225113,0.385838483746885
0.184745801795946,18.4211326150377,2060.05502751376,0.396094520259572
0.199353927483471,14.3810119566121,2056.60330165083,0.475857983151006
0.166633560309613,12.2045460501459,2060.80540270135,0.245961330829273
0.157650261547219,8.6145740489714,2060.35517758879,0.184319907397731
0.196076779956523,96.1602865751648,2066.8084042021,0.649048296772692
0.116781203433765,1.44974067037263,2054.95247623812,0.037118169268128
0.157381421031167,4.00544398533237,2055.40270135068,0.129968835162159
0.183776054837105,7.2688443008963,2055.10255127564,0.26723675692455
0.197933486760205,4.31676880609627,2050.60030015007,0.209305479177199
0.19868798332493,5.82359678794962,2052.10105052526,0.273772393730449
0.138068748581347,2.90981894079874,2056.60330165083,0.080213086843458
0.185552500912814,5.48194575365476,2053.30165082541,0.229084406824382
0.198773967510645,4.13432012050498,2050.30015007504,0.201498665659825
0.157158249274405,41.9667875574435,2070.56028014007,0.240706589625943
0.135773359170744,41.8461409792029,2077.01350675338,0.137695968714158
0.151974396540772,10.3574730860055,2062.75637818909,0.171933787319455
0.132835519033996,2.54889290196729,2056.45322661331,0.0688711648145389
0.192491403226732,3.95958264771409,2050.75037518759,0.186372598969939
0.164207372832127,5.40359972355987,2056.15307653827,0.17133975457077
0.194211570314615,5.16033824803901,2051.95097548774,0.238758573268907
0.160227510245486,2.76286929599819,2052.55127563782,0.103406508646461
0.196309954783032,4.84363370723389,2051.35067533767,0.230360443276531
0.160668902051773,6.61005466738882,2058.10405202601,0.176762821743121
0.197624577337513,24.4961185033437,2059.6048024012,0.546904597155751
0.165759051780673,41.7258412370602,2068.45922961481,0.295452880297053
0.168997199460935,2.54889290196729,2050.90045022511,0.104197641214981
0.196970978205,6.55321042588835,2052.85142571286,0.295480408051791
0.196488758889404,11.0665182039154,2055.70285142571,0.400215103669902
0.193769412747346,15.6332226114801,2057.80390195098,0.446362057057394
0.199296895701623,18.5809222819382,2057.95397698849,0.520985373189099
0.198141279877972,10.9083594392703,2055.40270135068,0.408550621736022
0.199216476641033,5.43480286846039,2051.65082541271,0.259813676528836
0.189861057989993,15.2333597657718,2058.25412706353,0.411102663134203
0.15290379890127,13.2291025360534,2064.10705352676,0.186930709257242
0.193042207937427,8.39423252506469,2054.65232616308,0.330087308595078
0.138174605903364,7.52435222533039,2063.65682841421,0.117648509431594
0.124655032627598,5.10125365829453,2064.10705352676,0.0786437265348878
0.164560818805956,9.80613514975012,2059.90495247624,0.219450715939647
0.158603090737494,3.51873529007318,2054.35217608804,0.12147356772634
0.174365584604223,12.4888983567305,2059.6048024012,0.287799869240955
0.164500939106949,2.34472828861258,2050.90045022511,0.0930780932654174
0.170566225857245,23.6642924260888,2063.95697848924,0.311837912096702
0.191721578076665,7.2688443008963,2054.05202601301,0.297931258328265
0.145344731101831,1.67902152597229,2051.20060030015,0.058027345269064
0.143840953222155,2.09570588324384,2053.00150075038,0.0695121277744552
0.134917188302796,4.20635552139048,2060.05502751376,0.0907726044072285
0.137009275981265,1.6984685687346,2052.55127563782,0.0541141694222438
0.16123487432077,115.283045603569,2075.81290645323,0.280532599989386
0.170328693119112,3.75961856902805,2053.15157578789,0.146146189129206
0.180951003987865,162.387515846255,2072.81140570285,0.45856639038987
0.179065131417175,74.2108860452115,2068.75937968984,0.431019060642831
0.172033233613197,10.9713498785374,2059.15457728864,0.266332759382591
0.191549467320003,14.8437245167243,2057.80390195098,0.423452226217422
0.192364959477024,7.74412301428478,2054.35217608804,0.311271263389215
0.145862786741241,9.91971340151178,2063.80690345173,0.149232338644367
0.198177303983621,20.9691291766305,2058.70435217609,0.531184949787232
0.171802584418946,60.840958726914,2069.35967983992,0.349600923039022
0.175426473116445,18.0017127911777,2061.55577788894,0.323795723468177
0.159711733701456,10.690727303607,2061.25562781391,0.20662044049732
0.18298133787433,16.5597876601153,2059.75487743872,0.371229328087733
0.159782743634799,7.92455244054436,2059.45472736368,0.185836167892688
0.165229820586893,3.79223047250718,2053.90195097549,0.138833235102267
0.192210099895649,29.8791915321589,2061.40570285143,0.517849140210784
0.134344794989497,6.20437693319619,2063.05652826413,0.103619996759116
0.188419140787432,25.2115995346114,2061.10555277639,0.463184480064904
0.191757636643095,12.9278969602916,2057.05352676338,0.402320643185186
0.0550476160038221,1.00288309926358,2075.36268134067,0.00708768624257312
0.194879321146576,42.087781971745,2062.75637818909,0.580795487770406
0.182767253278449,10.5987906532703,2057.35367683842,0.315502908037905
0.194527224766768,18.9046718094031,2058.70435217609,0.480737807941858
0.105222536418354,1.91677282105974,2060.65532766383,0.0360069107022136
0.141938757512689,9.94831291991456,2064.70735367684,0.137627769124696
0.120946910171937,1.08394875824941,2051.35067533767,0.0303846107271762
0.164266653113386,2.61579919085284,2051.65082541271,0.102633088581146
0.184264094720329,16.7998856852757,2059.6048024012,0.383349642331386
0.185406257868492,6.57210398204128,2054.35217608804,0.257266907682295
0.199936918951375,4.09876636139165,2050.15007503752,0.201396636986325
0.143981642001868,6.1865405227709,2060.80540270135,0.126633555538625
0.195857130006095,53.4480645187486,2063.80690345173,0.614543189802524
0.192511705949024,12.7431360287119,2056.90345172586,0.403753205392049
0.119505391474643,5.92506573979369,2066.8084042021,0.0729859948108647
0.198419525152627,17.4908414355252,2057.65382691346,0.509487409440327
0.12115799150901,3.77045792255574,2062.45622811406,0.0664617429048043
0.178474181677955,101.566780891269,2070.71035517759,0.428057432745719
0.195010380448941,4.55947384416678,2051.20060030015,0.215656223190736
0.170556824957235,56.6158764108344,2069.2096048024,0.338193440661907
0.146571625931392,42.4528622739386,2073.56178089045,0.184667772203621
0.165141612183139,3.54925770971272,2053.45172586293,0.132547457994975
0.195955879655435,4.97077500682395,2051.50075037519,0.235090960072742
0.185876842386404,19.4568382303861,2060.20510255128,0.408662192537526
0.162987536487771,6.0805937181354,2057.2036018009,0.176617654980416
0.165709468475785,8.56511470172144,2058.85442721361,0.214396096951349
0.180806305316006,10.2094477434412,2057.35367683842,0.303377605679065
0.186831770804581,7.39549489831676,2054.8024012006,0.281416058708466
0.187848777515925,9.77794436555052,2056.15307653827,0.331926407369442
0.155694818444815,17.7444386780296,2065.45772886443,0.208673692709598
0.198086013536081,46.5497099496079,2062.75637818909,0.630872215209606
0.185736025169592,6.78356302734552,2054.50225112556,0.263043671375657
0.127448327335914,1.88937898174206,2055.10255127564,0.0522180974165201
0.184964764091767,4.73335188912938,2052.55127563782,0.203760451180123
0.17099967682735,20.8487379146156,2063.20660330165,0.304322624136402
0.193256526558256,44.5822815844455,2063.35667833917,0.562555549456851
0.121650558081973,5.07196553857306,2064.85742871436,0.0737079649878992
0.194099758887046,7.67752616736229,2054.05202601301,0.3178858527925
0.191223408872722,3.9368492691367,2050.75037518759,0.184020714166627
0.172289809851289,165.216916923537,2075.06253126563,0.36927533303758
0.197795203433088,38.7165788401476,2061.85592796398,0.610129145314385
0.193469500552543,31.6501005279053,2061.55577788894,0.533063571584339
0.187719610551843,27.8042399468639,2061.70585292646,0.468440127490754
0.197620700221759,10.5683211343905,2055.25262631316,0.401118849797833
0.178396933755327,10.690727303607,2058.10405202601,0.292289777443471
0.198711132333204,8.58980877761041,2054.05202601301,0.361828199972487
0.180807475348588,3.4784466459882,2051.35067533767,0.151785073212883
0.193814007107788,26.5525372336299,2060.50525262631,0.524227378350287
0.136158215575263,5.99369202303595,2062.45622811406,0.105618512318353
0.116136025623971,3.31230280598519,2062.75637818909,0.0568299476281215
0.191594070708141,98.4007139681323,2067.70885442721,0.592671023376604
0.177239428794569,75.0704237295268,2069.2096048024,0.41360236705484
0.190020296581564,20.1988354669711,2059.75487743872,0.447718112724377
0.164446833177402,43.0683803351352,2068.90945472736,0.28917802430397
0.185343171184553,22.8607130534172,2061.10555277639,0.424292175880728
0.184024916522327,7.52435222533039,2055.25262631316,0.273573026246506
0.193288652121667,21.0295852575175,2059.45472736368,0.483592908144508
0.140534761038161,3.1450272019994,2056.60330165083,0.0877733233119238
0.190233644313464,129.726367378442,2069.50975487744,0.574454984746019
0.16063128333004,7.20633469066447,2058.70435217609,0.182188512663149
0.198730446903894,43.9451273819645,2062.30615307654,0.640082940864411
0.12248184684399,36.235961115318,2080.91545772886,0.0960291287421011
0.153786896953988,6.90175820040029,2059.6048024012,0.15897256138444
0.130417959300701,4.57261925984919,2061.70585292646,0.0860461025303149
0.176908743925333,6.01097243209366,2054.95247623812,0.217902364507253
0.122867119295837,41.6058873339274,2081.81590795398,0.0983745636064005
0.137323505221411,7.04225793763313,2063.35667833917,0.113683873984828
0.144665654923827,1.48779514022745,2050.30015007504,0.0512409432798324
0.162731217197394,8.44270511134198,2059.30465232616,0.201365392154977
0.19081408540207,7.2688443008963,2054.20210105053,0.293500682933163
0.183279488358095,25.2842870786632,2062.0060030015,0.414979758721252
0.158903662294384,1.94456383978917,2050.30015007504,0.0744463392904134
0.182266037457676,3.42873391662958,2051.05052526263,0.151441338563656
0.0986512456883438,4.95648496866088,2072.81140570285,0.0415584994694193
0.133535990647354,1.21274904899342,2050.30015007504,0.0381399966436738
0.199742271300575,24.8512842698056,2059.30465232616,0.577812949466218
0.198947314985017,14.9294397640879,2056.90345172586,0.476025757231361
0.191339169995066,4.61228334151361,2051.65082541271,0.211750692663397
0.119241670534937,1.17833239331668,2052.55127563782,0.0322764154717234
0.195482864914707,14.9724828208773,2057.35367683842,0.451564880915108
0.174690355969277,18.7420980057214,2061.85592796398,0.324237500219962
0.153931311884123,35.0054797479944,2070.26013006503,0.21807265995676
0.185035537170901,5.43480286846039,2053.30165082541,0.226599334291692
0.187114054229721,5.37257572706184,2053.00150075038,0.229599299859508
0.193737341870009,40.6585876047624,2062.75637818909,0.564727443570562
0.191345617377827,7.87905475386486,2054.50225112556,0.312028774811898
0.158409704064839,9.07276025359497,2060.50525262631,0.190777792909805
0.198492420726691,18.1578643020893,2057.95397698849,0.508723811133273
0.194056340275045,10.5683211343905,2055.70285142571,0.380777102421476
0.150091214836004,8.66431899975565,2061.85592796398,0.159420287377023
0.149217426541418,4.7881753057283,2057.95397698849,0.126118532769991
0.157512708352025,2.07768351923393,2051.05052526263,0.0785308458335574
0.181840012609567,14.0131778568844,2059.00450225113,0.345638111599227
0.187322364909956,3.60071789654471,2050.75037518759,0.164716151560869
0.163840338939416,2.51246502599404,2051.35067533767,0.0986872800439075
0.158879560146346,15.3213249660846,2063.80690345173,0.218650167088815
0.133035706305791,25.7248344244728,2074.31215607804,0.124430666910613
0.193029648780086,6.33068001474387,2053.15157578789,0.2754098347543
0.185389010439419,21.3959997006003,2060.80540270135,0.4140242033705
0.191967618317045,3.79223047250718,2050.45022511256,0.178188888207339
0.198646233098051,10.2094477434412,2054.95247623812,0.399021080302578
0.144452205251636,12.7431360287119,2065.90795397699,0.151829764466172
0.175357427634431,4.70617602490094,2053.75187593797,0.182850096739556
0.193852294192722,7.4811522310616,2053.90195097549,0.311973989821028
0.146909440562503,12.4888983567305,2065.15757878939,0.160318579592694
0.187268826724237,5.41917883794353,2053.00150075038,0.231700730488956
0.123333032879982,3.42873391662958,2061.10555277639,0.0669321499018136
0.171925910700803,35.2076192684563,2066.05802901451,0.337895492229837
0.179693665584412,3.41887695499837,2051.35067533767,0.14823026570529
0.191425624393433,16.1827476936424,2058.25412706353,0.436730654130435
0.12313004441089,2.9350594625955,2059.75487743872,0.0626848714573971
0.164962594706182,8.20310923201435,2058.70435217609,0.208215524612157
0.175342308248733,7.31081832073186,2056.30315157579,0.237100335361673
0.188512854210967,56.2908244378238,2065.45772886443,0.517449093489666
0.196340869045052,15.189566737098,2057.35367683842,0.458710157776727
0.187714333065585,69.0573330958311,2066.65832916458,0.521085557574059
0.134096889132146,2.82724106811333,2057.05352676338,0.0745129044106793
0.180163366490985,25.2842870786632,2062.60630315158,0.385218231815028
0.15200369984014,98.6844129941092,2077.61380690345,0.218742139548505
0.195946599939062,21.5195511317025,2059.15457728864,0.514018555919763
0.194280697915298,7.92455244054436,2054.20210105053,0.324784340904244
0.176822453942098,4.66570449781614,2053.45172586293,0.185118059039302
0.196049889803752,18.9591758547749,2058.40420210105,0.501310337598287
0.195360043759448,16.751589190816,2057.95397698849,0.469546504286627
0.141330884599572,1.8570226648111,2052.55127563782,0.0611607194673559
0.0944393983681537,3.24621921773864,2069.95997999,0.0343239425416031
0.195744979853254,6.2943333190863,2052.85142571286,0.282096676692109
0.188710541814014,8.46704626823108,2055.25262631316,0.312793911827038
0.142950341404813,2.61579919085284,2054.8024012006,0.0810070404137504
0.110470870146905,5.89104782059798,2069.80990495248,0.0582432668738996
0.173607260118782,162.387515846255,2074.61230615308,0.382125676163748
0.179000448103933,4.69264665877481,2053.30165082541,0.189745780742489
0.194593666606905,4.29198469417562,2050.90045022511,0.203977190212793
0.171536030924679,9.94831291991456,2058.70435217609,0.253852579836311
0.162973157647307,27.3280820090234,2066.50825412706,0.264346444902321
0.194719941954627,16.751589190816,2057.95397698849,0.469658267290803
0.182636783109362,4.73335188912938,2052.85142571286,0.198923276500733
0.129601313039867,5.64206206761865,2063.50675337669,0.091040564043303
0.152869548023348,5.29579277470977,2058.10405202601,0.139070396256261
0.0917026421818787,2.22631645743836,2066.8084042021,0.0287300115522564
0.196805022723489,4.50726900243269,2050.90045022511,0.216288994525768
0.180694903663816,4.19426304469508,2052.4012006003,0.177883443651857
0.181788600666445,4.70617602490094,2052.85142571286,0.197143833733765
0.130919085810484,3.18145405986858,2058.70435217609,0.0747728368452132
0.195976883547456,108.207799318237,2067.40870435218,0.6551196126861
0.193096608102854,5.49775074742009,2052.4012006003,0.248591767203062
0.198385943185273,4.08698318318596,2050.30015007504,0.199245133130333
0.142930182631023,3.78132852701561,2057.50375187594,0.100663557414544
0.193745297975802,38.2732836398865,2062.45622811406,0.558149866045486
0.183819302746458,23.8695626167564,2061.55577788894,0.417227538498748
0.104548392887627,7.18561784115829,2074.012006003,0.0516702843191728
0.189631061871309,6.34893199363231,2053.60180090045,0.265372556392462
0.177440531115462,2.95200799512719,2050.75037518759,0.127338519631575
0.1805888792655,21.6438160118766,2061.70585292646,0.374502576100048
0.170385409357198,7.67752616736229,2057.35367683842,0.22385402847626
0.153049762699219,4.71974439753259,2057.2036018009,0.133007114909853
0.184693998619059,34.9048456133114,2063.50675337669,0.453091926267548
0.189213677153846,30.1383713644719,2062.0060030015,0.482347821648843
0.100191288334779,2.31788173275986,2064.10705352676,0.0354375031615935
0.173768724228361,30.6634951091254,2064.85742871436,0.347545393328666
0.122498976189057,3.51873529007318,2061.55577788894,0.0664480973105344
0.185874855747207,4.67915618701786,2052.4012006003,0.203983822124752
0.19770731141291,36.8673277993992,2061.55577788894,0.609966695644858
0.11834992250703,3.48847535295163,2062.60630315158,0.0606701902390397
0.167336430053698,3.16318819550752,2052.4012006003,0.124389953030359
0.113242526977406,2.0657547958787,2059.15457728864,0.0436488333282239
0.117257002008087,11.2918003500854,2073.11155577789,0.0769793760337173
0.0959428061109869,1.23743709481674,2058.55427713857,0.0237677977044389
0.134570619156382,4.48139116082693,2060.50525262631,0.0934163398478639
0.176667792581918,3.09116744284691,2051.05052526263,0.132316854912194
0.199317352967717,33.2376574471234,2060.80540270135,0.615807768238175
0.170166034432707,11.2269700901773,2059.75487743872,0.254855686291754
0.191017179683533,4.69264665877481,2051.80090045023,0.214208049026228
0.140220284934256,1.63137250428789,2051.65082541271,0.053963153801803
0.197640512530147,7.18561784115829,2053.30165082541,0.316304462353463
0.164224998614758,3.86942926293753,2054.05202601301,0.139919021033001
0.183047278989166,11.0665182039154,2057.50375187594,0.324454541137241
0.164124043800029,4.48139116082693,2055.10255127564,0.152638526897274
0.109851087988677,1.6984685687346,2058.10405202601,0.0368836571510144
0.137666239143923,26.1730577614343,2072.96148074037,0.140148559351617
0.149679251120084,8.41843393067599,2061.85592796398,0.154882588829457
0.190726128010373,15.4987821679022,2058.25412706353,0.418227794298291
0.196019546129121,17.5918424880948,2058.10405202601,0.483479094202771
0.094543565289482,3.95958264771409,2072.21110555278,0.0357305441980532
0.182174929601458,3.1450272019994,2050.60030015007,0.139772695686027
0.191612030013672,112.658234431989,2068.45922961481,0.592840499664865
0.194259828440746,10.0635379267258,2055.40270135068,0.372755219594351
0.147386191825093,69.0573330958311,2076.71335667834,0.190766470163798
0.19349497327124,45.620999005745,2063.35667833917,0.574850505485253
0.187987227858456,36.4452060637106,2063.20660330165,0.486589185573691
0.194402893638528,16.5121814020749,2057.95397698849,0.462673784110641
0.158275124721078,2.50524216415549,2052.10105052526,0.0936483903973827
0.19348138510666,34.208460777616,2061.85592796398,0.54979225257916
0.131633390848445,18.5809222819382,2072.21110555278,0.11790809489518
0.186778223802455,20.6694457978884,2060.35517758879,0.424413988154059
0.143210762575775,3.50861959151272,2056.90345172586,0.0972930257239454
0.197706942512332,10.783461436218,2055.40270135068,0.40322181635514
0.18453206073956,10.2684023095805,2056.90345172586,0.321238065841776
0.179035142354609,32.7626366009394,2064.25712856428,0.392361696435744
0.111416613956576,29.3674992776149,2084.06703351676,0.0701479938646852
0.0615930745219129,1.00288309926358,2070.56028014007,0.0084816899260755
0.0986808226209559,8.76467231833321,2078.66433216608,0.0451986078602695
0.19432192586999,44.8397224504315,2063.20660330165,0.576255500522607
0.197580837663316,67.6795736840215,2064.70735367684,0.65693254836279
0.15422116380116,3.72728711692345,2055.40270135068,0.119066097880552
0.191613397253302,16.6554123326141,2058.40420210105,0.440893174549691
0.174995320581037,6.1865405227709,2055.40270135068,0.215569397725474
0.182842485994282,3.53905426496764,2051.20060030015,0.156452718040097
0.175853590122587,2.99480874260266,2051.05052526263,0.127621862618289
0.191266609946062,9.39167782086193,2055.40270135068,0.344973307944011
0.178511620619773,118.650225279192,2071.6108054027,0.428668366479419
0.106374134353755,4.0401882420282,2067.70885442721,0.0484191798369412
0.184949798229707,45.3590725519368,2064.85742871436,0.473897991292593
0.183399580275007,5.43480286846039,2053.45172586293,0.22263867267601
0.185557307093376,7.85640396138943,2055.25262631316,0.287288519269251
0.0756010557825271,1.00288309926358,2063.05652826413,0.00492017844190063
0.151663927858191,30.4874450288918,2069.95997999,0.203295813430568
0.188648018557824,14.4640552653053,2058.10405202601,0.397395950768418
0.0769966845704984,3.20905081491668,2078.96448224112,0.0211773051402147
0.198625863028122,42.8211093770612,2062.15607803902,0.639716488947686
0.196226009535411,19.4568382303861,2058.55427713857,0.504520672389078
0.154369668592014,8.76467231833321,2061.10555277639,0.17361515853007
0.139849066163473,1.62200621191813,2051.65082541271,0.053460806684976
0.133051726197251,2.13222095925085,2055.10255127564,0.0612313812028528
0.154963552980158,1.88394737445416,2050.60030015007,0.0700771549758076
0.1563444785875,5.3417298504113,2057.50375187594,0.1486095823904
0.197600406158937,8.6145740489714,2054.20210105053,0.357014850911737
0.19147051226666,16.0435815196353,2058.25412706353,0.433002400476122
0.193601821945429,39.1650084479089,2062.60630315158,0.557956449402089
0.188617707086318,88.7129450016296,2067.85892946473,0.538046201201109
0.0707315406860572,1.73804099143649,2074.012006003,0.0154160674603921
0.166437680188127,12.7065019223768,2061.10555277639,0.247153919059922
0.145743621028177,5.19013667692469,2059.30465232616,0.121518021014539
0.172065592217959,3.80316384938978,2052.85142571286,0.151240799335421
0.139980124867422,3.85830538552188,2058.25412706353,0.0965625987938436
0.187291632123184,15.8142923261533,2058.85442721361,0.396120908087921
0.142571227540234,12.0995910689866,2065.90795397699,0.14582087644139
0.19355012584267,4.66570449781614,2051.50075037519,0.217635209168416
0.179080866971005,6.22226476776323,2054.8024012006,0.229897925188039
0.198011575918812,6.15102138343189,2052.4012006003,0.284917027810108
0.128056193633327,8.34603823722249,2067.10855427714,0.0958327168636074
0.0989819214234364,1.00288309926358,2055.25262631316,0.0114645172622751
0.127957943516092,5.08658851868221,2063.20660330165,0.0844316957587768
0.150133308306993,51.3366596640957,2073.86193096548,0.202620732979804
0.193839935498828,11.0665182039154,2056.00300150075,0.386221943536117
0.188751039509648,69.6563542571799,2066.50825412706,0.533960032168677
0.191820901175202,25.0668507346102,2060.50525262631,0.497629148813905
0.15294605746528,9.58286508470002,2062.0060030015,0.172526009209496
0.182146305347558,7.54604567969013,2055.55277638819,0.266167015020486
0.173680165417404,22.8607130534172,2063.20660330165,0.329565185392851
0.194213640758945,15.0589415844573,2057.50375187594,0.446123565145619
0.18931733769628,3.60071789654471,2050.60030015007,0.16651658116835
0.165885054041446,8.15601225127809,2058.55427713857,0.210219877880254
0.190376847933102,4.49431145638251,2051.65082541271,0.205599934944699
0.110787078340915,1.1481932879197,2053.90195097549,0.0284590389915113
0.199733253707836,13.1153367145537,2056.00300150075,0.463846877522965
0.164359167069923,118.650225279192,2075.21260630315,0.299505949974352
0.118358926771425,4.08698318318596,2063.95697848924,0.064148726082234
0.177603537179001,23.1921673069706,2062.60630315158,0.357319832572544
0.190943436821927,13.4209094274668,2057.35367683842,0.403750895106084
0.179752226100782,33.5259694810802,2064.25712856428,0.400060429820429
0.150980313410153,1.65979714701382,2050.30015007504,0.0599835862652869
0.19143344820368,6.40400427119728,2053.45172586293,0.272052514122477
0.150590262898561,3.86942926293753,2056.30315157579,0.115021781273681
0.192857973337055,13.7731969804542,2057.2036018009,0.422458503005138
0.170779010472949,3.10901742259474,2051.80090045023,0.126669781678256
0.0870757700819596,1.00288309926358,2058.70435217609,0.00403672394471102
0.160710645951531,4.81582467568853,2056.00300150075,0.152393735057321
0.114965654960586,1.93897358646993,2058.10405202601,0.043565760725055
0.197651014177011,55.8067423266136,2063.65682841421,0.650443939153288
0.195534795779397,10.0925521055113,2055.25262631316,0.380096482758621
0.0846300246074228,3.04698957090351,2073.86193096548,0.0260613974251635
0.18937163157676,5.64206206761865,2053.00150075038,0.243472077569073
0.189728780445955,10.0057595601981,2056.00300150075,0.34643037531685
0.197550482211445,4.81582467568853,2051.20060030015,0.231031704685702
0.132528471744171,1.34518555643637,2051.35067533767,0.0418437251814722
0.163829481653256,2.92662172166501,2052.4012006003,0.112427858674281
0.198096305782905,13.6941201359897,2056.45322661331,0.459695369340876
0.152207581701104,3.42873391662958,2055.25262631316,0.109474527790355
0.169768813146302,4.3416960341386,2054.05202601301,0.161416033170908
0.194780172627481,5.20510035615579,2051.95097548774,0.241009180997103
0.178991623202551,6.33068001474387,2054.95247623812,0.231472446378394
0.146039242492431,14.1347317845805,2066.20810405203,0.160990382980794
0.160432551478493,7.37423424898408,2058.85442721361,0.183539741812959
0.149440497564033,2.00713065465068,2051.80090045023,0.0710558711888559
0.190514537307861,4.85759838400825,2051.95097548774,0.220261759199125
0.149096940726156,3.49853297367273,2055.85292646323,0.106320990304851
0.193004873362942,4.85759838400825,2051.80090045023,0.224144857828319
0.107267331004864,1.32214875407135,2056.15307653827,0.0301307602549831
0.135895079662293,7.22711126890421,2063.80690345173,0.111992473448107
0.19702907076915,5.31106107095859,2051.80090045023,0.250161854548373
0.159294449439228,3.44853317762211,2054.05202601301,0.121486018228696
0.190476107022057,27.7243080148432,2061.25562781391,0.4944715412893
0.165081379113174,5.10125365829453,2055.70285142571,0.167507178197282
0.192893289819773,116.954518218557,2068.45922961481,0.605807151272726
0.177885439143566,5.99369202303595,2054.8024012006,0.220812259799965
0.174790160183696,11.756216271046,2059.15457728864,0.285652418410478
0.177545048216159,14.4224738415937,2059.90495247624,0.319407419968152
0.182648470856801,4.0518365057735,2051.95097548774,0.176111576885266
0.186495301111064,6.44098426295101,2054.05202601301,0.258573122893216
0.093918110847295,10.0346071582177,2082.56628314157,0.0400878856284212
0.195406225690921,50.167805761144,2063.50675337669,0.608832767508224
0.197442280058295,8.17952684419346,2053.90195097549,0.345876474966585
0.1898952856599,121.065599013,2069.2096048024,0.568500830758415
0.175161027261171,6.80312071291408,2055.85292646323,0.229061591138403
0.197964062152493,8.44270511134198,2054.05202601301,0.353956590017653
0.151441892837192,3.11798102843626,2054.65232616308,0.102185903075153
0.138502666945479,6.94161247758823,2062.90645322661,0.116874689075546
0.157009509082112,14.3396692667093,2063.80690345173,0.206436578116425
0.16617763592886,4.24284253669373,2054.35217608804,0.152441902179732
0.199024139911644,13.3823268507784,2056.30315157579,0.457907211093575
0.187070688367534,6.7058929175172,2054.20210105053,0.2665596680026
0.149730834677732,1.85168407581574,2051.20060030015,0.0660557201472244
0.154666459091041,7.72186012504483,2060.20510255128,0.167786228223538
0.121164177995487,1.51371812544339,2054.50225112556,0.0406256972971025
0.1893899010514,10.5076446271293,2056.30315157579,0.35310200390679
0.183352519764851,104.232823226058,2069.80990495248,0.479594847076819
0.126741679365269,3.39924796097488,2060.20510255128,0.0712742071979038
0.156668946029767,3.86942926293753,2055.25262631316,0.126273114648542
0.16539196409218,2.96905439714284,2052.25112556278,0.115607102739136
0.172749672062307,3.37973166401872,2052.10105052526,0.138314880346044
0.139811134383989,38.7165788401476,2075.06253126563,0.153166493687285
0.172479811814547,16.6075311717231,2061.55577788894,0.301099484529583
0.194497054184035,16.464712003024,2057.95397698849,0.46154534663288
0.196833395092872,4.99947880072813,2051.50075037519,0.237034578427639
0.194512007573079,37.4018619842125,2062.15607803902,0.570320459815649
0.188887329746767,7.22711126890421,2054.35217608804,0.286724542587287
0.198947405759972,6.7058929175172,2052.70135067534,0.307029290582185
0.131597195370818,2.21353437928443,2055.70285142571,0.0614377833051431
0.19887506354507,12.0648070327153,2055.70285142571,0.439321315224885
0.0980017128683525,1.46231609576324,2059.75487743872,0.0273433340026503
0.0952280916613129,4.3542135747773,2072.81140570285,0.0374438413086878
0.171843772995098,4.49431145638251,2053.90195097549,0.170170042362245
0.182388215844316,4.0518365057735,2051.95097548774,0.175980426057051
0.1526795144803,2.80292774815717,2053.75187593797,0.0961536712441251
0.128674795655501,1.91126246166401,2054.95247623812,0.0536174460876861
0.187242596768062,3.61109912366059,2050.75037518759,0.164702762724844
0.196621219639511,6.66739199053658,2053.00150075038,0.297605470522276
0.166858491001638,10.6293480187976,2059.90495247624,0.237678359175355
0.177000411816382,9.0989179220007,2057.35367683842,0.268683030098097
0.0846374725004313,1.62200621191813,2065.90795397699,0.0214953351757767
0.191125994800138,42.8211093770612,2063.50675337669,0.534235096189396
0.192770644454135,86.6930926644114,2066.8084042021,0.605477488972315
0.154478445711978,4.88564863828298,2057.2036018009,0.138499072512961
0.186354362879574,8.58980877761041,2055.70285142571,0.30293251895037
0.189229339649049,25.2115995346114,2060.95547773887,0.472193118174418
0.199379165220159,30.5753433592029,2060.35517758879,0.607748925959113
0.195862504361941,117.969011946993,2067.85892946473,0.658283524557157
0.163596292125742,2.72338334507132,2051.95097548774,0.105761730444719
0.197345509252215,32.7626366009394,2061.10555277639,0.582935699910638
0.132974161589662,3.75961856902805,2059.6048024012,0.0837170013464018
0.169562834077467,18.3153703115779,2062.75637818909,0.286319839150286
0.189393394240124,4.29198469417562,2051.50075037519,0.196029528521133
0.155964811433955,26.5525372336299,2068.00900450225,0.221403524515513
0.194710437196944,15.5882800527396,2057.65382691346,0.453531897323271
0.199591776943847,46.2824514344805,2062.45622811406,0.654028856496176
0.172648930811395,38.8282025800898,2066.50825412706,0.345847139425338
0.198189267618893,4.32921447906216,2050.60030015007,0.209962711842456
0.122265088022583,62.4379825789225,2085.41770885443,0.097781224751547
0.196094564831203,51.3366596640957,2063.50675337669,0.620236412296975
0.192140237987044,9.44591016576076,2055.40270135068,0.347868744647843
0.193341829403993,4.36676720472819,2051.20060030015,0.20481745572019
0.159681548338842,6.57210398204128,2058.25412706353,0.173050158370937
0.171111655875006,33.4295886586368,2065.90795397699,0.33031439339227
0.169763749148682,3.37973166401872,2052.55127563782,0.134151456481478
0.154737806712352,8.73947554283164,2060.95547773887,0.175789100891721
0.183440747410891,8.20310923201435,2055.85292646323,0.283246493127049
0.0974313060282614,1.12528574084121,2056.90345172586,0.0229620134788551
0.164688444460388,5.84038679556032,2056.60330165083,0.17913716844697
0.198803567479379,6.47817779606607,2052.55127563782,0.298971268698877
0.136901576130162,3.29328569222577,2057.65382691346,0.0848558930119046
0.178220374012504,15.3213249660846,2060.05502751376,0.332887407536691
0.199451958355112,25.65088039011,2059.45472736368,0.583626225319597
0.16646963922428,3.10901742259474,2052.4012006003,0.121655591580389
0.156938619508444,13.4984086137474,2063.35667833917,0.205474687453839
0.167762471797027,6.72522667244931,2057.05352676338,0.200455873528593
0.180740671853857,5.13071090257931,2053.60180090045,0.206067659067625
0.116723617537147,5.25025074237118,2066.65832916458,0.0662327009999405
0.194076581224858,93.162752342285,2066.95847923962,0.624905936040695
0.161723017716122,4.30435891208667,2055.10255127564,0.145107419381008
0.150147976256112,3.1450272019994,2054.95247623812,0.100862776252876
0.196558972214332,3.99392909131044,2050.30015007504,0.192332084824385
0.0897788376996196,18.2627170853981,2091.72086043021,0.0368189949904771
0.198480361827566,4.69264665877481,2050.90045022511,0.227207517843466
0.0976507167865423,2.36506706799381,2065.30765382691,0.033491284945325
0.159753380523021,3.35066711121492,2053.90195097549,0.119062861026002
0.1809781195587,2.98619923379083,2050.45022511256,0.131819396891973
0.0717447574593882,2.0538945595859,2075.96298149075,0.0165489733580245
0.160913902276042,29.3674992776149,2067.40870435218,0.25445230879679
0.0834450523425709,3.0557743442915,2074.46223111556,0.0253286619573006
0.199303969886533,21.9576266468948,2058.70435217609,0.556144833510243
0.155855278234486,4.48139116082693,2056.45322661331,0.134890121920481
0.177620866297057,21.0295852575175,2062.0060030015,0.352790862166618
0.183023198692292,19.2895159816518,2060.65532766383,0.383337275608013
0.184259487534304,25.9479782891666,2062.0060030015,0.424081913659353
0.182545632765543,35.8210683711633,2064.10705352676,0.429127476468422
0.185572934644858,4.40464567244553,2052.10105052526,0.193411763509665
0.187710447299557,11.2269700901773,2056.90345172586,0.353132292382216
0.178768617213316,3.95958264771409,2052.25112556278,0.167080158391269
0.189405882778319,6.22226476776323,2053.45172586293,0.26238126678323
0.193624711577106,9.91971340151178,2055.40270135068,0.366911081164212
0.140455612202086,13.4596032415536,2067.25862931466,0.140540905818914
0.153138699658561,7.81129753947542,2060.50525262631,0.164771301467462
0.165307522238331,9.72180569368846,2059.6048024012,0.224803701538816
0.166256898003098,4.99947880072813,2055.40270135068,0.16834153991181
0.134069217642003,2.46943812909056,2056.00300150075,0.0686396631962718
0.187547586380192,29.1149486853426,2062.0060030015,0.469175390535186
0.15965033838837,9.66598933399762,2060.65532766383,0.199877013252389
0.126844660174437,2.50524216415549,2057.65382691346,0.0615516544115705
0.191691187174708,8.86618796583124,2055.10255127564,0.334713074617346
0.0701787339928789,1.00288309926358,2065.60780390195,0.00939844434257532
0.121087925507993,2.29134256329585,2058.10405202601,0.0532834786386961
0.191995937544974,55.967638704318,2064.70735367684,0.567750571803255
0.0585664359776358,1.00288309926358,2072.66133066533,0.00899594214344782
0.188827103464329,8.46704626823108,2055.25262631316,0.312979639379851
0.198070496671306,6.59105201019205,2052.70135067534,0.300870469794842
0.175130927888967,4.50726900243269,2053.45172586293,0.17758713683084
0.165754981990584,3.34103457688672,2053.00150075038,0.127569146411392
0.19346871108911,9.52784643268317,2055.25262631316,0.356884117734168
0.126884722917501,5.13071090257931,2063.50675337669,0.0830438836369043
0.177439133843258,88.4579120605105,2070.11005502751,0.41841081310947
0.171690168519548,8.27426512232383,2057.65382691346,0.234839777584898
0.165578161629066,8.73947554283164,2059.00450225113,0.215379921449949
0.188582903835971,44.5822815844455,2064.10705352676,0.512832743322884
0.190976897551811,13.6547521301788,2057.50375187594,0.403372630755466
0.108136062088294,3.79223047250718,2066.50825412706,0.0495346836291063
0.152431387420804,9.63820144251651,2062.15607803902,0.170906031062477
0.183080497106296,4.80198009042612,2052.85142571286,0.20248825422351
0.145348819805903,5.48194575365476,2059.75487743872,0.123435608923085
0.196334723643238,25.7248344244728,2060.05502751376,0.539397335815524
0.150645404623843,3.25557838997471,2055.10255127564,0.103750722829178
0.177854928751,9.25745528268664,2057.35367683842,0.273577228680991
0.184588578573344,9.2308418493486,2056.30315157579,0.306839441476366
0.193870477653637,5.74036800209287,2052.55127563782,0.258460308969635
0.158416291324454,2.82724106811333,2053.00150075038,0.103307271149896
0.185013908831566,16.0898367576997,2059.30465232616,0.381286287680817
0.163231233591599,5.90803229623124,2056.90345172586,0.176278205743883
0.199359685177988,31.7413509094294,2060.65532766383,0.601537457127999
0.186377052572396,30.8405617924466,2062.60630315158,0.456302771867846
0.169757169638555,6.31248050684326,2056.30315157579,0.201424783164499
0.125765419466546,2.18189932872234,2056.75337668834,0.0556842398475847
0.17645200714328,5.94214829246472,2054.95247623812,0.215511959339354
0.185033734418547,20.6694457978884,2060.65532766383,0.408747429087713
0.153299985819713,5.65832869261085,2058.40420210105,0.145006369801347
0.0862523985890087,1.52245910708953,2064.4072036018,0.0217436034433962
0.147249448859007,5.22010717715947,2059.00450225113,0.125727009245521
0.178015287923107,32.1089908705141,2064.25712856428,0.387136570334484
0.153036758539382,2.01872085226992,2051.35067533767,0.0736214926635042
0.147289625006943,18.2627170853981,2067.55877938969,0.174492283801265
0.188616405609178,4.32921447906216,2051.65082541271,0.195833034683472
0.133747637219854,4.29198469417562,2060.35517758879,0.0904790218844908
0.190235641813647,24.5667432445612,2060.65532766383,0.479313327380435
0.141492512134433,5.13071090257931,2060.05502751376,0.11204707546456
0.185336965846085,84.4756773817437,2068.15907953977,0.504903742777002
0.13026277838975,3.81412874828321,2060.35517758879,0.0797854072066342
0.180636622649915,7.41681684421187,2055.70285142571,0.25720211200986
0.195400965118353,17.1418825295271,2058.10405202601,0.471406121106973
0.191095381571658,7.52435222533039,2054.35217608804,0.300946058496608
0.151398933349874,6.84240540686637,2060.05502751376,0.150772513792222
0.18461949159169,3.48847535295163,2050.90045022511,0.156610029024764
0.173919386150389,3.00344307348301,2051.20060030015,0.126154915281899
0.110852281565919,1.68386231169735,2057.80390195098,0.0372367664283685
0.187517652111724,8.1325652583707,2055.25262631316,0.299104189213622
0.116422167066667,4.88564863828298,2066.05802901451,0.0648736069879234
0.154609608338853,1.85168407581574,2050.60030015007,0.0687812406070496
0.183790426568768,23.3260907272937,2061.55577788894,0.407681362688187
0.184521854722522,16.6075311717231,2059.45472736368,0.386290079692205
0.100217995374689,2.85998721049474,2066.35817908954,0.0380663619590243
0.105074216820262,1.12528574084121,2054.95247623812,0.0259052156944821
0.164045467553788,85.2084412476855,2073.26163081541,0.294426894341045
0.198227366471922,49.0255647982507,2062.90645322661,0.646774925379035
0.196739654154695,10.0346071582177,2055.10255127564,0.384865686419557
0.178490502586873,82.7903073513056,2069.50975487744,0.427132034792701
0.195791533374135,143.892947870195,2068.90945472736,0.661566948001427
0.0365232532785054,1.00577451078852,2098.47423711856,0.00207131475654454
0.168123134166226,3.0557743442915,2052.10105052526,0.121782352562786
0.18975754715701,5.2653877364201,2052.55127563782,0.232339913040045
0.153402848726595,7.2688443008963,2060.05502751376,0.160238885209677
0.142794234577707,1.67902152597229,2051.50075037519,0.056749690725962
0.191582317220046,6.2943333190863,2053.30165082541,0.270502162040265
0.173618823736824,17.6934267723322,2061.70585292646,0.313339749639597
0.199479641987963,7.76645008964431,2053.45172586293,0.341295710523192
0.162814803180734,4.15819379664401,2054.8024012006,0.14318470012934
0.124496793379913,28.9477893633602,2078.21410705353,0.101088900301954
0.166001856267816,3.02949571521225,2052.25112556278,0.118496800079316
0.194632076311908,13.0025492407616,2056.75337668834,0.41999793684813
0.186188546756863,52.3817248465878,2065.45772886443,0.49107819500495
0.190268822430211,7.87905475386486,2054.65232616308,0.307495913219786
0.154673283539096,2.66137624774655,2053.00150075038,0.0949299031796993
0.187936506952206,19.852922906113,2059.90495247624,0.432846419158939
0.0756842130107688,7.24794774808137,2090.8204102051,0.022624191289478
0.194324417866757,11.9610537599916,2056.30315157579,0.405573614619738
0.171394954643155,60.840958726914,2069.35967983992,0.351347245679755
0.180169433364907,6.98169689372975,2055.40270135068,0.247502660157633
0.167945313454533,3.38947576589033,2052.70135067534,0.132270731012465
0.195617362859072,4.3416960341386,2050.90045022511,0.207474627381831
0.162591369210633,55.6463084955692,2071.01050525263,0.278187031209933
0.18925955314656,111.689411599606,2068.90945472736,0.557983721188776
0.1451672981794,5.28056837192541,2059.45472736368,0.122087728344787
0.199490677204465,25.2842870786632,2059.45472736368,0.574949857706057
0.17522111243801,8.370100693918,2057.05352676338,0.253734879615957
0.1693172239165,9.77794436555052,2059.00450225113,0.241412418267071
0.172157071750713,2.39935784176774,2050.15007503752,0.100338449577712
0.184855505263196,4.3416960341386,2052.10105052526,0.18995432448658
0.165707614435649,10.3873347090322,2060.05502751376,0.228622477140024
0.129375757380333,1.51371812544339,2052.85142571286,0.0451530735630046
0.140823556929853,2.63848930932274,2055.25262631316,0.0791128922498185
0.0995642705320126,20.7290378618468,2086.91845922961,0.0495576397340246
0.154082124552668,4.52026390637434,2056.75337668834,0.132265642398488
0.197312688703312,26.0227888862634,2059.90495247624,0.556377558519197
0.15093608046138,5.16033824803901,2058.25412706353,0.133142098523812
0.145207308256558,3.79223047250718,2057.2036018009,0.103929263828761
0.152473314812928,60.6660524756973,2074.31215607804,0.216091116254225
0.158601581095793,16.8483214233231,2064.4072036018,0.223053375290779
0.168742021298203,47.4973267490208,2068.60930465233,0.318192162114707
0.193309523713133,7.4811522310616,2054.05202601301,0.308641499720169
0.070541323189489,1.07153781450759,2066.50825412706,0.0127963412672237
0.162368843499766,2.42714808378022,2051.35067533767,0.0944221676599347
0.198805989271468,18.5275056440599,2057.95397698849,0.519039160863579
0.136989338742915,1.80432214140788,2053.00150075038,0.0569752533249837
0.197413886179182,11.4885459675579,2055.70285142571,0.416995313046708
0.168467730630313,16.0898367576997,2062.15607803902,0.273041006910928
0.189617266016706,5.28056837192541,2052.55127563782,0.232901741184222
0.192704690824216,14.1754836193795,2057.50375187594,0.419133747739256
0.124728961564465,2.90981894079874,2059.30465232616,0.064321612333831
0.191589865432417,31.5591124739724,2061.85592796398,0.510754621568844
0.156642148589096,1.87313095952011,2050.45022511256,0.0705145538811931
0.191449921477233,7.83381828565906,2054.50225112556,0.310591927877619
0.189095945829315,8.29812065000463,2055.10255127564,0.310507375919535
0.185118604537637,3.63195145450856,2051.05052526263,0.163412919393523
0.196789382876126,35.7180895734179,2061.55577788894,0.59322424910189
0.165076225069339,8.17952684419346,2058.70435217609,0.207624270529627
0.184801543262361,7.87905475386486,2055.40270135068,0.283907714061389
0.170159348382945,33.5259694810802,2066.20810405203,0.319340613700247
0.167770067985096,22.3402110602687,2064.25712856428,0.286806454921524
0.155980643887994,3.63195145450856,2054.95247623812,0.119896697393592
