0.153648978701951,1.59882507273807,2067.55877938969,0.0144853227289709
0.0954383631312391,1.00867425853989,2085.56778389195,0.00246325973515667
0.195733760090074,1.52684850782001,2059.15457728864,0.0364640251323684
0.159646683998904,1.00288309926358,2063.20660330165,0.00650974160703643
0.196145950233193,1.00577451078852,2057.05352676338,0.00315763425012518
0.177478927613643,4.12243473196511,2067.85892946473,0.028282681025066
0.18603907986039,1.01158236655188,2058.55427713857,0.0122159656319533
0.191519474837994,4.18220533158347,2065.15757878939,0.0394383172041354
0.108099215823856,1.02920793476607,2079.26463231616,0.00379156073257204
0.161901643941039,15.6782947440786,2079.71485742871,0.020325076825658
0.182030062402568,1.00577451078852,2059.15457728864,0.017684515027199
0.159347957296879,1.017423759841,2063.35667833917,0.00352030310846626
0.187807745774054,1.00577451078852,2058.25412706353,0.00119869297403732
0.18519556790796,1.01449885892793,2058.70435217609,0.0013441598650556
0.189148306073414,1.01449885892793,2058.10405202601,0.0019295618771528
0.172170071308874,1.00288309926358,2060.80540270135,0.00400818814804664
0.153823640008615,1.017423759841,2064.55727863932,0.0036780288345008
0.140553021990837,1.78366310156055,2071.76088044022,0.0107100299888612
0.177637034037261,1.01158236655188,2059.90495247624,0.00847522354467399
0.131640891538952,1.00288309926358,2070.26013006503,0.00457357025147691
0.179011182790275,2.3787241732935,2064.4072036018,0.0278654078665543
0.142595577688452,1.01449885892793,2067.25862931466,0.0038711145078253
0.0997695605966034,1.00867425853989,2083.16658329165,0.00193182064023071
0.194284613786902,1.01158236655188,2057.35367683842,0.015553749786395
0.119795807328431,1.01158236655188,2074.31215607804,0.00173777844805716
0.180019618531048,1.40859841962076,2061.25562781391,0.0260071538030198
0.167356041803364,1.00577451078852,2061.70585292646,0.0105115500205555
0.166921118537749,1.017423759841,2061.85592796398,0.00466105744829684
0.105845438109072,1.01449885892793,2080.16508254127,0.00350108814167333
0.170107198067232,1.017423759841,2061.25562781391,0.00607824527540163
0.175719170865357,1.00867425853989,2060.20510255128,0.0152412856538729
0.144950515061005,1.01449885892793,2066.65832916458,0.00141130713597633
0.109190339706803,1.017423759841,2078.66433216608,0.00105199658170869
0.165577875375009,2.14453349218355,2066.50825412706,0.020304882821584
0.182883440925405,1.00288309926358,2059.00450225113,0.0139110645953602
0.183878876422671,1.43314150019665,2060.80540270135,0.0278566053759961
0.183272321321601,1.01449885892793,2059.00450225113,0.0172261030984757
0.151569701889237,1.00867425853989,2065.00750375188,0.0127407628157335
0.1386392227434,1.01449885892793,2068.30915457729,0.00652406992213981
0.186802311309631,1.00577451078852,2058.40420210105,0.0213774637562838
0.189902375784786,1.00867425853989,2057.95397698849,0.0282481891047695
0.119639967137978,1.00577451078852,2074.31215607804,0.00454691637708232
0.182300902578164,1.01449885892793,2059.15457728864,0.0245454011174226
0.176486859289192,1.05015961695978,2060.20510255128,0.0224431710562024
0.187122375412281,1.01449885892793,2058.40420210105,0.0124480579050452
0.189221851269544,2.51970871206025,2062.90645322661,0.0350324741106176
0.190979560030873,1.00867425853989,2057.80390195098,0.00591330247416637
0.161540522033608,1.017423759841,2062.90645322661,0.0155245002385703
0.191906313459576,1.00577451078852,2057.65382691346,0.0204767910662689
0.174163444613177,1.01158236655188,2060.50525262631,0.0126529745771492
0.167572221998187,1.01449885892793,2061.70585292646,0.0121743247820568
0.178422482284166,1.00867425853989,2059.75487743872,0.0221733514805637
0.142333442834179,1.00577451078852,2067.25862931466,0.00594673440556087
0.171787233553537,1.017423759841,2060.95547773887,0.0110397458099729
0.191761064384498,1.00288309926358,2057.65382691346,0.017046682729902
0.120368840990674,1.00288309926358,2074.012006003,0.00188107269966994
0.192784961963587,1.92784124639408,2060.80540270135,0.0364791605911474
0.150197838090589,1.00577451078852,2065.30765382691,0.00618051372117693
0.182286809468653,10.2094477434412,2071.76088044022,0.0339278651223357
0.144623790964116,8.22675961020021,2081.2156078039,0.0127376583337675
0.175052429488089,1.01449885892793,2060.35517758879,0.00859506576160635
0.146521005449757,1.00867425853989,2066.20810405203,0.00457519267981366
0.161312003860039,1.00867425853989,2062.90645322661,0.00204703773975396
0.136348719504389,1.00867425853989,2068.90945472736,0.00611369520121516
0.178474276642301,1.01158236655188,2059.75487743872,0.0158601870850576
0.19952648137071,1.00577451078852,2056.60330165083,0.0108968404375423
0.186795904955723,1.23387969717049,2059.45472736368,0.0286210945194209
0.182148496991677,1.00867425853989,2059.15457728864,0.015643089585907
0.169727429949354,1.00577451078852,2061.25562781391,0.0124980596910149
0.137317222650549,1.00577451078852,2068.60930465233,0.00752748349674143
0.171834706209326,1.4455729400936,2062.90645322661,0.021913663381475
0.183238561257256,2.72338334507132,2064.4072036018,0.0309694017174525
0.19963213973007,1.00867425853989,2056.60330165083,0.0313830728456832
0.129228109772843,1.00288309926358,2071.01050525263,0.00447563426490396
0.199833828874234,1.56242237457588,2058.70435217609,0.0395604811209877
0.160835599974443,1.017423759841,2063.05652826413,0.0127202521474579
0.170650042988563,1.00867425853989,2061.10555277639,0.00316138894307715
0.170114068929522,2.22631645743836,2065.75787893947,0.0226795870658748
0.16488603724628,1.00288309926358,2062.15607803902,0.00152039407390745
0.162309834813643,1.4963864293158,2065.15757878939,0.0175488380678053
0.164092092646267,1.00288309926358,2062.30615307654,0.00196099376011404
0.17132095976889,1.00288309926358,2060.95547773887,0.00421089957011811
0.182413447002047,1.017423759841,2059.15457728864,0.0242287672565427
0.173086440491183,1.00577451078852,2060.65532766383,0.0204275589621175
0.18414686322914,1.01158236655188,2058.85442721361,0.00500382008491699
0.189530735250652,1.20926262481036,2058.85442721361,0.0302482602411912
0.141859070039623,3.6952337044061,2076.56328164082,0.011548797583505
0.143619581911436,1.01158236655188,2066.95847923962,0.00678271234404029
0.173054765258726,1.00577451078852,2060.65532766383,0.0105410692762742
0.195980031833091,1.21274904899342,2057.95397698849,0.0339748724400501
0.158522120958868,1.01158236655188,2063.50675337669,0.00681326142399331
0.185037766867123,1.01158236655188,2058.70435217609,0.00329994074183273
0.154670280101258,1.19541686845759,2065.30765382691,0.0144211782521164
0.199801749032264,1.01449885892793,2056.60330165083,0.00135955492970516
0.0814373885705411,1.03813555048354,2095.47273636818,0.00121792185502751
0.15478283008655,1.59422875299434,2067.25862931466,0.0148876085640485
0.165132973039195,1.01158236655188,2062.15607803902,0.00555360827735173
0.166390997386396,19.0686558202897,2079.5647823912,0.0228337250626306
0.136294581216685,1.00577451078852,2068.90945472736,0.00678048843613388
0.177172778276634,4.82970917626452,2068.75937968984,0.0286845039253186
0.191805114186206,1.00288309926358,2057.65382691346,0.026408028236226
0.177488425437577,1.00867425853989,2059.90495247624,0.0176046044129881
0.166537706402219,1.00577451078852,2061.85592796398,0.00635542779203269
0.178534782726484,1.01158236655188,2059.75487743872,0.0188135800245724
0.138566398591002,1.01158236655188,2068.30915457729,0.00345009047719745
0.184133734351154,1.3686237465133,2060.50525262631,0.0276720849484966
0.127150134561267,1.01449885892793,2071.76088044022,0.00286136708297212
0.186677889416918,1.00288309926358,2058.40420210105,0.0182614118555226
0.171743440967473,1.017423759841,2060.95547773887,0.0140791319965285
0.179348573830614,1.00867425853989,2059.6048024012,0.0134419097077642
0.158633926954589,1.017423759841,2063.50675337669,0.011697474972646
0.108905844548822,1.02035709353375,2078.8144072036,0.00141835578937622
0.164462920943314,5.82359678794962,2072.96148074037,0.0209496779228351
0.1577373793515,2.97761447568876,2070.56028014007,0.0169543991417063
0.160537387869231,1.09966477838038,2063.50675337669,0.0161895712832257
0.149945795694162,1.017423759841,2065.45772886443,0.00382612772730324
0.186054793409592,1.01158236655188,2058.55427713857,0.0227085306877202
0.153506893332021,1.00577451078852,2064.55727863932,0.00680620294060633
0.198613093223339,1.01158236655188,2056.75337668834,0.0215180638907629
0.184024244621094,1.00867425853989,2058.85442721361,0.00939675018320459
0.105360944839785,1.13504676028852,2081.36568284142,0.00406678904274088
0.161942325641362,1.00867425853989,2062.75637818909,0.01622539461115
0.149295800098092,1.017423759841,2065.60780390195,0.00967796983046897
0.199389736078764,1.00288309926358,2056.60330165083,0.00535669884357282
0.192897522224692,2.70774742833384,2062.60630315158,0.038703722492649
0.179456907977523,1.72806227717372,2062.60630315158,0.0264054401367699
0.182139543842335,1.00867425853989,2059.15457728864,0.00538518099529408
0.181920796279429,1.00288309926358,2059.15457728864,0.0090933310151239
0.181072664732233,1.00577451078852,2059.30465232616,0.00790426100431818
0.119556757893161,1.00288309926358,2074.31215607804,0.00130046073250698
0.176839623577637,2.9350594625955,2066.05802901451,0.0270234596167614
0.176669609132625,1.00867425853989,2060.05502751376,0.0148764549288718
0.173923281144851,3.28381811862624,2067.25862931466,0.0257167621008645
0.0994334781772179,1.00577451078852,2083.31665832916,0.0012077821678218
0.187122719025209,1.01449885892793,2058.40420210105,0.0264722293795604
0.16700691904337,1.01158236655188,2061.70585292646,0.0182617523983637
0.156849306585894,56.7791056024212,2089.46973486743,0.0181645817852647
0.0838040795935158,1.02920793476607,2093.52176088044,0.00170487930391091
0.172461380980949,1.01158236655188,2060.80540270135,0.0172944398942103
0.191911261270781,1.00577451078852,2057.65382691346,0.028721348973462
0.190787549611482,1.00288309926358,2057.80390195098,0.0153934663593692
0.179596962183612,1.017423759841,2059.6048024012,0.00667378722009162
0.183130118326012,5.38806539618403,2068.15907953977,0.0330304175218046
0.160281032077249,2.39246014169509,2068.45922961481,0.017946683834475
0.194175183936762,1.00867425853989,2057.35367683842,0.00286296711807556
0.173121743006426,1.00577451078852,2060.65532766383,0.0123342462130074
0.199399871362835,1.00288309926358,2056.60330165083,0.0251821090605529
0.189076662262035,1.01158236655188,2058.10405202601,0.00944861093327245
0.155216711204425,1.017423759841,2064.25712856428,0.0105066220562929
0.180002307070206,1.00288309926358,2059.45472736368,0.0144767487214441
0.0990905670776378,1.00288309926358,2083.46673336668,0.00187159300389773
0.196631982705147,3.97099851752979,2063.95697848924,0.0442728336427935
0.197439664556565,2.0657547958787,2060.50525262631,0.0403674160037293
0.169726528958278,1.00577451078852,2061.25562781391,0.00367546378984368
0.159830706883036,1.00867425853989,2063.20660330165,0.00795030219156904
0.181287807223705,1.01158236655188,2059.30465232616,0.00519050860805829
0.172315038886977,1.00867425853989,2060.80540270135,0.00235318260614835
0.13974712250572,1.28833114804146,2069.65982991496,0.0101508023010083
0.172565521817538,1.07772542117776,2061.10555277639,0.0206930796681239
0.115446287177719,11.756216271046,2097.27363681841,0.00573561233772828
0.11849924597775,1.00867425853989,2074.7623811906,0.00250054215395609
0.181402780743826,13.4984086137474,2073.56178089045,0.033152043721549
0.145804790281589,1.00288309926358,2066.35817908954,0.00463869811245512
0.170615604941085,1.06232295058138,2061.40570285143,0.0197319423772254
0.197718272855173,4.98510624458552,2064.85742871436,0.04705893387263
0.188947486148663,1.00867425853989,2058.10405202601,0.0236573035088435
0.134673934771234,1.00288309926358,2069.35967983992,0.00274810987836229
0.159260833749019,1.01449885892793,2063.35667833917,0.0135146473887781
0.184038690021777,1.00867425853989,2058.85442721361,0.016736398340724
0.180883561168218,1.00288309926358,2059.30465232616,0.0238297571633741
0.187820620832218,1.07772542117776,2058.55427713857,0.0280377171112479
0.188397916973256,3.78132852701561,2065.15757878939,0.0365925128757717
0.176695391187933,1.01158236655188,2060.05502751376,0.0193811788674545
0.198304215612567,1.04413027541975,2056.90345172586,0.0332707304910563
0.19033487928024,1.28833114804146,2059.15457728864,0.0309710462677408
0.19751805723046,1.01158236655188,2056.90345172586,0.0194550236098096
0.116970355262673,1.01158236655188,2075.36268134067,0.00150104063043377
0.195014985478937,1.50502732889567,2059.30465232616,0.0352300049194604
0.148033987573348,1.017423759841,2065.90795397699,0.00499133344463948
0.173859925120511,1.00288309926358,2060.50525262631,0.00730184999621375
0.151847645829137,1.017423759841,2065.00750375188,0.00242698326202046
0.186184787817635,1.01449885892793,2058.55427713857,0.0192466885660642
0.167498233062168,4.20635552139048,2070.26013006503,0.0221304732513934
0.199786720246761,37.7262954049369,2074.7623811906,0.0527786968503008
0.187737764873983,1.00288309926358,2058.25412706353,0.0066535044843739
0.199815483937869,5.5136013085513,2065.00750375188,0.0497820653906736
0.153671915534625,1.01158236655188,2064.55727863932,0.00527617147659573
0.191036685391249,1.01158236655188,2057.80390195098,0.0207383109317116
0.174669548038909,1.01158236655188,2060.35517758879,0.0212570904835095
0.171072351375083,3.28381811862624,2067.85892946473,0.0241032052490046
0.195470712747821,1.70336542221432,2059.75487743872,0.0373761803952499
0.185859522004483,1.00577451078852,2058.55427713857,0.018521757717166
0.147644960327165,1.00288309926358,2065.90795397699,0.00905942855141578
0.127812658962597,1.00288309926358,2071.46073036518,0.00291927515850269
0.172655157043628,2.3787241732935,2065.60780390195,0.0242884242892171
0.110421811154653,1.01158236655188,2078.06403201601,0.00255523424635178
0.108841610952441,1.017423759841,2078.8144072036,0.00175193778092663
0.19082376883174,1.00577451078852,2057.80390195098,0.00155103223147971
0.186039154839297,1.01158236655188,2058.55427713857,0.0073104497690607
0.153831324402106,1.017423759841,2064.55727863932,0.00103480657713257
0.150961903149357,1.00867425853989,2065.15757878939,0.00264969128650196
0.141530882436763,1.017423759841,2067.55877938969,0.00626263046021338
0.16498992306278,1.00577451078852,2062.15607803902,0.00775235396115896
0.157629839766534,1.00577451078852,2063.65682841421,0.00608393414467687
0.181399467034813,1.01449885892793,2059.30465232616,0.0106253741498554
0.152754088401343,2.36506706799381,2070.26013006503,0.014941476288157
0.160328343894886,3.70588742997801,2071.16058029014,0.0186719245996239
0.179522048168985,3.54925770971272,2066.50825412706,0.0297044392803501
0.132098010393837,1.47925317679908,2072.96148074037,0.0085383845542997
0.196172370437413,1.07772542117776,2057.35367683842,0.0325423111901714
0.177948789082099,3.39924796097488,2066.65832916458,0.0281893738477822
0.155708490464539,1.17494491051044,2065.00750375188,0.0146409123359941
0.153453315589191,1.00577451078852,2064.55727863932,0.00727227350831911
0.137348880155226,1.1715671660767,2069.65982991496,0.00945317266454068
0.151629871503075,1.00867425853989,2065.00750375188,0.00233320394358744
0.198364168952426,1.00577451078852,2056.75337668834,0.0162904553269869
0.16530905126105,1.017423759841,2062.15607803902,0.00663260969968317
0.154875605636697,1.00577451078852,2064.25712856428,0.0133054775661785
0.171391169868354,1.00577451078852,2060.95547773887,0.00845694321045285
0.181922991404018,1.00288309926358,2059.15457728864,0.0234951565606729
0.164395508234095,1.01158236655188,2062.30615307654,0.00475638562990947
0.163174299733602,1.73804099143649,2065.75787893947,0.0186545094443226
0.172173658988216,1.97275779657863,2064.70735367684,0.0231110184526596
0.176495199794719,7.69966123740149,2071.6108054027,0.0286696174916632
0.171118018061953,5.29579277470977,2070.71035517759,0.0247136631708269
0.193137715959109,1.01158236655188,2057.50375187594,0.0286421716762563
0.0939691672822959,1.01158236655188,2086.46823411706,0.00137091688244024
0.168483556627132,2.35148837301477,2066.50825412706,0.0217126192983202
0.193092969786337,1.00867425853989,2057.50375187594,0.0101575308218429
0.187294082078461,3.72728711692345,2065.30765382691,0.0354962782296
0.143643580756464,1.01158236655188,2066.95847923962,0.00763092943639545
0.195502321056878,1.017423759841,2057.2036018009,0.0302439181829
0.184909752800952,1.24817094410403,2059.75487743872,0.0278998830747321
0.19608936713938,1.92229906736858,2060.35517758879,0.0385638735057946
0.120147901670439,1.00867425853989,2074.16208104052,0.00551180052699723
0.112804125285621,1.00867425853989,2077.01350675338,0.00297782152095753
0.193513553802609,1.47500060364494,2059.30465232616,0.0346078455709731
0.126890858998791,1.00288309926358,2071.76088044022,0.00699496816477608
0.107276699929842,1.00577451078852,2079.41470735368,0.00172828878410821
0.190455998311443,8.94309557251015,2069.35967983992,0.040572277017638
0.196694545368458,3.74881037659201,2063.65682841421,0.0439755418739239
0.167595763127097,1.01449885892793,2061.70585292646,0.0110989393129789
0.163822777766052,1.017423759841,2062.45622811406,0.00187937296223982
0.193374959424728,1.017423759841,2057.50375187594,0.0234595428133242
0.139714454956077,1.01158236655188,2068.00900450225,0.00513729593821594
0.152153631367998,1.9841495077581,2069.35967983992,0.0142800268433514
0.155623408719469,3.33142973427318,2071.76088044022,0.0163817101719804
0.123958884786596,1.01158236655188,2072.81140570285,0.00275974371443023
0.18792309224782,4.32921447906216,2065.90795397699,0.0370497193734305
0.114740182012421,1.01158236655188,2076.26313156578,0.00328597199683807
0.194434001489964,1.017423759841,2057.35367683842,0.0162324447981213
0.152790149534196,1.00577451078852,2064.70735367684,0.0019711566126677
0.160101716152057,1.017423759841,2063.20660330165,0.0138687647564407
0.147074512183992,1.00577451078852,2066.05802901451,0.00122068874503122
0.132838056704403,3.90299369276608,2080.16508254127,0.00908356266302804
0.187573499502282,2.86823283751515,2063.80690345173,0.0348633725151859
0.177550455617622,1.00867425853989,2059.90495247624,0.00965414825932743
0.15473596397448,1.00288309926358,2064.25712856428,0.0101829881012208
0.162927255654765,1.01449885892793,2062.60630315158,0.00782873373179948
0.191227729895502,1.06232295058138,2057.95397698849,0.0297560351651296
0.126667271358115,1.01158236655188,2071.91095547774,0.00597566310373687
0.144197073121103,1.00867425853989,2066.8084042021,0.00419922477910986
0.163326376675171,1.00288309926358,2062.45622811406,0.0141016611655936
0.161901492411472,1.00288309926358,2062.75637818909,0.00421754712550192
0.178243220593157,1.92784124639408,2063.35667833917,0.0265573900147452
0.192296201371099,1.03813555048354,2057.65382691346,0.0301596117562247
0.185675970127192,3.88058521159597,2065.75787893947,0.0347565899857331
0.190071960719152,3.02949571521225,2063.65682841421,0.0371425382370908
0.157478338946405,1.00288309926358,2063.65682841421,0.0140341348840776
0.188129847857453,2.50524216415549,2063.05652826413,0.0342221622168484
0.186968201664146,1.00867425853989,2058.40420210105,0.0214753256007702
0.187263203702772,2.0598161414781,2062.15607803902,0.032487255194917
0.137634449814917,2.66904925964653,2075.66283141571,0.0101220258186927
0.129477670636898,1.01449885892793,2071.01050525263,0.00190123530297378
0.162846478089389,11.0347040567755,2077.31365682841,0.0205384148885392
0.15097975728855,1.00867425853989,2065.15757878939,0.00762005784338724
0.187508816232723,4.29198469417562,2066.05802901451,0.0359602547265376
0.184333246804533,83.749215037991,2082.71635817909,0.0369290344801022
0.157677156805748,1.00867425853989,2063.65682841421,0.00547024767713629
0.191391773329489,2.42017049201696,2062.30615307654,0.0365777962417456
0.154075918562714,1.00288309926358,2064.4072036018,0.00769996384331893
0.19328194456268,1.01449885892793,2057.50375187594,0.00604060803007535
0.195523165656296,1.017423759841,2057.2036018009,0.00821952681147211
0.17232388604486,1.00867425853989,2060.80540270135,0.0153418745449744
0.112709275077603,1.00288309926358,2077.01350675338,0.00317318858711966
0.155633414538818,1.00867425853989,2064.10705352676,0.00118891200383351
0.180290985993602,1.00867425853989,2059.45472736368,0.0227697873500111
0.150984442549706,1.00867425853989,2065.15757878939,0.009004109566823
0.181397667007701,1.01449885892793,2059.30465232616,0.0165968736623318
0.174844093317567,1.00867425853989,2060.35517758879,0.0204567842244191
0.172628516999463,1.017423759841,2060.80540270135,0.00953586216589476
0.197272389681543,1.00577451078852,2056.90345172586,0.0187003655467365
0.187344983062579,4.31676880609627,2066.05802901451,0.0362170365204979
0.156523636267521,1.017423759841,2063.95697848924,0.00370140686750599
0.118817025120396,1.00577451078852,2074.61230615308,0.00470195399320061
0.163185482104222,5.16033824803901,2072.51125562781,0.0203132603078012
0.192905866122748,1.00288309926358,2057.50375187594,0.0206543108958838
0.194842511567705,1.07462716439149,2057.50375187594,0.0318426967673367
0.196811700269455,8.25047817477399,2067.70885442721,0.0468163479950379
0.109709811408732,1.02624915657849,2078.51425712856,0.00323080177804508
0.173810283961603,1.00288309926358,2060.50525262631,0.0177259283571047
0.178288161499763,5.52949756842363,2069.35967983992,0.029325129058846
0.17163000909164,1.01449885892793,2060.95547773887,0.00570393754645853
0.158896553170172,1.00288309926358,2063.35667833917,0.0113810597507487
0.15501760077284,1.01158236655188,2064.25712856428,0.00118138946557793
0.194673843559995,1.05926897298544,2057.50375187594,0.0313852171711635
0.186729147576167,1.00288309926358,2058.40420210105,0.0140028426860701
0.143738802700024,1.01449885892793,2066.95847923962,0.00489374395074652
0.142330572233892,1.00577451078852,2067.25862931466,0.00499058325336387
0.175201599777754,1.017423759841,2060.35517758879,0.012470509725004
0.16358840407128,1.01158236655188,2062.45622811406,0.00731197932153967
0.120026506876136,1.00577451078852,2074.16208104052,0.00313843273262951
0.163007699907851,1.01449885892793,2062.60630315158,0.016515374039109
0.176691123863701,1.01158236655188,2060.05502751376,0.00963498125481779
0.170620829753217,1.95579274466099,2065.00750375188,0.0221509973871062
0.149017897774969,1.00867425853989,2065.60780390195,0.00834798416136553
0.17819654181066,1.00288309926358,2059.75487743872,0.0200873064897839
0.099522086292977,1.01158236655188,2083.31665832916,0.00101621282331935
0.175285675863409,1.40051115285914,2062.15607803902,0.0232107940500014
0.165083023748208,1.00867425853989,2062.15607803902,0.0130054791982692
0.16726438720052,1.00288309926358,2061.70585292646,0.0136892720553897
0.161347852115882,1.6741946565908,2066.05802901451,0.0174691832642024
0.164578013730429,1.54898606893921,2064.85742871436,0.0186577405854091
0.199701516055229,1.01158236655188,2056.60330165083,0.001495656683772
0.178909740769668,1.16484078042324,2060.35517758879,0.0243219002070264
0.178297584575532,1.32596064017055,2061.25562781391,0.0245968978848668
0.162909558056124,1.01158236655188,2062.60630315158,0.0159866286611876
0.182126150601368,1.00867425853989,2059.15457728864,0.0112637034069409
0.199594743582414,1.00867425853989,2056.60330165083,0.0209472951725299
0.179391214460055,2.81911328467833,2065.30765382691,0.0286160999144196
0.188066221875226,3.13598584352336,2064.25712856428,0.0353255296062159
0.189026841871174,6.62911211113257,2068.00900450225,0.0389714037360962
0.179137470534417,1.00288309926358,2059.6048024012,0.0171415549969492
0.145544996298544,1.01449885892793,2066.50825412706,0.0050461617306171
0.155564499104008,1.00867425853989,2064.10705352676,0.0100646317258019
0.173802338490618,1.00288309926358,2060.50525262631,0.0151549216558728
0.182953768467611,1.00577451078852,2059.00450225113,0.010760501431972
0.141258190249338,1.00867425853989,2067.55877938969,0.00211525143661606
0.130479009655052,1.01449885892793,2070.71035517759,0.00274354588745065
0.114528040770595,1.00288309926358,2076.26313156578,0.00261542541842041
0.198327605272353,24.0073976636039,2072.81140570285,0.0505224085089981
0.18582698282308,1.00577451078852,2058.55427713857,0.021934361215914
0.19173970386361,2.21353437928443,2061.70585292646,0.0366894955772166
0.194243373643002,1.0684573459204,2057.50375187594,0.0316349944137487
0.175611925392801,1.00288309926358,2060.20510255128,0.0111473156296183
0.175885290042805,1.01158236655188,2060.20510255128,0.00187987772512107
0.168777494210223,1.21274904899342,2062.45622811406,0.0197753685905851
0.199605327307608,10.6599934842429,2068.45922961481,0.0508084611571672
0.191895195691616,1.00577451078852,2057.65382691346,0.00110984132756714
0.194338146473597,1.01449885892793,2057.35367683842,0.0124705090346652
0.16819319900198,1.00867425853989,2061.55577788894,0.00514357680677866
0.174255942707781,1.01449885892793,2060.50525262631,0.0169838809612574
0.129768803275625,1.00577451078852,2070.86043021511,0.00654679426730647
0.194461909407869,1.017423759841,2057.35367683842,0.0271700789444171
0.109929268544868,1.02035709353375,2078.36418209105,0.0036830950093377
0.17063476362141,4.74699861247518,2070.11005502751,0.0245536148590103
0.16650467627197,1.00577451078852,2061.85592796398,0.0102037781142717
0.193912537253253,1.00288309926358,2057.35367683842,0.0249597744259175
0.161124698119547,1.00288309926358,2062.90645322661,0.00719822647960402
0.176853780971179,1.01449885892793,2060.05502751376,0.00468839636791702
0.143586284981205,1.00867425853989,2066.95847923962,0.00504784869577488
0.146146977037014,1.01449885892793,2066.35817908954,0.00102135035932073
0.178087430631294,17.4908414355252,2075.81290645323,0.030775765643625
0.193319269969625,1.01449885892793,2057.50375187594,0.0248890941972057
0.192822979751208,1.00288309926358,2057.50375187594,0.00632484236960437
0.189308327193193,1.54898606893921,2060.20510255128,0.0322959862222514
0.19951160907609,1.00577451078852,2056.60330165083,0.0186749436168887
0.184133305973979,24.7798415269477,2076.26313156578,0.0356500685408278
0.186768927149925,1.00288309926358,2058.40420210105,0.00716442699302014
0.119667902530542,1.00577451078852,2074.31215607804,0.00353031528079042
0.105085722478789,1.14160110005127,2081.66583291646,0.00399238264488132
0.167624632859121,1.01449885892793,2061.70585292646,0.00298144315961017
0.0782148151630214,1.00288309926358,2097.72386193097,0.00147438113503727
0.183380065203205,1.017423759841,2059.00450225113,0.0250555665971735
0.183810327447931,1.00288309926358,2058.85442721361,0.0222397866419931
0.156275829989928,1.00867425853989,2063.95697848924,0.00598312373475812
0.160401692595352,2.81100886708374,2069.50975487744,0.0180731544840771
0.179452781713649,1.01158236655188,2059.6048024012,0.0181331933565237
0.0897193880013803,1.01449885892793,2089.1695847924,0.00243130242972795
0.194861207218092,1.52684850782001,2059.30465232616,0.0357463189832049
0.165939647657058,1.01158236655188,2062.0060030015,0.00656602499179667
0.146063000238826,6.01097243209366,2078.51425712856,0.0132108243309538
0.163189661303014,1.75311720834914,2065.90795397699,0.0184283312069248
0.158233477856859,1.00288309926358,2063.50675337669,0.00483991672153565
0.155428914085231,1.00288309926358,2064.10705352676,0.0135797939007266
0.188557179171092,1.12528574084121,2058.70435217609,0.0287205177949303
0.190957472188828,9.50045567592029,2069.50975487744,0.0416664133156076
0.134921918415957,1.01449885892793,2069.35967983992,0.00332451299249646
0.199394587996314,6.31248050684326,2065.75787893947,0.0499149769532356
0.196495309561184,1.01449885892793,2057.05352676338,0.0299836295842906
0.13748822807973,1.01449885892793,2068.60930465233,0.00925693276066098
0.142842102523892,1.00288309926358,2067.10855427714,0.00526595180929283
0.154384709085676,1.01449885892793,2064.4072036018,0.0126357459766412
0.189212254727102,1.017423759841,2058.10405202601,0.0171549425367414
0.197854317162152,1.12853005133194,2057.35367683842,0.0341067808400429
0.185142239765617,1.01449885892793,2058.70435217609,0.00182381760093673
0.16587134638472,1.85168407581574,2065.60780390195,0.0199002484016726
0.192865720389883,2.41321295951054,2062.0060030015,0.0379751043765387
0.146214407962498,1.017423759841,2066.35817908954,0.00321652515573127
0.175770301124251,6.1687553886527,2070.56028014007,0.0276812384867191
0.17297499514095,1.16484078042324,2061.40570285143,0.0214879982092628
0.103008872492169,1.01158236655188,2081.51575787894,0.00135215600602502
0.196333969644872,1.00867425853989,2057.05352676338,0.00699786676919436
0.197286133557434,7.90177085082341,2067.25862931466,0.048466360194176
0.154626828711522,9.83440721077889,2079.11455727864,0.0164832145278616
0.147242664062201,1.00288309926358,2065.90795397699,0.0117555300974937
0.174093314104583,1.01158236655188,2060.50525262631,0.0207788971305229
0.174014498686225,1.00867425853989,2060.50525262631,0.012410596395939
0.196533079576416,3.02078648791353,2062.60630315158,0.0423370113856429
0.187226488603608,6.2943333190863,2068.15907953977,0.0368050224213598
0.130780983037923,1.00867425853989,2070.56028014007,0.00176691992135214
0.141119552758143,1.00288309926358,2067.55877938969,0.00237133665548494
0.152221756272701,1.00867425853989,2064.85742871436,0.0079595327676359
0.169089532868921,1.01158236655188,2061.40570285143,0.0111345120657372
0.187511713424676,1.75817161928149,2061.25562781391,0.0316782440461305
0.164509510632509,1.01449885892793,2062.30615307654,0.00124007952470126
0.173328715228237,1.01449885892793,2060.65532766383,0.00326146882060335
0.18922571214049,3.85830538552188,2065.15757878939,0.0370882986420434
0.196179212713091,1.00577451078852,2057.05352676338,0.0227253295795598
0.149769153762637,1.01158236655188,2065.45772886443,0.00796932063262482
0.142101487621055,1.017423759841,2067.40870435218,0.00639606320631701
0.185041309008603,1.01158236655188,2058.70435217609,0.0202360157985362
0.152926817254555,1.00867425853989,2064.70735367684,0.00604880975487948
0.18804720756105,1.01158236655188,2058.25412706353,0.0181414649959719
0.140802893402457,1.01158236655188,2067.70885442721,0.00498442261823459
0.178695596970118,1.28833114804146,2060.95547773887,0.0248651529555391
0.165055610129861,1.00867425853989,2062.15607803902,0.0120815285018129
0.190972624291887,1.00867425853989,2057.80390195098,0.00429316561651879
0.182424534091579,1.017423759841,2059.15457728864,0.0215174817223285
0.175648985669925,1.00577451078852,2060.20510255128,0.0194968751338277
0.19455435960605,1.21624552488348,2058.25412706353,0.0327987657553824
0.17215518797005,1.00288309926358,2060.80540270135,0.00866159510405991
0.123789272925444,1.00288309926358,2072.81140570285,0.00183023990090238
0.180218248178949,1.00867425853989,2059.45472736368,0.00898443157977866
0.134967871768729,1.01449885892793,2069.35967983992,0.00757122790341097
0.191143655357193,1.01449885892793,2057.80390195098,0.0165433263228373
0.199485581723661,1.60343464412786,2058.85442721361,0.0397527262303123
0.135895397675048,1.01158236655188,2069.05952976488,0.00826493229749337
0.178683019575519,1.017423759841,2059.75487743872,0.012920622572995
0.186190131703777,1.01449885892793,2058.55427713857,0.0197290872820239
0.165988681224102,1.01449885892793,2062.0060030015,0.00489778157690474
0.160074367775833,1.017423759841,2063.20660330165,0.0105194286979407
0.173793716347201,1.00288309926358,2060.50525262631,0.0181528615282716
0.165720843315562,1.00577451078852,2062.0060030015,0.011308719150391
0.136746620946746,1.00288309926358,2068.75937968984,0.00370768150401226
0.175533084077516,2.52697328239242,2065.45772886443,0.025821614768729
0.180980980005279,1.00288309926358,2059.30465232616,0.0135694828695571
0.153793940904295,1.017423759841,2064.55727863932,0.00329872139993839
0.116596740554184,1.40859841962076,2078.36418209105,0.0055772457951964
0.176607025463081,1.00867425853989,2060.05502751376,0.00312072042707375
0.182435455511525,1.017423759841,2059.15457728864,0.0192804512269881
0.199931118891409,1.21975208146059,2057.50375187594,0.0362190273281794
0.171540338439473,40.7758103487437,2082.56628314157,0.0260207794417492
0.133355271091027,1.01158236655188,2069.80990495248,0.00341900323583029
0.137963806187124,3.01210229799636,2076.4132066033,0.0103033942759224
0.186705356004791,1.00288309926358,2058.40420210105,0.0230564984689643
0.196902043800008,2.30457394564778,2061.10555277639,0.0410947517209748
0.132773855976744,1.00867425853989,2069.95997999,0.00452149823943847
0.194092400556193,1.00867425853989,2057.35367683842,0.00110576818829522
0.188234530616263,1.017423759841,2058.25412706353,0.00229700395751108
0.116660184057961,1.01449885892793,2075.51275637819,0.00308340195436597
0.195938967441699,1.32214875407135,2058.40420210105,0.0349523579998519
0.159182413873401,2.45526020256225,2068.90945472736,0.0174649590720886
0.172376292658854,1.01158236655188,2060.80540270135,0.0113547889553986
0.194042007916319,8.54049161663095,2068.30915457729,0.0448393857237335
0.187288851369971,1.017423759841,2058.40420210105,0.00771731917382274
0.176732719301883,4.63891702142887,2068.60930465233,0.0283878693950603
0.150542628057466,3.71657187129828,2073.86193096548,0.0145737979337699
0.192372204072593,1.017423759841,2057.65382691346,0.02067372640077
0.195144164107876,1.00577451078852,2057.2036018009,0.00869003229932162
0.188106339823814,1.01449885892793,2058.25412706353,0.0262555776102626
0.184826483657454,1.00577451078852,2058.70435217609,0.00807251851062672
0.19966385782362,1.00867425853989,2056.60330165083,0.020756631619982
0.161117749723684,96.7155651874199,2091.27063531766,0.0201224810404553
0.143415877665178,1.00288309926358,2066.95847923962,0.00324543358675156
0.134315386633646,1.00867425853989,2069.50975487744,0.0039121036620687
0.197496717726068,9.86276078296599,2068.45922961481,0.048275908322344
0.187831819833177,1.00577451078852,2058.25412706353,0.0120892432029835
0.195064357565603,1.00577451078852,2057.2036018009,0.0293142505146148
0.198031463576773,1.65502554408647,2059.30465232616,0.038579344089254
0.136336183293103,1.00867425853989,2068.90945472736,0.00492704272365118
0.198984771300535,2.97761447568876,2062.15607803902,0.044408660570798
0.198415838939536,1.00577451078852,2056.75337668834,0.024789531440587
0.129406510812232,23.259032627454,2095.32266133067,0.00848801096234812
0.130166683478659,5.46618619625777,2083.76688344172,0.00855636228665427
0.19731889978248,1.00577451078852,2056.90345172586,0.027826521500297
0.172335301322513,1.00867425853989,2060.80540270135,0.0169172763339391
0.120998261219973,1.01158236655188,2073.86193096548,0.00453397735880765
0.195404687983941,10.2094477434412,2069.05952976488,0.0458703666843928
0.188771613504307,1.00288309926358,2058.10405202601,0.0185309206612663
0.168083562274484,1.00577451078852,2061.55577788894,0.00869244019571658
0.170645888206267,1.00867425853989,2061.10555277639,0.00735906048433892
0.190144411228476,1.01449885892793,2057.95397698849,0.0132681681484341
0.160041910594324,1.01449885892793,2063.20660330165,0.00566816920165126
0.180198305239746,1.00577451078852,2059.45472736368,0.00269673768959674
0.195225804542024,1.00867425853989,2057.2036018009,0.0300438135363889
0.127190335390503,1.01449885892793,2071.76088044022,0.00111631153334927
0.166405949871968,1.00288309926358,2061.85592796398,0.00186546398088684
0.108128975473079,1.01449885892793,2079.11455727864,0.00286215787286256
0.150519383917062,1.017423759841,2065.30765382691,0.00244836184405367
0.118493538031784,1.84105289600553,2079.86493246623,0.0059683204142764
0.144869916424656,1.01158236655188,2066.65832916458,0.00218793737046293
0.194401622491633,1.017423759841,2057.35367683842,0.00514874600191264
0.195534141028511,1.017423759841,2057.2036018009,0.0142728928584888
0.102126049846609,1.01158236655188,2081.9659829915,0.00166401269877968
0.198238348972599,1.00288309926358,2056.75337668834,0.0106818393975948
0.15461146523156,11.0347040567755,2079.86493246623,0.0165153733499201
0.168575134681522,1.46231609576324,2063.65682841421,0.0203090839764149
0.181066730631081,1.01158236655188,2059.30465232616,0.0240556603332565
0.152264269670916,1.00867425853989,2064.85742871436,0.0104705987209782
0.146566270480131,1.00867425853989,2066.20810405203,0.00406928736897698
0.114219963855666,1.00577451078852,2076.4132066033,0.00360933342361625
0.192884595611536,1.09335121002246,2057.95397698849,0.0306350850155997
0.169038261330064,1.017423759841,2061.40570285143,0.0189798714753525
0.175986872189864,1.01449885892793,2060.20510255128,0.01595380061721
0.196449736001775,5.32637338722108,2065.45772886443,0.0456774217613576
0.197821980984655,1.28093437865255,2057.95397698849,0.0358828241706688
0.195107776012001,1.00577451078852,2057.2036018009,0.0178998240347533
0.142550072354908,1.01449885892793,2067.25862931466,0.00830001568640679
0.183279881716469,1.01449885892793,2059.00450225113,0.0122201219170432
0.191490979813117,1.95017021036364,2061.10555277639,0.0354476867116353
0.167444074647297,12.66997313217,2076.86343171586,0.0230859988533837
0.18288525775974,1.00288309926358,2059.00450225113,0.00333898597940847
0.19218223899022,10.0057595601981,2069.50975487744,0.0431741908333042
0.198692711936224,3.37973166401872,2062.75637818909,0.0456417834329831
0.165425621215873,1.07153781450759,2062.45622811406,0.0176797175780267
0.0943645450841392,1.00577451078852,2086.16808404202,0.00220665800588124
0.148541784017642,4.95648496866088,2076.4132066033,0.0139830054826492
0.130156588800409,1.00288309926358,2070.71035517759,0.00629063929071269
0.193372107077077,1.017423759841,2057.50375187594,0.0208308185053249
0.102655967401836,1.00867425853989,2081.66583291646,0.00300913166606745
0.185023819996053,1.01158236655188,2058.70435217609,0.013353937769256
0.109211663036808,1.00288309926358,2078.51425712856,0.0026667312672124
0.192297472551919,1.017423759841,2057.65382691346,0.0129518344083334
0.192717863532193,5.2653877364201,2066.05802901451,0.0420183793569359
0.17576483545269,1.00867425853989,2060.20510255128,0.00835351097096178
0.188382682154834,2.35148837301477,2062.60630315158,0.0344221877536911
0.182317670074382,1.01449885892793,2059.15457728864,0.00702620075810649
0.142704525690564,3.99392909131044,2076.86343171586,0.0117992197690217
0.161576897598113,12.169460288151,2078.21410705353,0.0201643421575602
0.194469413615376,1.017423759841,2057.35367683842,0.00988717768511452
0.182783218590585,3.74881037659201,2066.20810405203,0.0319724853810465
0.134367521030787,1.01158236655188,2069.50975487744,0.00207186091414637
0.168990517253065,1.00867425853989,2061.40570285143,0.00624432155128356
0.167282232129817,1.00577451078852,2061.70585292646,0.00949642571565288
0.193367738991208,1.017423759841,2057.50375187594,0.0226570882823875
0.18191483750988,8.84069935203988,2071.16058029014,0.0328136227214475
0.156247361601079,2.2071708865269,2068.90945472736,0.0161976249062035
0.164114548987287,1.00288309926358,2062.30615307654,0.0154518105595828
0.188815035650815,1.00577451078852,2058.10405202601,0.00660891389560746
0.150450193343795,1.01449885892793,2065.30765382691,0.00913077666287233
0.176704830635262,9.07276025359497,2072.51125562781,0.0289122862385213
0.131811440982267,1.32978351631576,2072.3611805903,0.00827065251928921
0.173336929954469,1.41673238639154,2062.60630315158,0.0222237289573586
0.157846005291948,1.01449885892793,2063.65682841421,0.00847724055955735
0.0861499462814973,1.0232988843187,2091.72086043021,0.00180088513741479
0.179278683119888,1.00577451078852,2059.6048024012,0.0229512246403595
0.11974969271185,1.01158236655188,2074.31215607804,0.00139501478553131
0.184996757582061,1.00867425853989,2058.70435217609,0.00636381932836028
0.152629620163396,1.42081696649143,2066.95847923962,0.0140498664687318
0.103868986027532,1.00867425853989,2081.06553276638,0.00325489691136239
0.176375533841893,2.63848930932274,2065.45772886443,0.0267881202863836
0.180366584036443,37.7262954049369,2079.5647823912,0.0325592320785685
0.181783138447669,2.3787241732935,2063.95697848924,0.0293090797828451
0.178226492816655,1.00288309926358,2059.75487743872,0.0154586716050933
0.162100763244798,1.01158236655188,2062.75637818909,0.00667801448457635
0.134865339417496,1.01158236655188,2069.35967983992,0.00833267320122255
0.190012260158518,1.05015961695978,2058.10405202601,0.0288836057782917
0.133994245127965,1.017423759841,2069.65982991496,0.00218169342971181
0.172202789643468,1.00577451078852,2060.80540270135,0.00211062474655014
0.140352772709357,1.017423759841,2067.85892946473,0.00288284484124776
0.197616878048742,1.01449885892793,2056.90345172586,0.019737578044961
0.181987188387382,1.28093437865255,2060.50525262631,0.0260748243433039
0.154073198918387,1.00288309926358,2064.4072036018,0.00344025152908136
0.146545176084627,1.00867425853989,2066.20810405203,0.00813253490212854
0.192949065415023,1.00577451078852,2057.50375187594,0.0117145380761506
0.088163811203945,1.01449885892793,2090.22011005503,0.00179523349637275
0.194988921392006,1.00288309926358,2057.2036018009,0.0230956622293607
0.187965130570639,1.00867425853989,2058.25412706353,0.0148616005266991
0.155826752910653,1.017423759841,2064.10705352676,0.00455409535350743
0.12168696172507,1.41265954868704,2076.26313156578,0.0064706422500283
0.167626388907573,1.01449885892793,2061.70585292646,0.0104586196835253
0.188264209895476,3.25557838997471,2064.4072036018,0.035722670345425
0.191268791792595,1.017423759841,2057.80390195098,0.0161013205931471
0.192019701727268,1.00867425853989,2057.65382691346,0.0129945211710266
0.150922857222018,1.00867425853989,2065.15757878939,0.00445925391990057
0.189029378353247,1.01158236655188,2058.10405202601,0.013126899581921
0.195020864715975,1.00288309926358,2057.2036018009,0.00361488684808055
0.197705953490995,1.017423759841,2056.90345172586,0.0163263300077093
0.175202484313852,1.017423759841,2060.35517758879,0.0118376849917271
0.194057833598827,72.1048522251035,2079.41470735368,0.0461256719762741
0.159766788991483,7.85640396138943,2076.11305652826,0.0187610247587107
0.162987627904767,3.36032741709575,2069.95997999,0.0195935739126911
0.172128281673437,1.00288309926358,2060.80540270135,0.00797767575774648
0.154763591593736,1.00288309926358,2064.25712856428,0.00738909518124057
0.107726373507975,1.36076598863131,2081.9659829915,0.00438198929960836
0.189025144333854,1.01158236655188,2058.10405202601,0.00536444338840364
0.192038093080219,1.00867425853989,2057.65382691346,0.0264700553205315
0.18223331755307,1.01158236655188,2059.15457728864,0.0108251621384686
0.173344170725185,26.0978151697375,2079.41470735368,0.0272734692154643
0.15288785226631,1.00867425853989,2064.70735367684,0.0109624200632087
0.195342368826773,1.01158236655188,2057.2036018009,0.0308377505693416
0.182844149753758,1.00288309926358,2059.00450225113,0.0113615853916993
0.129062777630041,1.01449885892793,2071.16058029014,0.00155610615709514
0.193244003174641,3.35066711121492,2063.65682841421,0.0402399480382217
0.187074617364224,1.01158236655188,2058.40420210105,0.00413287789171021
0.115096278302793,1.01158236655188,2076.11305652826,0.00316245582607285
0.189458790970088,3.77045792255574,2065.00750375188,0.0370927434825107
0.17197919246518,1.38846722913941,2062.60630315158,0.0219208581281161
0.173822597759468,1.44974067037263,2062.60630315158,0.0227095923728018
0.188255597106363,4.18220533158347,2065.75787893947,0.0366245022104892
0.193083236255595,24.2156440378081,2074.012006003,0.0444487904653566
0.175851740345773,9.5553161597167,2072.96148074037,0.0286036248383962
0.178718580871702,1.017423759841,2059.75487743872,0.00155131337502794
0.149568272688006,1.00577451078852,2065.45772886443,0.0112800148996815
0.187243864126088,1.017423759841,2058.40420210105,0.0246872424967986
0.114350244053696,1.01158236655188,2076.4132066033,0.00110954950816501
0.180965519181407,1.00288309926358,2059.30465232616,0.0230765048800294
0.183307721119409,1.55345194953386,2061.25562781391,0.0283782393620358
0.189409670650882,2.31121826109334,2062.30615307654,0.0352714743289158
0.141981939303479,1.01449885892793,2067.40870435218,0.00519038157641866
0.156251698532226,1.00577451078852,2063.95697848924,0.010653144481023
0.193176814644515,1.01158236655188,2057.50375187594,0.0203176586471094
0.13242394093221,1.01449885892793,2070.11005502751,0.00234567406329686
0.128833131648985,1.2267955530143,2072.66133066533,0.0076501132092214
0.159774886129909,1.00577451078852,2063.20660330165,0.00743344389489935
0.130225119796589,1.00577451078852,2070.71035517759,0.00693365008346547
0.166296631349785,1.27725193454067,2063.35667833917,0.0186851244263412
0.172272170879977,1.00577451078852,2060.80540270135,0.0130407346703925
0.16900441476549,1.00867425853989,2061.40570285143,0.00757780503673153
0.175262980004013,1.60805750536954,2062.90645322661,0.0240007776553135
0.180347496505831,2.33798763817471,2064.10705352676,0.0284124811502943
0.143085121653162,1.01158236655188,2067.10855427714,0.00804517772039038
0.192768979616434,1.05926897298544,2057.80390195098,0.0302120273614449
0.180247152556249,1.00867425853989,2059.45472736368,0.0107126098637942
0.11604167484455,1.00288309926358,2075.66283141571,0.00198485719799269
0.116846798998353,1.00577451078852,2075.36268134067,0.00130469875319644
0.198406604626144,1.00577451078852,2056.75337668834,0.0268199676302531
0.185862641171782,1.17833239331668,2059.30465232616,0.0278875717973997
0.175445110428214,1.07462716439149,2060.50525262631,0.0221442832111184
0.192146971025376,1.01158236655188,2057.65382691346,0.00113198680922193
0.174988307075685,2.76286929599819,2066.05802901451,0.0258480447260072
0.164318693349646,1.26262771749805,2063.65682841421,0.0179094803084032
0.110018968289619,1.00867425853989,2078.21410705353,0.00437357106046388
0.196905588075003,5.64206206761865,2065.75787893947,0.0456662549413006
0.171383489919023,3.66345594042931,2068.45922961481,0.0243981741256348
0.181304232084621,1.60343464412786,2061.85592796398,0.0270847147778987
0.179625727803595,1.08394875824941,2059.90495247624,0.0239560660415319
0.141741904236402,1.00577451078852,2067.40870435218,0.0059729942876411
0.193296273860006,3.74881037659201,2064.25712856428,0.0406671360035122
0.196184717795355,1.13831921276723,2057.65382691346,0.033129163634845
0.155059043802731,1.01449885892793,2064.25712856428,0.0103722194142507
0.137676631168787,1.017423759841,2068.60930465233,0.00283264172985207
0.181330864620592,1.01449885892793,2059.30465232616,0.0117516876706475
0.189372501662913,1.92784124639408,2061.40570285143,0.0337520760322644
0.1860809707099,1.01158236655188,2058.55427713857,0.0254424761447601
0.120378918143284,1.00288309926358,2074.012006003,0.00258449047277875
0.191659897230398,2.42017049201696,2062.30615307654,0.0365182535054511
0.184378169237903,1.50502732889567,2060.95547773887,0.0286095914836289
0.185816701347791,1.00577451078852,2058.55427713857,0.00432237873486617
0.192383829939244,1.017423759841,2057.65382691346,0.0145346385229138
0.156253437236022,1.2267955530143,2065.15757878939,0.0149459865410536
0.176951303384771,2.10780755947618,2064.10705352676,0.0261740255788425
0.178438661136485,1.29950646550457,2061.10555277639,0.0246155000569217
0.188178664122719,34.4059979034348,2077.01350675338,0.0396351749105244
0.189100070057106,1.01449885892793,2058.10405202601,0.00538550750732325
0.195810610575909,1.24100474879353,2058.10405202601,0.0341315621793205
0.135791829876103,1.00577451078852,2069.05952976488,0.00554245711383784
0.15608740968794,1.00288309926358,2063.95697848924,0.00121079665517384
0.192845644926602,1.00288309926358,2057.50375187594,0.0221035016854674
0.185695379860603,6.04568285725226,2068.15907953977,0.0359834657001728
0.139627502559216,1.00867425853989,2068.00900450225,0.00748961829466341
0.118187911256442,1.01158236655188,2074.91245622811,0.00124775969820584
0.185054475499345,1.01158236655188,2058.70435217609,0.0104160009446575
0.182335778804762,1.01449885892793,2059.15457728864,0.0188998333285035
0.155609892320274,1.00867425853989,2064.10705352676,0.00542745651886761
0.154815241664288,1.00577451078852,2064.25712856428,0.0125776721604311
0.178246191861231,1.00288309926358,2059.75487743872,0.00775032970751079
0.19488441582243,1.05015961695978,2057.35367683842,0.0316902105047012
0.196131690488991,1.00577451078852,2057.05352676338,0.0203435604823099
0.192908057424878,2.90981894079874,2063.05652826413,0.0386631237522632
0.198010201411905,2.66137624774655,2061.70585292646,0.0429206856179517
0.115432424829176,1.00867425853989,2075.96298149075,0.0024184335328271
0.165942676223148,1.01158236655188,2062.0060030015,0.0135671791808599
0.187237238887734,1.017423759841,2058.40420210105,0.0213466987628229
0.101779097320143,1.00867425853989,2082.11605802901,0.00149548047684507
0.19205544264507,1.57597523020146,2059.90495247624,0.0340739082829794
0.198430776946927,5.40359972355987,2065.15757878939,0.0480494298757629
0.174226751540061,1.01449885892793,2060.50525262631,0.0184159667283993
0.143149542091961,1.01449885892793,2067.10855427714,0.00723957579812572
0.128253065564444,1.00288309926358,2071.31065532766,0.00632881929639206
0.0839055725594944,1.0232988843187,2093.37168584292,0.00109216744564747
0.188218769123413,1.017423759841,2058.25412706353,0.0259206657070514
0.189248769091821,1.017423759841,2058.10405202601,0.0171797567289267
0.163762993475404,1.01449885892793,2062.45622811406,0.008630750045417
0.191795990635078,1.88937898174206,2060.95547773887,0.0350911181828563
0.197282995733653,1.00577451078852,2056.90345172586,0.0140770088957401
0.192970281301596,1.23387969717049,2058.55427713857,0.03204125338899
0.19611630436669,1.78366310156055,2059.90495247624,0.0382544174592526
0.174335889978504,1.017423759841,2060.50525262631,0.0203887283533644
0.165273314908891,1.01449885892793,2062.15607803902,0.00356973155035136
0.168377456070208,4.30435891208667,2070.11005502751,0.0229196171447083
0.0975936961895862,1.01158236655188,2084.3671835918,0.00193029981820779
0.192679848229422,3.78132852701561,2064.4072036018,0.0401610728617909
0.179213091996656,1.00577451078852,2059.6048024012,0.0180036551506507
0.192263842671161,1.01449885892793,2057.65382691346,0.0120813125447448
0.18330208004236,1.01449885892793,2059.00450225113,0.0179600881258149
0.195371042466391,1.25899790157518,2058.25412706353,0.0339509106633286
0.148658043808643,2.46943812909056,2071.76088044022,0.0133509716735221
0.182261968285956,1.01449885892793,2059.15457728864,0.0218120977737955
0.161386290699725,1.01158236655188,2062.90645322661,0.00569378497489082
0.196637162011571,1.83576021707557,2060.05502751376,0.0384560979963041
0.182819246064555,1.00288309926358,2059.00450225113,0.013205040437385
0.154065538516794,1.00288309926358,2064.4072036018,0.00639500763935594
0.184814471891673,1.00288309926358,2058.70435217609,0.00169911010100632
0.147614307882559,1.00288309926358,2065.90795397699,0.00697163205384071
0.15872953080107,52.3817248465878,2088.26913456728,0.0190418380737827
0.180370825260335,1.01158236655188,2059.45472736368,0.0181017659761494
0.114709557309064,1.01158236655188,2076.26313156578,0.00492668873913849
0.199579405206576,1.00867425853989,2056.60330165083,0.030441426537235
0.137432861098011,1.00867425853989,2068.60930465233,0.00612889059392768
0.159030732716354,1.4920846013006,2065.75787893947,0.0164944492356064
0.178275753055715,1.00288309926358,2059.75487743872,0.0160750049951776
0.176258468919208,1.66458250694606,2062.90645322661,0.0247241030915131
0.135901966654104,1.01158236655188,2069.05952976488,0.00445669218411598
0.125393044282306,1.01449885892793,2072.3611805903,0.0061448298772514
0.178690019829003,1.58051892322707,2062.15607803902,0.0258465663754478
0.14238463405419,1.00867425853989,2067.25862931466,0.0102306410377422
0.176861291929763,1.01449885892793,2060.05502751376,0.0169234036273693
0.175665496796346,1.00577451078852,2060.20510255128,0.0194976248615396
0.194293969877822,1.01449885892793,2057.35367683842,0.015414738332483
0.149035531243087,54.2230004661768,2092.32116058029,0.0146757593088234
0.148525986456974,1.01158236655188,2065.75787893947,0.00107082661407677
0.168109225165486,1.00577451078852,2061.55577788894,0.0148902248173982
0.116119582856512,1.02035709353375,2075.66283141571,0.00542256768167471
0.162071814195069,1.00867425853989,2062.75637818909,0.0149088855018118
0.190236086137004,2.4062754285944,2062.45622811406,0.0357304565084544
0.162232361599885,1.01449885892793,2062.75637818909,0.00487336641533368
0.187782534489057,2.13836836392825,2062.30615307654,0.0329104816016173
0.0848350565244148,1.00577451078852,2092.47123561781,0.00165808573769888
0.106659288126896,6.09812467340626,2096.67333666833,0.00441479284758673
0.197258080173443,1.00577451078852,2056.90345172586,0.0169822871711452
0.19961076351599,1.00867425853989,2056.60330165083,0.0259855173164182
0.196961323576151,2.44116367657533,2061.40570285143,0.0415160588488167
0.187892291270671,1.00867425853989,2058.25412706353,0.0070266472319917
0.153110788161729,1.01449885892793,2064.70735367684,0.0114067551703252
0.163760821200685,1.01449885892793,2062.45622811406,0.0149027606490081
0.169016184366847,1.00867425853989,2061.40570285143,0.0185803601947319
0.141094872368549,4.26734287669584,2077.76388194097,0.0115024205684454
0.161931712189541,1.07153781450759,2063.05652826413,0.0165965870483247
0.195714422063743,1.37256962462899,2058.70435217609,0.0348800909699671
0.192881549771825,3.92553157195246,2064.55727863932,0.0405748350488038
0.166406038555079,1.00288309926358,2061.85592796398,0.0166584993032235
0.182866648771443,1.00288309926358,2059.00450225113,0.00846668761332756
0.195348383353506,1.01158236655188,2057.2036018009,0.0215113921688597
0.123140830054831,1.01158236655188,2073.11155577789,0.00616412671755949
0.153009759557964,1.67902152597229,2068.00900450225,0.0144050740690243
0.140401055483684,1.017423759841,2067.85892946473,0.00451708107292426
0.192583882052401,3.02949571521225,2063.20660330165,0.0393507980157889
0.171600293469205,2.48369792620856,2066.20810405203,0.0233649131643441
0.130671492217429,1.00288309926358,2070.56028014007,0.00167097193351226
0.178469705730961,1.00867425853989,2059.75487743872,0.0082996927485118
0.133897576164391,1.01449885892793,2069.65982991496,0.00279292087366029
0.157153659960728,1.01449885892793,2063.80690345173,0.00362681713710319
0.156136857610889,1.00288309926358,2063.95697848924,0.00537394860205392
0.162804036639889,1.00867425853989,2062.60630315158,0.00657610590501002
0.16533131144851,1.017423759841,2062.15607803902,0.0116751314119528
0.113796515694638,1.00288309926358,2076.56328164082,0.00311220782521725
0.178296323520167,1.00577451078852,2059.75487743872,0.00962385655696172
0.180326755411378,1.01158236655188,2059.45472736368,0.0145717225183275
0.188921655818689,1.00867425853989,2058.10405202601,0.0046344107984931
0.199669279336593,1.00867425853989,2056.60330165083,0.00382997585949804
0.198407982441999,1.00577451078852,2056.75337668834,0.0177098820692567
0.115756383050637,2.79486986091936,2084.66733366683,0.00563374462102003
0.158342720992556,1.00577451078852,2063.50675337669,0.00106106022506991
0.184885523407458,5.02834834499989,2067.40870435218,0.0343588640979751
0.115070782267032,1.01158236655188,2076.11305652826,0.00483070094660287
0.179567870217806,1.05318733137807,2059.75487743872,0.0237208562132867
0.17585269927388,1.4920846013006,2062.30615307654,0.0241581356929391
0.119778200356768,1.01158236655188,2074.31215607804,0.00542277916465442
0.185225378740971,1.01449885892793,2058.70435217609,0.0014069876895252
0.191596879426205,37.1871245324062,2076.56328164082,0.0433609883014195
0.178138786998901,9.36467852310833,2072.3611805903,0.0299242672617766
0.167365935965936,1.00577451078852,2061.70585292646,0.0147372038963554
0.170689964214461,1.00867425853989,2061.10555277639,0.0151925687243916
0.190104610231667,5.3417298504113,2066.65832916458,0.0393573632104771
0.19086612872811,1.00577451078852,2057.80390195098,0.0260070017708447
0.112813284000593,1.00867425853989,2077.01350675338,0.00456849824771686
0.184075210064793,1.14160110005127,2059.45472736368,0.0265693064330565
0.111820214592712,1.01158236655188,2077.46373186593,0.00350162357786093
0.192605076896436,1.40454896553258,2059.30465232616,0.0329592636678155
0.16415570085288,1.12853005133194,2062.90645322661,0.0176717691646311
0.196548944462695,1.01449885892793,2057.05352676338,0.0287295494385911
0.197607895513832,1.01449885892793,2056.90345172586,0.00948004203820652
0.177831952854782,1.017423759841,2059.90495247624,0.00974504973617612
0.194542010969075,2.87650223749675,2062.60630315158,0.040779136752427
0.183342091583871,1.017423759841,2059.00450225113,0.0193086034468944
0.191939609592972,3.25557838997471,2063.80690345173,0.0384624515440326
0.108548968256154,1.00288309926358,2078.8144072036,0.00316995148868068
0.162347039802893,1.017423759841,2062.75637818909,0.0156017175226071
0.179467260712378,4.55947384416678,2068.00900450225,0.0298655631973796
0.199747229020126,1.64552345116496,2059.00450225113,0.0399445908244496
0.121816931432373,1.01158236655188,2073.56178089045,0.00347691672888703
0.197957079144515,2.33126636583218,2060.95547773887,0.0424098775529398
0.160439039146249,1.12853005133194,2063.65682841421,0.0163042419868592
0.194192745607899,28.3702534600969,2074.46223111556,0.0468238426235854
0.170738500697769,1.01158236655188,2061.10555277639,0.0128998476062424
0.181100582196671,1.00577451078852,2059.30465232616,0.0130656664770973
0.199000772615364,2.09570588324384,2060.35517758879,0.0417405164852225
0.176670108439836,1.00867425853989,2060.05502751376,0.016328084914347
0.191952604638613,1.00577451078852,2057.65382691346,0.00982662311152614
0.193226582462966,1.01158236655188,2057.50375187594,0.00184504297498588
0.139197759047475,1.01449885892793,2068.15907953977,0.00652023360436218
0.187464365200177,1.441417191251,2060.20510255128,0.0301730788577528
0.192103728219681,1.01158236655188,2057.65382691346,0.0224859642670796
0.140746691230576,1.00867425853989,2067.70885442721,0.00466927457196469
0.191518242683275,6.31248050684326,2067.25862931466,0.0412365004638528
0.184665239917863,1.8570226648111,2062.0060030015,0.0302872728566832
0.140351390300108,1.017423759841,2067.85892946473,0.00286723037184561
0.178790440560421,8.49145760309168,2071.6108054027,0.0305479934498437
0.190220637554963,13.4209094274668,2071.46073036518,0.0416324255175272
0.198783431481027,1.83576021707557,2059.75487743872,0.04002012849236
0.185923140397517,1.41265954868704,2060.35517758879,0.029074397925309
0.19400538068945,1.34518555643637,2058.85442721361,0.0335586613843701
0.154226846760255,1.00867425853989,2064.4072036018,0.0107387050272337
0.156591211709367,1.017423759841,2063.95697848924,0.00191994716380185
0.170646028509499,1.00867425853989,2061.10555277639,0.00698807395719351
0.126267862101387,1.01449885892793,2072.06103051526,0.0052160077592798
0.161931704938449,1.00577451078852,2062.75637818909,0.0074819813343408
0.19977572678018,1.80432214140788,2059.45472736368,0.0410256017369796
0.164209048545924,1.00577451078852,2062.30615307654,0.00853390607688814
0.15000661555195,1.17494491051044,2066.35817908954,0.0127935301619847
0.167808432054425,1.9841495077581,2065.60780390195,0.0210251756281415
0.196401720589699,1.01158236655188,2057.05352676338,0.00853374708422174
0.164243769651718,1.00577451078852,2062.30615307654,0.00634144868494072
0.18795864140274,1.00867425853989,2058.25412706353,0.001664849216059
0.178299216683323,1.00577451078852,2059.75487743872,0.0179492527537813
0.194950489162108,1.00288309926358,2057.2036018009,0.0151273444693476
0.152843560315354,1.00577451078852,2064.70735367684,0.00635187526300421
0.139119490109925,1.01158236655188,2068.15907953977,0.00675730279879012
0.187747330398918,1.24100474879353,2059.30465232616,0.0293279134749922
0.143664845869183,1.08707389011608,2067.40870435218,0.0108889365258243
0.161946090397356,1.00577451078852,2062.75637818909,0.00455059995182769
0.190695395971123,1.0684573459204,2058.10405202601,0.0293875371112402
0.190887480457258,1.05926897298544,2057.95397698849,0.0296511045453896
0.131246303973659,1.00577451078852,2070.41020510255,0.00488207899428099
0.176116481871678,2.11388457789867,2064.25712856428,0.0258015424649285
0.191426984535606,4.06351835261943,2065.00750375188,0.039346235958182
0.153108371148524,1.01449885892793,2064.70735367684,0.00579584361663397
0.196423489526793,1.01158236655188,2057.05352676338,0.0134020445239158
0.192995133162063,4.94223601165526,2065.75787893947,0.0414603271188261
0.182174456089101,1.01158236655188,2059.15457728864,0.00212381125579948
0.147364677151562,2.70774742833384,2072.66133066533,0.0131707910312913
0.182455715202993,1.0684573459204,2059.30465232616,0.0253777446240161
0.169842156531014,1.00867425853989,2061.25562781391,0.00982728751298917
0.183252533344856,1.00288309926358,2058.85442721361,0.025170000211733
0.179104509498361,3.08228092099346,2065.90795397699,0.0285135619623833
0.139437766556673,3.11798102843626,2076.11305652826,0.0108070448212145
0.118961005731721,1.01158236655188,2074.61230615308,0.00492532940964125
0.187722275364166,1.00288309926358,2058.25412706353,0.0167691261588789
0.176879531293022,1.43727338940046,2062.0060030015,0.024164114919218
0.191136063694579,1.01158236655188,2057.80390195098,0.0166173202149784
0.178461367797006,1.00867425853989,2059.75487743872,0.00742450050067371
0.179097796434,7.24794774808137,2070.71035517759,0.0302751893294695
0.174056280895796,1.00867425853989,2060.50525262631,0.00310235493770479
0.0842307181339755,1.00577451078852,2092.92146073037,0.00101859302547446
0.141974927138365,1.01449885892793,2067.40870435218,0.00473704953428903
0.172302162458596,1.00867425853989,2060.80540270135,0.00853040481684301
0.19942860222579,4.71974439753259,2064.4072036018,0.047604875290626
0.140610728764126,1.00577451078852,2067.70885442721,0.00361749036897011
0.144175055755989,1.00867425853989,2066.8084042021,0.0103932591406059
0.191621003952011,10.6599934842429,2069.95997999,0.042671705868606
0.190307951997302,1.017423759841,2057.95397698849,0.0191710529089201
0.158371293461644,1.00867425853989,2063.50675337669,0.0102867697832277
0.195339819946858,1.01158236655188,2057.2036018009,0.00144801738376263
0.199723208748662,1.01158236655188,2056.60330165083,0.018702820981173
0.119615837343689,1.00577451078852,2074.31215607804,0.00328725687833381
0.166920371928822,71.0743551760129,2087.21860930465,0.023680163637569
0.15078761435738,1.36468921205103,2067.10855427714,0.0134274730105007
0.199447511538188,1.00288309926358,2056.60330165083,0.0123578872904434
0.18043810725694,1.01449885892793,2059.45472736368,0.00855050538188405
0.141804209001822,1.00577451078852,2067.40870435218,0.00335215845447363
0.119758819496773,1.01158236655188,2074.31215607804,0.00128900501338188
0.135251454159619,1.00577451078852,2069.2096048024,0.00151428786405653
0.181864672912476,1.00288309926358,2059.15457728864,0.00660036021230142
0.167226206951361,1.00288309926358,2061.70585292646,0.0130118792257024
0.190744709792691,1.00288309926358,2057.80390195098,0.0272016659621899
0.150247642055545,1.00577451078852,2065.30765382691,0.00314315067579796
0.184794835927934,1.00288309926358,2058.70435217609,0.0208962037503091
0.176430881286698,1.00288309926358,2060.05502751376,0.00609209974652361
0.181108506754997,1.00577451078852,2059.30465232616,0.00261874362132689
0.165013828804627,1.00577451078852,2062.15607803902,0.00590575443892542
0.193237952669283,1.01449885892793,2057.50375187594,0.0151910110296947
0.161318409781986,1.76324060258228,2066.35817908954,0.0176498636332932
0.162187975080473,1.01449885892793,2062.75637818909,0.0126493286685144
0.113273543731554,1.01158236655188,2076.86343171586,0.00274364965719048
0.111173567134899,1.01449885892793,2077.76388194097,0.00125323060263694
0.176472038817858,1.00288309926358,2060.05502751376,0.006894583733084
0.0947953739015981,1.02920793476607,2086.16808404202,0.00220709687352077
0.176278062481529,1.33361741419236,2061.70585292646,0.0234070869525156
0.199209322677458,2.22631645743836,2060.65532766383,0.0422267802496322
0.169282823061066,1.017423759841,2061.40570285143,0.0061909139218511
0.198692504732931,1.15815301335288,2057.35367683842,0.0350233927743095
0.199765370900307,4.43008034640065,2063.95697848924,0.0482786051697232
0.142428944475196,1.00867425853989,2067.25862931466,0.0052003475601252
0.187120993044648,1.01449885892793,2058.40420210105,0.020528546658419
0.157120076697719,2.16313573014221,2068.60930465233,0.0164098776919804
0.1158788875862,1.01449885892793,2075.81290645323,0.00303408015585154
0.187932051834809,6.38559396992509,2068.00900450225,0.0380162776536009
0.19633134190915,3.49853297367273,2063.35667833917,0.0432895076128074
0.158982240748866,1.00288309926358,2063.35667833917,0.00609841786473369
0.106694419384748,1.00867425853989,2079.71485742871,0.00123365820192736
0.187261164880996,1.017423759841,2058.40420210105,0.00528448658308421
0.160965536776567,1.0232988843187,2063.05652826413,0.015907275081659
0.171649073899681,1.01449885892793,2060.95547773887,0.00665999510131965
0.14952693928563,1.00288309926358,2065.45772886443,0.00122147950809481
0.167641958516754,1.01449885892793,2061.70585292646,0.00315864948997037
0.183193067343738,1.01158236655188,2059.00450225113,0.00457101011928741
0.185853704320459,1.00577451078852,2058.55427713857,0.0105999709872986
0.198617224819012,1.91677282105974,2059.90495247624,0.0408638239128691
0.140466350679126,13.0025492407616,2086.0180090045,0.0114478862965252
0.164871988483737,1.00288309926358,2062.15607803902,0.0140645018043268
0.126195443820074,1.01158236655188,2072.06103051526,0.00403528365051698
0.187201726793246,4.36676720472819,2066.20810405203,0.0357647716612947
0.188013144592153,1.01158236655188,2058.25412706353,0.0264724721518519
0.13099285118642,1.37256962462899,2072.81140570285,0.00817879641481055
0.115530212098886,1.01449885892793,2075.96298149075,0.00137474894500643
0.177944664914675,4.11058351166975,2067.70885442721,0.0287565237731865
0.176512118679042,1.00577451078852,2060.05502751376,0.0123286701347822
0.137803805968172,1.00288309926358,2068.45922961481,0.00469770910772528
0.186403832245998,2.21353437928443,2062.60630315158,0.032740250944372
0.160646544761909,1.01158236655188,2063.05652826413,0.00762950871234394
0.174798368152888,1.00577451078852,2060.35517758879,0.00946126145961622
0.165657792486042,1.00288309926358,2062.0060030015,0.00142246974516782
0.179534194596109,1.05015961695978,2059.75487743872,0.0236588579075811
0.125820374869945,1.01449885892793,2072.21110555278,0.00131842295427309
0.175677054268031,1.00577451078852,2060.20510255128,0.0119538188892477
0.171622740992628,1.01158236655188,2060.95547773887,0.00823531624766648
0.186611912393952,1.2517695448338,2059.6048024012,0.0284871770214355
0.190999861290691,1.15815301335288,2058.40420210105,0.0306897432811104
0.19017095991053,25.3571841881197,2074.91245622811,0.041501051516716
0.131073850492564,4.11058351166975,2081.2156078039,0.00870031312195135
0.183693295446085,1.99560700049668,2062.60630315158,0.0298910161341822
0.166894378400821,1.017423759841,2061.85592796398,0.0151423078911979
0.108426251050111,1.02920793476607,2079.11455727864,0.00258566010690156
0.182428344388543,1.61734325078285,2061.70585292646,0.0278021331399779
0.196241783795565,1.26626799854054,2058.10405202601,0.0348121176619043
0.16202733253315,1.00867425853989,2062.75637818909,0.0121863793911355
0.154791678335816,1.00288309926358,2064.25712856428,0.0131066502916182
0.147618749617057,1.00288309926358,2065.90795397699,0.00959282620958398
0.185316036788115,1.67902152597229,2061.40570285143,0.0298284958570093
0.18506721167725,1.01158236655188,2058.70435217609,0.00230909077877493
0.191099616883075,1.92229906736858,2061.10555277639,0.0349953086815143
0.159772844954775,1.00577451078852,2063.20660330165,0.00264765362157084
0.19709255482316,5.49775074742009,2065.45772886443,0.0468792095499255
0.163428455794219,1.295770630155,2063.95697848924,0.0177446102387227
0.192521484814961,1.8463608342542,2060.65532766383,0.0357943344863202
0.178530823008064,7.45964533309522,2070.86043021511,0.0306226859174426
0.195492802703446,1.017423759841,2057.2036018009,0.0149525745705223
0.154780850589789,71.6908725083659,2091.87093546773,0.0169526231605786
0.192909794586608,1.19198027101602,2058.40420210105,0.0315546971208215
0.19584192005154,1.40454896553258,2058.70435217609,0.0357174488063877
0.160672104880862,1.01158236655188,2063.05652826413,0.0101830236445936
0.19367015516359,2.39935784176774,2061.85592796398,0.0385308450481909
0.189511764796705,2.18189932872234,2062.0060030015,0.0348685639869351
0.183880742957948,1.00577451078852,2058.85442721361,0.0135980587907386
0.129354323375478,1.00867425853989,2071.01050525263,0.00588755385059635
0.183489737896089,1.88394737445416,2062.30615307654,0.0295431162037921
0.140107324734994,1.00577451078852,2067.85892946473,0.00545880630401456
0.19421667951711,1.01158236655188,2057.35367683842,0.0244470163834098
0.166091961643051,63.1611621799113,2086.91845922961,0.0226905074662295
0.177472087445468,1.00577451078852,2059.90495247624,0.0108908547359244
0.156910359713624,1.00577451078852,2063.80690345173,0.00239786644153087
0.196577307152066,2.39246014169509,2061.40570285143,0.0407421987108628
0.199839657458561,1.01449885892793,2056.60330165083,0.0129645222824239
0.17697602162167,1.017423759841,2060.05502751376,0.0175810028339842
0.189072546121512,1.26626799854054,2059.30465232616,0.0298795292449974
0.157896031585362,1.01449885892793,2063.65682841421,0.0106828170037801
0.18040949111289,2.51970871206025,2064.4072036018,0.029220077670908
0.163425731542176,1.7683242002651,2065.90795397699,0.0185482539169627
0.170567551161069,1.00577451078852,2061.10555277639,0.0158290655247971
0.0771641394242873,1.00288309926358,2098.62431215608,0.00170499540360854
0.187134124061851,1.46231609576324,2060.35517758879,0.0299967193760035
0.199272295765886,10.1216499350543,2068.15907953977,0.0512731633573733
0.192921262881649,1.00577451078852,2057.50375187594,0.0184149845486554
0.134503577457261,1.017423759841,2069.50975487744,0.00668034918902212
0.197233844065046,1.00577451078852,2056.90345172586,0.013828717410026
0.198020048586292,10.2980071327174,2068.45922961481,0.0500719822903861
0.163000739599678,1.01449885892793,2062.60630315158,0.0100329174406299
0.185218064130768,1.01449885892793,2058.70435217609,0.0246081993348954
0.196380062615799,1.01158236655188,2057.05352676338,0.0152428425455495
0.192047793634063,1.00867425853989,2057.65382691346,0.0141313994875683
0.179509544761499,1.01449885892793,2059.6048024012,0.0215874812676707
0.164352006546068,1.01158236655188,2062.30615307654,0.0140205825499698
0.17562620898522,1.00577451078852,2060.20510255128,0.00978727443396497
0.193457828406755,1.53566531100084,2059.6048024012,0.0345673923702807
0.199392881558784,1.00288309926358,2056.60330165083,0.0257479975404132
0.136804892619225,1.00577451078852,2068.75937968984,0.00838975583209531
0.17757432404941,1.00867425853989,2059.90495247624,0.0198851430606163
0.163368441673513,30.7519010092932,2083.46673336668,0.0210297435010725
