0.170985240162945,52.9884291843805,2061.10555277639,1.02116982519105
0.186819969615459,53.6021605942022,2058.55427713857,1.39499117913736
0.187040995997528,11.756216271046,2050.15007503752,0.537295350364566
0.195279805014548,46.9534941686678,2056.60330165083,1.54415980854717
0.193155238886383,180.120809860267,2063.95697848924,2.05705547676534
0.165254650047983,15.2772790540943,2054.50225112556,0.541674337752583
0.166756653440849,51.4846683497677,2061.70585292646,0.930436817430502
0.177769733605505,36.0279175169288,2057.65382691346,1.03346280668467
0.168760808781813,47.7716005747586,2060.95547773887,0.942362298930997
0.164826038480037,479.369245086988,2075.66283141571,1.11661300669249
0.142660460411368,11.7901106095195,2056.45322661331,0.335467302943542
0.182172912081854,46.8185117519142,2058.55427713857,1.21787876410835
0.198033829766021,23.0590127888488,2052.55127563782,1.05990520688485
0.162916351444387,18.8503244528549,2056.15307653827,0.594490503000513
0.131002491081413,8.32204495553973,2056.00300150075,0.227123255544244
0.165725816473772,11.9266679922861,2052.85142571286,0.45706452689606
0.159367815002152,7.56780167843215,2050.75037518759,0.289972463639965
0.198878898660528,46.9534941686678,2056.15307653827,1.63207202139588
0.136342099874524,7.22711126890421,2053.90195097549,0.221281159826873
0.170641244770319,19.9101608535235,2055.25262631316,0.689785318397069
0.0743132059091026,24.0073976636039,2090.67033516758,0.0781261121665429
0.175877672320984,14.5475781084805,2052.70135067534,0.594135880930095
0.0688797686736098,2.45526020256225,2059.30465232616,0.0341772433074699
0.131684388650147,15.5434666953568,2060.80540270135,0.315104363450302
0.191931361628303,64.4469398661078,2058.70435217609,1.64185961277908
0.189929219713018,18.2102152272867,2052.25112556278,0.815304340508134
0.180171133196996,736.150720840747,2074.16208104052,1.6625840669399
0.144996809893551,124.601675131387,2072.66133066533,0.626819617729861
0.187044718283957,13.9728926204603,2051.20060030015,0.633855618037447
0.104935105754201,6.57210398204128,2060.05502751376,0.126983912168991
0.160158111536276,18.6344929252859,2056.60330165083,0.563765954930199
0.198911266895551,29.3674992776149,2053.75187593797,1.26379046070036
0.129646863340254,38.6052759973495,2068.60930465233,0.375020124232717
0.19873165672822,48.6039614703936,2056.30315157579,1.6605455777341
0.182542658165092,15.9056121278034,2052.4012006003,0.680159066354325
0.177226850727659,25.1391209535034,2055.70285142571,0.863538429611714
0.180674441765133,11.5882005855279,2050.75037518759,0.509604392409134
0.112375229212906,4.24284253669373,2053.75187593797,0.107040721784366
0.156131457101771,7.92455244054436,2051.50075037519,0.294984100663853
0.181276667317931,42.2091252249533,2058.10405202601,1.15738080040514
0.195156806886031,49.166910368017,2056.90345172586,1.56293864836473
0.199303471066888,55.6463084955692,2056.90345172586,1.77739273112694
0.194703823796863,38.3836293157633,2055.70285142571,1.38284561637271
0.192375680775451,51.9312596738742,2057.50375187594,1.53767885818512
0.152228086500768,50.0235828063934,2064.55727863932,0.671588089395229
0.178028693330152,25.8733827583896,2055.85292646323,0.878456032983468
0.197661003554244,23.8009421380058,2052.85142571286,1.07682266641608
0.198058372533004,299.825949230359,2065.60780390195,2.46661427582629
0.180463522433881,68.6608502751685,2060.95547773887,1.31807384068222
0.177901678712371,14.3396692667093,2052.4012006003,0.597856139223361
0.133772836623822,38.4942931291769,2067.25862931466,0.420667633594528
0.17010282798641,20.4327857832706,2055.55277638819,0.691438866181693
0.178687184713255,16.5121814020749,2053.15157578789,0.671707956094454
0.189103830660509,12.0648070327153,2050.15007503752,0.558055713313241
0.123763304593732,7.37423424898408,2056.45322661331,0.188575442127865
0.138075883446097,12.0301229939707,2057.50375187594,0.314495040239612
0.140355577467855,12.7065019223768,2057.50375187594,0.334931569715643
0.194634751524855,96.1602865751648,2060.35517758879,1.93691870055734
0.161444523491866,26.0227888862634,2058.40420210105,0.676580518590526
0.171302967996368,41.7258412370602,2059.6048024012,0.963665774186734
0.157875704016714,20.9088468955437,2057.65382691346,0.577327745745534
0.183914360936648,64.8190894156514,2060.05502751376,1.39632141453122
0.164975624958442,13.0400368809022,2053.60180090045,0.48283763957311
0.140663930529807,27.3280820090234,2063.05652826413,0.451128177433324
0.190605867350534,17.5412692675873,2051.95097548774,0.795708909664529
0.183864224310898,44.7108167276501,2057.95397698849,1.24680517947137
0.187519938153963,55.4863358814509,2058.55427713857,1.4434794267378
0.199067497219199,18.4742425689144,2051.35067533767,0.890341739898785
0.187765161809422,29.1988899724563,2055.10255127564,1.08927447934446
0.162525023673799,47.0888657531278,2062.0060030015,0.828751007892563
0.0976361731777771,3.59036651349369,2055.40270135068,0.0759507839334593
0.188808775362282,13.9728926204603,2050.90045022511,0.642735702773214
0.108406275672342,3.46844676966084,2052.55127563782,0.0854350437589504
0.1950092504967,256.656541690841,2065.45772886443,2.2297529888512
0.131802312594962,5.13071090257931,2051.95097548774,0.157905023301661
0.163815480885695,49.879774465365,2062.15607803902,0.859086646814656
0.192974977136231,29.2830732706331,2054.50225112556,1.16581647087361
0.126007582634896,690.971070825399,2092.62131065533,0.401084693644831
0.175679376903117,152.860780949318,2066.35817908954,1.35667326355043
0.161658003855369,24.7798415269477,2058.10405202601,0.663225193707962
0.1971538921689,39.8474101492761,2055.55277638819,1.46460095446872
0.128651778065582,20.9691291766305,2063.95697848924,0.325419344096331
0.170172558553098,26.7828608064846,2057.2036018009,0.792532789014235
0.174748110293659,83.0290000254614,2063.05652826413,1.21584158204125
0.126355810728767,4.18220533158347,2051.05052526263,0.123603755893763
0.149166844966725,16.2294041616006,2057.50375187594,0.44185465310335
0.198757435902302,108.519773144765,2060.35517758879,2.16219952938778
0.154706631319954,15.7688292262238,2056.45322661331,0.472215131865372
0.12221928884863,60.4916490468777,2074.61230615308,0.330123288145787
0.16329917479322,177.546586943045,2069.95997999,1.03138865414794
0.191511436070923,56.7791056024212,2058.10405202601,1.56118216483444
0.186869080726833,20.0828667363378,2053.15157578789,0.849955998268431
0.16265493546486,37.7262954049369,2060.50525262631,0.790922031537558
0.100471748897773,9.04667778353943,2064.85742871436,0.132230962172594
0.138240496089111,9.72180569368846,2055.85292646323,0.278887876987434
0.19824433451136,31.8328643748612,2054.20210105053,1.32250079668756
0.199601887674411,86.6930926644114,2059.15457728864,2.06030291107039
0.146908795805,12.7065019223768,2056.30315157579,0.371355376079559
0.194786924007013,35.7180895734179,2055.25262631316,1.34306179949049
0.133535230538735,146.822190068835,2077.46373186593,0.475395567105013
0.177207347096014,65.5698478688224,2061.25562781391,1.22047785307687
0.175045985032432,120.024475679838,2065.00750375188,1.31674622017008
0.170510938550306,18.3681753422353,2054.8024012006,0.655979882016968
0.177210683045854,10.9083594392703,2050.90045022511,0.46850054687619
0.151492796511259,49.0255647982507,2064.55727863932,0.660763657271575
0.147844319761605,14.7585013912184,2057.2036018009,0.408719874938384
0.199103840715352,25.4302914671788,2053.00150075038,1.14805404589923
0.165392943732105,18.053613516069,2055.55277638819,0.600612907136489
0.150720214258724,17.0434648578319,2057.65382691346,0.461908803575665
0.185528334752814,34.208460777616,2056.30315157579,1.13871050994479
0.175633380781869,11.2593385593765,2051.20060030015,0.477240782671417
0.182325307189867,24.2156440378081,2054.8024012006,0.906902129481758
0.18126214758716,12.1344753910871,2051.05052526263,0.532633463697771
0.107770281823673,3.07341994620988,2051.35067533767,0.0754136102353071
0.156122162538687,16.0435815196353,2056.30315157579,0.488332950029085
0.185855576387305,59.9714412603752,2059.30465232616,1.4202215069808
0.171799998713029,10.2684023095805,2051.20060030015,0.42577314212494
0.150831792231991,59.9714412603752,2066.05802901451,0.674235662962006
0.185986888266184,39.7328563803063,2057.05352676338,1.22670010053385
0.181762980779246,51.1890764754063,2059.00450225113,1.26201984218202
0.180723100547527,11.756216271046,2050.90045022511,0.51540713506797
0.186999977656233,12.0648070327153,2050.30015007504,0.551715984425585
0.148345374851412,12.9651693704974,2056.15307653827,0.385179864924568
0.185238967360069,282.236159038333,2067.70885442721,1.82484373813371
0.107262760566183,7.2688443008963,2060.50525262631,0.139147903706677
0.158696809877331,71.27926959708,2065.45772886443,0.822177780387243
0.0596816876538834,1.58051892322707,2053.75187593797,0.0194802823201664
0.185818208472912,49.3086634510913,2058.25412706353,1.3302719858716
0.197294372058297,114.621164452844,2060.95547773887,2.08908559896757
0.190249905336747,279.809023229049,2066.8084042021,2.00378420171232
0.135635303790448,15.1458996051004,2059.75487743872,0.335705187952632
0.196278883296416,165.693253695049,2062.90645322661,2.21320759003823
0.0887232849650454,28.1262788456248,2082.71635817909,0.121929562808095
0.132998476000257,19.852922906113,2062.45622811406,0.350496600458807
0.182365848709015,62.0795038144005,2060.05502751376,1.3395251764339
0.179096481555843,26.9375187251589,2055.85292646323,0.918100771978753
0.198376687479842,17.5918424880948,2051.20060030015,0.84760579593912
0.171273634891169,9.6938573407282,2050.90045022511,0.401334725425451
0.196408377266543,203.271746797557,2063.95697848924,2.26992001994744
0.191223835443965,26.9375187251589,2054.20210105053,1.08919770092555
0.182235414135296,14.9724828208773,2052.10105052526,0.64710259386032
0.10771861039293,3.06458444505318,2051.35067533767,0.0751723797962668
0.189194542921811,29.6222405590191,2054.95247623812,1.12387399508439
0.187930174879672,261.128463634885,2066.8084042021,1.91633189082442
0.140544630440588,72.7303083552848,2070.11005502751,0.53786139430363
0.188997446842809,53.2944114403722,2058.10405202601,1.46511394118973
0.192194176644118,182.20703510369,2064.10705352676,2.04303772662528
0.180006569273015,196.369153648676,2066.8084042021,1.55859428998968
0.190091547257861,18.7961333346796,2052.4012006003,0.836018543899956
0.172217216733239,12.345903576098,2052.25112556278,0.501160275247283
0.194770328567097,13.3823268507784,2050.15007503752,0.638108544321612
0.147087213295417,12.2045460501459,2056.00300150075,0.363453399033523
0.180958218328283,71.6908725083659,2061.10555277639,1.34612372918562
0.155081306075058,7.10334430368878,2050.90045022511,0.264224409447368
0.157799889282033,90.7798576447935,2067.10855427714,0.842935654772946
0.192255953108616,45.7525288743821,2056.90345172586,1.45050198675556
0.129590073298377,23.9383809351586,2064.85742871436,0.341111099719484
0.13788628780453,9.72180569368846,2056.00300150075,0.276339565585231
0.146572311934957,208.60745870723,2075.66283141571,0.678094166408519
0.196702809421336,33.5259694810802,2054.65232616308,1.3369605351728
0.159697834392292,20.0251322921732,2057.05352676338,0.583955475097032
0.103219029226051,9.418754960271,2064.25712856428,0.143619685182474
0.175613709874741,178.571831624811,2067.25862931466,1.37528913350018
0.17246316801638,8.99473757437633,2050.30015007504,0.37592259121782
0.199865666556267,26.7828608064846,2053.15157578789,1.2037842413448
0.191497177703547,17.6425615162172,2051.95097548774,0.804074133121351
0.179193019190457,228.081217397262,2067.85892946473,1.53564610874223
0.191182724471663,96.7155651874199,2060.95547773887,1.80057748505866
0.178255842007004,11.0665182039154,2050.90045022511,0.47849812964291
0.192801085772838,109.776688935454,2061.40570285143,1.89958508135324
0.180601459667244,30.8405617924466,2056.45322661331,1.00189065519493
0.131693695842536,11.1625120439526,2058.25412706353,0.270588359148412
0.197217470986412,44.5822815844455,2056.00300150075,1.56882244606382
0.184969550558827,261.88132291609,2067.40870435218,1.78781001882818
0.180159791688702,17.1913042784243,2053.15157578789,0.703483381565898
0.194257598740465,28.9477893633602,2054.20210105053,1.18324978339567
0.160837420907515,24.3554775355552,2058.10405202601,0.650704542490982
0.148450272012468,22.9927224875773,2060.05502751376,0.505336653698938
0.159802941470967,28.9477893633602,2059.45472736368,0.678566891462332
0.180375152176845,17.7955976561148,2053.30165082541,0.725222493975532
0.161631021788386,12.0648070327153,2053.60180090045,0.438646038968697
0.151776107733348,42.4528622739386,2063.50675337669,0.647449651176867
0.184104075756147,14.8010516157109,2051.80090045023,0.651876991332618
0.192669190667728,64.4469398661078,2058.55427713857,1.6728008838737
0.194054307856759,121.065599013,2061.70585292646,1.98650407442062
0.134019923943435,9.63820144251651,2056.60330165083,0.259923006217892
0.197262494167267,53.4480645187486,2057.05352676338,1.67367156068733
0.141281725122144,6.47817779606607,2052.25112556278,0.214192858684165
0.129991061630043,7.92455244054436,2055.85292646323,0.216534611618142
0.174502412533306,510.71315460158,2073.56178089045,1.41250810233236
0.179514314323436,52.3817248465878,2059.6048024012,1.20198360311551
0.194965611635701,44.4541159554714,2056.30315157579,1.50946809130719
0.185457695588665,30.8405617924466,2055.70285142571,1.08415611978633
0.163477667000287,98.1178305232072,2066.35817908954,0.965590680497497
0.179422336892671,22.2119479273284,2054.65232616308,0.83161357705399
0.108120963190248,3.91424641100743,2053.90195097549,0.0946430603898757
0.168731037857851,40.0775094490775,2059.90495247624,0.895263098943238
0.188190339057562,28.3702534600969,2054.95247623812,1.0721309662811
0.133686853123898,25.2842870786632,2064.10705352676,0.382761148150329
0.178526876007865,49.0255647982507,2059.30465232616,1.16775453508613
0.195495548230342,23.5284272689873,2053.00150075038,1.04461095296451
0.178494914161063,140.212488310278,2065.30765382691,1.43296678058518
0.188045137452932,48.7440915159157,2057.80390195098,1.38889148173441
0.183695967123453,45.8844379566866,2058.10405202601,1.25956229345815
0.188445215821336,34.0120577830084,2055.85292646323,1.19053383575159
0.199663922661521,407.992954221769,2066.95847923962,2.57784669734131
0.16645828047267,42.4528622739386,2060.65532766383,0.870736497192059
0.194011689722539,29.2830732706331,2054.35217608804,1.1847695131388
0.0690201482195524,10.783461436218,2083.46673336668,0.0596767057226536
0.162955289557956,25.7990016756576,2058.10405202601,0.691500387567917
0.197746572724588,70.0585856263266,2058.25412706353,1.88733226899246
0.189817263383361,48.8846255702689,2057.65382691346,1.4169778444585
0.165352990486457,19.4568382303861,2056.00300150075,0.626458718333117
0.187707584028309,18.6882180181159,2052.70135067534,0.811579728723717
0.181055163056724,13.1531495321769,2051.50075037519,0.573188141359753
0.163877583159342,21.5815941337228,2056.90345172586,0.644256157461793
0.10176550692319,16.1362253542068,2070.41020510255,0.159780652483251
0.171194943353852,77.4858328855303,2063.35667833917,1.10690962876495
0.19659623412933,87.6972038411665,2059.6048024012,1.96371582093888
0.178111548478393,22.9927224875773,2055.10255127564,0.829957156931605
0.165806224636019,15.4097981223956,2054.50225112556,0.5489035165046
0.169246403754983,12.3814980416064,2052.70135067534,0.487545277071435
0.19495746076232,29.2830732706331,2054.20210105053,1.20074787968551
0.173680981173505,29.1149486853426,2057.05352676338,0.879201506450284
0.189077895447143,43.5672141029724,2057.05352676338,1.35030955026689
0.179139170739427,33.9142795486171,2057.2036018009,1.02042875202035
0.183078565019972,11.9955386652786,2050.75037518759,0.534743634734219
0.193994917335137,65.0059692846113,2058.40420210105,1.71933006550554
0.130377441206593,68.2666438040264,2072.81140570285,0.409858436273568
0.189205555316754,28.6988481348414,2054.8024012006,1.10169541089652
0.194061719449675,24.2156440378081,2053.30165082541,1.05191662306261
0.179719992550222,101.859608002461,2063.20660330165,1.42311936583816
0.161863324660422,19.0686558202897,2056.45322661331,0.586825349315269
0.186609044982002,105.744080225672,2062.15607803902,1.67098299215287
0.189220207919924,183.787546033967,2064.70735367684,1.90522704969976
0.135091241146835,66.3293018815899,2071.01050525263,0.466180322115551
0.151648592594018,40.308937459768,2063.20660330165,0.636571596035037
0.199660677184093,19.852922906113,2051.65082541271,0.953355484278137
0.167144457572072,47.2246276273033,2061.10555277639,0.917829449327295
0.166742068814012,18.3153703115779,2055.40270135068,0.619115037317411
0.198207002701054,73.5726974460868,2058.55427713857,1.90163722559788
0.184286655695268,65.9484816627422,2060.05502751376,1.41907311445699
0.12477361315242,4.41734470314007,2051.80090045023,0.128064602444806
0.0744417409811659,7.72186012504483,2074.7623811906,0.0655756739838619
0.116540528085901,3.89177332396176,2052.10105052526,0.104293970252602
0.137411702394723,66.7123211508998,2070.41020510255,0.491476429990448
0.0806378641679831,6.49685502569923,2069.05952976488,0.0732669245661164
0.160542507692542,559.998736027444,2077.91395697849,0.994482258409594
0.139591785211425,9.5553161597167,2055.55277638819,0.280121942076907
0.1760058027177,82.5523008734509,2062.75637818909,1.25406292718389
0.155422972025366,7.97031285410644,2051.65082541271,0.294378540531173
0.166293699611508,443.518487885808,2074.7623811906,1.16187965345277
0.184527032564576,36.6556592993152,2056.75337668834,1.16495420960626
0.159699251827177,11.4225861207707,2053.45172586293,0.413720252702701
0.177461104495931,671.361974081991,2074.31215607804,1.55099494600949
0.187694928615664,30.0517292460135,2055.25262631316,1.106218071271
0.145404810606427,6.27623830106248,2051.35067533767,0.216808198241809
0.177062848344859,9.61049343596866,2050.15007503752,0.413464056000967
0.10860759876989,4.46850800867783,2055.10255127564,0.105877053280579
0.186902474289307,135.061831034464,2063.50675337669,1.73049485792186
0.157040118830759,38.4942931291769,2061.85592796398,0.69890001248677
0.194236204269592,16.464712003024,2051.20060030015,0.77743591044408
0.17513105255345,25.7248344244728,2056.15307653827,0.845209066683897
0.183723536312663,13.1910713679069,2051.20060030015,0.587059214654703
0.168956269506533,10.7524610237587,2051.80090045023,0.433617545218496
0.159407809480096,126.772704794663,2068.90945472736,0.89951443262462
0.147267762494395,107.586539684132,2071.01050525263,0.655710247191826
0.160212305061056,28.6163443734521,2059.30465232616,0.681651134605649
0.180395542823239,21.7687984609418,2054.50225112556,0.826395598623513
0.181582289657562,66.5205358429982,2060.50525262631,1.35451640595855
0.19415315498786,57.6023378446047,2057.80390195098,1.64386668488247
0.183083680821379,48.4642342722534,2058.55427713857,1.26168612028196
0.160688886285704,23.5284272689873,2057.95397698849,0.637117282990436
0.193091838752886,66.3293018815899,2058.70435217609,1.68860089407874
0.185089566987291,437.179878501288,2070.11005502751,1.86454081176425
0.182877821796676,67.2910010723591,2060.35517758879,1.39492568159234
0.189042032007235,16.8483214233231,2051.95097548774,0.758612607916768
0.187750730696177,22.0209326641103,2053.60180090045,0.912159834274697
0.16333852317296,9.39167782086193,2051.65082541271,0.366381693242783
0.184947053150316,13.5763553199153,2051.20060030015,0.60903965997407
0.188101643213778,33.9142795486171,2055.85292646323,1.18551963729084
0.187621158543609,87.4450909638054,2060.95547773887,1.64569894786351
0.189796692740083,19.0686558202897,2052.55127563782,0.843065747105794
0.167052697863679,29.5370822190252,2058.25412706353,0.786595385024661
0.174008635629971,52.5327465589178,2060.50525262631,1.08444449291266
0.199888088438776,22.0209326641103,2052.10105052526,1.04113641358284
0.069435789219313,2.08367368705817,2056.00300150075,0.030405310509021
0.197774499373263,29.2830732706331,2053.90195097549,1.24096242012207
0.168584493372018,20.1407676346358,2055.70285142571,0.671658416480364
0.185211107737646,31.9246416826979,2056.00300150075,1.09329173945759
0.193565570155011,17.2408685151293,2051.50075037519,0.804947883687704
0.19556781176325,27.9647958304035,2053.90195097549,1.17653209099543
0.172630203490981,25.5036095217804,2056.45322661331,0.810976732289083
0.173693180964251,73.9975437812294,2062.60630315158,1.15992503964003
0.141981200140439,17.1418825295271,2059.30465232616,0.398522484590278
0.125933423808613,5.10125365829453,2052.85142571286,0.147736008246436
0.142110715034519,64.6327467909754,2068.75937968984,0.55607488925888
0.130474538524068,7.50272113554967,2055.25262631316,0.210705314211638
0.190648255653245,16.0435815196353,2051.50075037519,0.737441308485274
0.160926021758429,136.626166668673,2068.90945472736,0.953339807189757
0.117812156185337,17.5918424880948,2065.60780390195,0.241798621283866
0.168698756604545,13.7731969804542,2053.30165082541,0.527843532379131
0.186923746785318,44.1988889941343,2057.50375187594,1.30152071217231
0.119496210536192,6.96162583541039,2056.90345172586,0.169647151066033
0.194751203093223,83.749215037991,2059.6048024012,1.88028612820915
0.178356399893026,137.02007346918,2065.15757878939,1.43511763618818
0.191957497247281,198.643573165717,2064.55727863932,2.06790103800289
0.189751506670297,21.2120013170279,2053.15157578789,0.911326758729913
0.199799892717334,54.5361117673544,2056.75337668834,1.7737423981435
0.11238424944683,4.27964604980107,2053.90195097549,0.107707180999725
0.148189971853145,12.8536732852339,2056.15307653827,0.381613994334202
0.0231280334663661,1.3686237465133,2081.81590795398,0.00562568106288664
0.189302199276638,22.9927224875773,2053.60180090045,0.9590991460943
0.19886579157107,28.5340777947752,2053.60180090045,1.24006337791617
0.174649845472301,163.325224308429,2066.95847923962,1.33189079234203
0.192780109634779,136.626166668673,2062.45622811406,2.00244087091409
0.0861449278318549,4.29198469417562,2061.10555277639,0.069650110384351
0.190760410004435,29.2830732706331,2054.65232616308,1.14399931980318
0.1913125290905,115.948748794139,2061.85592796398,1.88122270647548
0.194635062093457,23.8695626167564,2053.15157578789,1.04814888384614
0.17536192613018,74.2108860452115,2062.30615307654,1.20418305354929
0.112318401348385,18.3681753422353,2067.70885442721,0.215376855190417
0.173432152342592,74.6394176073048,2062.60630315158,1.17140359116165
0.126836992592375,4.31676880609627,2051.20060030015,0.1278134583122
0.195755518750555,122.820912054115,2061.55577788894,2.0496299150914
0.198408488306781,391.875657702905,2066.95847923962,2.51057708012271
0.158475987205298,11.756216271046,2053.75187593797,0.417812108223736
0.154334791012694,15.9056121278034,2056.45322661331,0.475665877518439
0.173189451192549,25.2115995346114,2056.30315157579,0.812925790960637
0.177668009765893,147.245493016899,2065.75787893947,1.41196418413665
0.187948802584913,85.7004783109429,2060.80540270135,1.64686847189917
0.177634618802127,47.4973267490208,2059.30465232616,1.13201156366675
0.196572367401697,93.7007216607734,2059.90495247624,2.0068973709306
0.149553550153977,11.0029813692926,2054.8024012006,0.354349794038831
0.101980248599409,14.4640552653053,2069.2096048024,0.156930090523354
0.163465220718507,23.4607874898523,2057.50375187594,0.664968343014684
0.172439381735524,34.208460777616,2058.25412706353,0.916395632563002
0.174200203588423,646.699724105668,2074.91245622811,1.43081462001432
0.105834430454475,209.8120647281,2093.37168584292,0.220615679480984
0.157794299419811,22.4046201063247,2058.10405202601,0.594997208634805
0.172394506829359,10.690727303607,2051.35067533767,0.444172334134881
0.198913981884068,373.158186026415,2066.65832916458,2.51278635012233
0.189952285329107,12.5249050903856,2050.30015007504,0.581456219031197
0.146401344074822,19.4009034997931,2059.30465232616,0.454678869364648
0.0992709300012774,4.25507507288674,2056.90345172586,0.0884281792438046
0.199873081171565,72.7303083552848,2058.25412706353,1.96041663607198
0.195244899860549,252.261203071324,2065.30765382691,2.24524801691416
0.14862717561786,139.809403920793,2072.3611805903,0.69620169775977
0.172680538509705,45.0986499114755,2059.90495247624,1.00377464032889
0.111681667435006,4.09876636139165,2053.60180090045,0.103131864569978
0.0883391781457902,3.32185250376586,2057.05352676338,0.0615168174204308
0.198557438084597,76.5986393670066,2058.70435217609,1.94002550519382
0.193658590319046,357.386616221239,2067.40870435218,2.22046981785584
0.195305713361152,24.0766133741283,2053.15157578789,1.06019345734994
0.152876665317745,23.1254942116391,2059.30465232616,0.547202305088219
0.180223203546394,276.605279491791,2068.75937968984,1.58463675177767
0.065155920955248,5.59354223610883,2075.81290645323,0.0459898232250397
0.187727792439522,121.065599013,2062.75637818909,1.73671860895067
0.198922656178533,28.1262788456248,2053.45172586293,1.23519313098276
0.171282213061324,26.4762037102107,2056.90345172586,0.805583858125093
0.186164448604376,97.274050262012,2061.85592796398,1.6126288127773
0.156104218502872,9.47314366240347,2052.70135067534,0.34390674725976
0.149223732133131,8.84069935203988,2053.30165082541,0.301417562642018
0.191064257754989,211.023626759433,2065.15757878939,1.99764638265444
0.160722543553695,21.0902156392867,2057.2036018009,0.608852597530732
0.191324455051043,253.717888109984,2066.05802901451,2.05156327941347
0.197381065668627,43.3170791620244,2055.85292646323,1.54873049554098
0.171135644577429,13.6547521301788,2053.00150075038,0.537605226534569
0.154933629835851,8.99473757437633,2052.55127563782,0.325974691493569
0.199386359722326,29.0312487135558,2053.60180090045,1.26406558213373
0.133565489724124,7.99329205722658,2055.25262631316,0.228816208009733
0.0522245630236725,2.32456441587663,2067.25862931466,0.0221930376572101
0.17203433920895,25.2115995346114,2056.45322661331,0.800351697059437
0.196243127636008,177.036174079929,2063.20660330165,2.24918385216774
0.167881012969917,16.3231210310229,2054.50225112556,0.585708554112351
0.169289089975466,18.9046718094031,2055.25262631316,0.6516651911308
0.194657217545402,34.9048456133114,2055.10255127564,1.32909312784933
0.160501875692791,7.94739971184986,2050.90045022511,0.30726613360358
0.182279070543784,41.8461409792029,2057.80390195098,1.18585598673789
0.145670942643013,20.0251322921732,2059.75487743872,0.45094042170809
0.19805072836309,40.4251521276738,2055.40270135068,1.5146024560617
0.192769453771978,411.531990589143,2068.30915457729,2.19385622172606
0.191000087745643,66.7123211508998,2059.00450225113,1.63379889425699
0.166554758028241,27.4068715821386,2057.95397698849,0.750543296220168
0.122157160600917,31.2877147471334,2069.2096048024,0.302073890996301
0.194411664364114,100.693340819753,2060.65532766383,1.9400819065442
0.0700881272863714,5.13071090257931,2071.16058029014,0.0514870660892195
0.186391378342942,409.16923840763,2069.50975487744,1.90627985065329
0.196116708623144,24.4961185033437,2053.15157578789,1.08233806876652
0.135041413717464,21.273157622404,2062.45622811406,0.374949325315351
0.174976279540911,34.7044444245723,2057.95397698849,0.961176209265506
0.194747428862672,35.1064040208769,2055.10255127564,1.33846802259936
0.12190884338034,16.8968968064112,2064.10705352676,0.261318367854464
0.19566541364016,26.4000896312366,2053.60180090045,1.13182621975857
0.14110141091932,10.2684023095805,2055.70285142571,0.301377197306307
0.175395997108286,23.8695626167564,2055.70285142571,0.813825162855675
0.165253959651017,10.9083594392703,2052.4012006003,0.423503430787766
0.196343303992426,39.0524164547872,2055.55277638819,1.43614310868736
0.114857184056717,4.31676880609627,2053.45172586293,0.1120451591085
0.186474197634632,73.3611898536447,2060.20510255128,1.53908168596802
0.169323690797394,48.1859837890086,2060.80540270135,0.966894442767038
0.194369297360685,527.14547466095,2069.2096048024,2.33513407276762
0.199785397600196,189.700955062392,2063.05652826413,2.41799480574825
0.128664717566463,4.87160332233193,2051.95097548774,0.145898167188312
0.154989625305324,8.29812065000463,2051.95097548774,0.304211025621953
0.168372544693427,17.5412692675873,2054.95247623812,0.61416248697313
0.192996646060596,16.464712003024,2051.35067533767,0.768777924787831
0.174166015081881,50.3124445249891,2060.20510255128,1.07839194334917
0.174453693432578,41.8461409792029,2059.15457728864,1.01621112142967
0.184318193034374,49.879774465365,2058.55427713857,1.29859897168131
0.192463000635382,75.0704237295268,2059.45472736368,1.72796005665285
0.16065425568067,137.02007346918,2069.05952976488,0.938226294160155
0.184103536395053,212.85410025597,2066.50825412706,1.70597487783084
0.128041011838592,9.02067029565308,2057.35367683842,0.226503765559357
0.128968961353125,7.3318961356485,2055.40270135068,0.202400519001321
0.141152217278191,155.972582164745,2075.36268134067,0.579887088396258
0.194009338344472,15.7688292262238,2051.05052526263,0.744973593831187
0.186293360803981,170.532811440152,2064.85742871436,1.76354876026032
0.19634216885617,42.087781971745,2055.85292646323,1.50013399143943
0.168001211842392,9.80613514975012,2051.35067533767,0.395456905975592
0.162083889422963,17.4405585739443,2055.85292646323,0.560888037025396
0.164282080194725,34.1101179217553,2059.6048024012,0.788866548077954
0.175375047741113,55.6463084955692,2060.65532766383,1.12526602149871
0.187989189441279,31.4683859934887,2055.40270135068,1.14465914697426
0.195819764663327,118.309128318462,2061.25562781391,2.06934778017796
0.194132002521009,265.67830327291,2065.75787893947,2.20571787557051
0.163638164311719,45.2286737958236,2061.55577788894,0.838219418860611
0.194623510666111,39.8474101492761,2055.85292646323,1.41476004345432
0.13857435721584,4.85759838400825,2050.45022511256,0.159225680858068
0.183816467730302,20.1988354669711,2053.60180090045,0.823699230874161
0.150666726524194,75.5039187012513,2067.70885442721,0.687643827776073
0.139545136477722,23.1254942116391,2062.0060030015,0.423323533511484
0.191501787417603,170.042561855291,2063.95697848924,1.96515000613777
0.193677959803976,20.6694457978884,2052.55127563782,0.92961280344676
0.112872393620561,11.6551167748285,2063.35667833917,0.190991459384106
0.190657627137802,23.5284272689873,2053.60180090045,0.98717289718045
0.191908800802663,545.675221692241,2069.95997999,2.17566784327656
0.141156550368031,13.4209094274668,2057.65382691346,0.351276441691891
0.100543366050457,27.485888313414,2076.26313156578,0.170135604946397
0.199112788903343,20.8487379146156,2051.95097548774,0.988111355042865
0.18683136117785,28.0454211126682,2054.95247623812,1.05630994114126
0.187106737790512,20.7290378618468,2053.30165082541,0.872894312930951
0.186879157794145,49.7363795461226,2058.10405202601,1.36666028801711
0.102140621378121,3.13598584352336,2052.70135067534,0.072100970399791
0.16330197937527,24.6375716039181,2057.80390195098,0.679656917344799
0.151726248420079,7.28980110054726,2051.50075037519,0.262956769123549
0.191622158203006,29.2830732706331,2054.65232616308,1.14626131875251
0.180141613957013,79.5197706455576,2061.85592796398,1.34923835345026
0.0831837932033899,5.57746185992785,2065.75787893947,0.074008253227532
0.18576397515543,94.7859977652238,2061.70585292646,1.6096698689014
0.171486573273928,11.0665182039154,2051.65082541271,0.453789892319307
0.157429590005305,37.8350640594363,2061.55577788894,0.710124427706676
0.18093306543208,12.9278969602916,2051.35067533767,0.564643846552684
0.187483876478699,35.3091263296414,2056.15307653827,1.19927438418382
0.122655773017324,7.08292353206951,2056.45322661331,0.179509285093802
0.149929115287208,18.0017127911777,2058.10405202601,0.469680882305449
0.180528568862205,32.1089908705141,2056.60330165083,1.02757861536028
0.113398359388364,57.4367420159962,2077.61380690345,0.259926251984624
0.0542865438849035,2.44820179377353,2067.10855427714,0.0241463572618707
0.138390563438574,108.519773144765,2073.56178089045,0.533029467860731
0.177447304417083,11.6551167748285,2051.20060030015,0.49960946501886
0.18613757361312,81.842378919186,2060.95547773887,1.54710113269338
0.137684479998567,14.4640552653053,2059.00450225113,0.340603146798653
0.150519600219578,107.277248727328,2070.11005502751,0.709513651356212
0.171147924733844,28.3702534600969,2057.35367683842,0.82855422553792
0.183190053555875,22.6641186288517,2054.35217608804,0.878327527102359
0.177569101833116,30.1383713644719,2056.75337668834,0.944913429499897
0.187055106349402,12.2045460501459,2050.45022511256,0.557285866504321
0.0826519144251437,3.37001557459736,2059.15457728864,0.0558713266187789
0.165281422080704,183.259191593639,2069.65982991496,1.08744432038755
0.0738317786166859,3.46844676966084,2063.05652826413,0.0474040853843174
0.174288284825307,9.5553161597167,2050.45022511256,0.404298779803988
0.106962682518418,6.49685502569923,2059.45472736368,0.130495199365691
0.185635981242255,227.425527027769,2066.50825412706,1.79632869101631
0.156287297490386,26.7828608064846,2059.6048024012,0.617768956726157
0.166956448638564,13.1910713679069,2053.30165082541,0.500362191941459
0.173409107522318,35.2076192684563,2058.25412706353,0.943706640300362
0.184886560298356,40.308937459768,2057.2036018009,1.22335749318663
0.0977839170911846,15.0589415844573,2071.31065532766,0.142550078306223
0.157710168654014,57.6023378446047,2064.25712856428,0.781116200718138
0.118372873728482,7.12382395041967,2057.35367683842,0.169214971115039
0.193050859238666,52.0809826503965,2057.50375187594,1.54103007514231
0.165801737656549,15.1023580078497,2054.35217608804,0.541257018725339
0.189770219296695,40.8933710575319,2056.60330165083,1.33167943930879
0.184138989528848,12.8907317012169,2051.05052526263,0.575962957570028
0.110508190388255,35.513019260565,2074.46223111556,0.229473484778908
0.139833388359428,27.2495189410318,2063.20660330165,0.444077843766343
0.170564373450324,13.1531495321769,2052.85142571286,0.517904992527925
0.178272907896886,92.8949270465273,2063.05652826413,1.33656699168695
0.133375838748547,29.0312487135558,2065.30765382691,0.390435099176298
0.199253962415885,497.65025513326,2068.00900450225,2.59417701404758
0.133098147664605,31.3779203344798,2065.90795397699,0.39723721531827
0.188802633890885,44.0718255463572,2057.2036018009,1.34497598516209
0.170281596496246,14.9294397640879,2053.60180090045,0.568882640055996
0.194200126485594,89.2252188596224,2060.05502751376,1.87997684356656
0.176069413229926,252.988497160128,2069.05952976488,1.44935305320267
0.142813005879934,18.9046718094031,2059.90495247624,0.418547005959125
0.187624287554667,40.541701854003,2056.90345172586,1.27567539168263
0.160938372975136,7.52435222533039,2050.60030015007,0.291908301361045
0.181932338111645,165.693253695049,2065.45772886443,1.60903524688797
0.199800885577678,145.559568736658,2061.70585292646,2.3285905101846
0.136311874986483,22.598963573615,2062.60630315158,0.392517640509999
0.174518017721443,208.60745870723,2068.30915457729,1.37472668710557
0.193123895978545,18.2627170853981,2051.95097548774,0.839780089723509
0.183940946912039,16.7034315396448,2052.55127563782,0.71607437114827
0.191924008915562,31.2877147471334,2054.95247623812,1.19630417559214
0.198375278593784,49.5933968601569,2056.45322661331,1.66600292674105
0.19279549034624,86.6930926644114,2060.20510255128,1.79396146053116
0.198486979548108,169.06628675843,2062.60630315158,2.34447039275008
0.181032165909867,44.1988889941343,2058.40420210105,1.17142026718227
0.198794971196352,25.3571841881197,2053.00150075038,1.14333241784179
0.194322013547115,23.7325189301555,2053.15157578789,1.0383743535637
0.194123394105662,241.599356909666,2065.30765382691,2.16980505196016
0.199838611002716,32.8570945343963,2054.20210105053,1.37195676755284
0.137702446081032,5.5136013085513,2051.50075037519,0.178765434229794
0.180512785421473,32.9518247994517,2056.75337668834,1.04033802922822
0.17033001039708,24.0766133741283,2056.45322661331,0.76094986618756
0.161012246831768,663.675046422987,2078.8144072036,1.01250831659466
0.19640917889929,235.419786083096,2064.70735367684,2.30628069471965
0.0816368547579634,10.7215497316231,2075.06253126563,0.0866015023624678
0.195236577930428,44.0718255463572,2056.30315157579,1.49612544011733
0.179044678019368,28.6988481348414,2056.15307653827,0.953013554426998
0.150467475369531,39.1650084479089,2063.35667833917,0.610509202504022
0.164481114457277,36.4452060637106,2060.05502751376,0.802176035768023
0.185413855254416,17.3404260963733,2052.55127563782,0.748646637981668
0.0963108393703413,3.02078648791353,2053.60180090045,0.0645801567823093
0.188984438427018,46.2824514344805,2057.35367683842,1.38871627741367
0.193323402745392,133.515406654271,2062.30615307654,1.99858696230302
0.141547628344772,24.5667432445612,2062.0060030015,0.449950602236549
0.189689595971879,45.8844379566866,2057.2036018009,1.39991131631664
0.129633950665362,6.11570617216135,2053.75187593797,0.17910959888069
0.186119878372298,61.5456410122568,2059.30465232616,1.45616715461166
0.189394415790243,57.1069771602846,2058.40420210105,1.51381334919471
0.194439362218991,114.621164452844,2061.40570285143,1.96753519880137
0.138428334965778,24.1460286404166,2062.60630315158,0.418774982866175
0.180593990179518,43.3170791620244,2058.25412706353,1.16511350576615
0.167021122044175,47.3607809164382,2061.10555277639,0.920306359537439
0.16870747758243,14.9724828208773,2053.90195097549,0.558234591623023
0.196565827187811,14.7585013912184,2050.45022511256,0.711937436732201
0.143949397894954,13.8129064745256,2057.35367683842,0.373333800209818
0.163066527595478,36.6556592993152,2060.35517758879,0.781781088313366
0.186693158845662,24.8512842698056,2054.35217608804,0.978789982826948
0.185201074463991,258.138607659778,2067.25862931466,1.80331837984226
0.149849153989608,13.7336016436691,2056.30315157579,0.406857579019603
0.181573223939359,58.9444080505326,2059.90495247624,1.29861223182689
0.190204547877823,101.274795602648,2061.40570285143,1.76787100256628
0.197022319145926,222.247410324489,2064.25712856428,2.34488383683422
0.184975127369943,86.1953566475303,2061.40570285143,1.53339708443453
0.132928370616907,10.0346071582177,2057.2036018009,0.260765211937699
0.143482839041769,113.963083398268,2072.3611805903,0.609240032138496
0.181561572918775,29.6222405590191,2056.00300150075,1.00393200998954
0.0729195901891215,8.91738586389294,2077.76388194097,0.0650679885127517
0.160151941868772,7.97031285410644,2051.05052526263,0.306669579331778
0.197266708843657,21.6438160118766,2052.4012006003,0.996886954266529
0.185977676433595,39.5047358569031,2057.05352676338,1.2209653027063
0.159781725974976,9.61049343596866,2052.25112556278,0.361876103494044
0.139893132442754,12.2397329678754,2057.35367683842,0.32489200394806
0.191058916978697,71.4847748067636,2059.45472736368,1.64772553148335
0.175085091753435,15.3213249660846,2053.15157578789,0.610868741617676
0.180283299561982,101.566780891269,2063.05652826413,1.44733607481037
0.136658010917867,16.4173790695188,2060.20510255128,0.351611899979658
0.135161795899776,4.80198009042612,2050.75037518759,0.153126273564494
0.184727416505805,123.17501693521,2063.35667833917,1.63650212039629
0.14979514397724,9.91971340151178,2054.05202601301,0.330550305415804
0.168283815406732,35.513019260565,2059.15457728864,0.862071278573411
0.143218740406401,6.27623830106248,2051.65082541271,0.212356010091156
0.14120303052188,41.011270705513,2065.75787893947,0.505936091353997
0.195433382166701,171.517554999609,2063.20660330165,2.18988656957514
0.146541994755652,17.9499612710559,2058.70435217609,0.442684488277594
0.179854775583354,13.6941201359897,2051.95097548774,0.58577797595652
0.153325854480334,49.166910368017,2064.25712856428,0.681077491998094
0.19611899690091,25.9479782891666,2053.45172586293,1.12454159624625
0.17069675427959,78.8359274288079,2063.50675337669,1.10557855195206
0.150842856055728,11.4885459675579,2054.8024012006,0.372583129709347
0.0954465229287854,17.5918424880948,2074.012006003,0.137977268807283
0.185937093736785,24.0073976636039,2054.20210105053,0.951560064787636
0.155531742985333,10.1508316565282,2053.30165082541,0.360449964585822
0.19842102716877,65.0059692846113,2057.80390195098,1.85643039759293
0.175294634354892,18.7420980057214,2054.35217608804,0.702298496075923
0.0822234356208038,60.1443448785086,2096.22311155578,0.105335464689171
0.195695077003258,138.607090185066,2062.15607803902,2.10110858739351
0.156194032652706,62.258485186131,2065.00750375188,0.773483740400678
0.169421478429299,18.6882180181159,2055.10255127564,0.650293495313515
0.196484069503303,33.4295886586368,2054.65232616308,1.33214539444975
0.156683149193251,428.45772452782,2077.31365682841,0.903911733166611
0.178584087947504,56.1289989622505,2060.05502751376,1.21878043905056
0.198526032894635,141.02214683671,2061.70585292646,2.27045171681049
0.184178217936966,33.3334849128322,2056.30315157579,1.10741804919705
0.19958208451245,66.9046593948815,2057.80390195098,1.91132049905627
0.15887173314799,22.2119479273284,2057.95397698849,0.599118037185072
0.166760653786099,23.8695626167564,2057.05352676338,0.709277441416003
0.1733090295114,30.3997993896586,2057.50375187594,0.878138308788928
0.169988810029372,19.9675638236179,2055.40270135068,0.683137808979246
0.0956322421362537,3.09116744284691,2054.05202601301,0.0651970892259828
0.154736711179075,14.8865204479472,2056.00300150075,0.460134070546784
0.178470066487852,233.395255296668,2068.15907953977,1.50754243343918
0.11178607564582,5.31106107095859,2056.15307653827,0.125682144913764
0.118917805730408,169.553721645279,2084.51725862931,0.321386886135022
0.189607607809636,50.8951816995986,2057.80390195098,1.45200232870055
0.18358287079829,54.2230004661768,2059.15457728864,1.31177541057935
0.185803188311442,11.6887196334189,2050.30015007504,0.530827205971379
0.148386402196333,30.7519010092932,2062.15607803902,0.549542881299827
0.189948963729031,19.0686558202897,2052.55127563782,0.843450456276567
0.182871412326409,245.102271902578,2067.55877938969,1.66834911954622
0.199342298332495,31.018650949241,2053.90195097549,1.32158604940758
0.179552058931823,24.1460286404166,2055.10255127564,0.875440496386103
0.159038836426546,7.3530347199978,2050.60030015007,0.281458205316175
0.162966219855784,10.690727303607,2052.55127563782,0.406783067494132
0.148030098935579,8.86618796583124,2053.45172586293,0.298449338840615
0.182962336172998,46.8185117519142,2058.40420210105,1.23891900247901
0.196644081570468,491.95228346019,2068.45922961481,2.43331834711977
0.0836782440168511,7.78884153617836,2069.95997999,0.0841086713235703
0.174798967349979,110.410595610039,2064.70735367684,1.27070896322911
0.175137907627058,9.74983462452457,2050.45022511256,0.414855621229137
0.181884346551903,116.618296094966,2063.65682841421,1.50488044240527
0.166233849823043,147.245493016899,2068.15907953977,1.08527233942787
0.165424672496919,25.1391209535034,2057.50375187594,0.716096709487998
0.195511741806686,25.3571841881197,2053.30165082541,1.10809452229589
0.151915143604827,6.96162583541039,2051.20060030015,0.252184760028563
0.156074990063139,15.3213249660846,2056.00300150075,0.475712046094459
0.193396132948332,32.6684502161789,2054.95247623812,1.25643648549581
0.118112226807517,4.23064516672908,2052.55127563782,0.114556002549178
0.128967660348411,9.5553161597167,2057.65382691346,0.237381210701505
0.153783658389494,12.2750213329814,2054.8024012006,0.404235557102248
0.123920929740869,252.261203071324,2085.56778389195,0.371383395344088
0.142301105526723,34.1101179217553,2064.25712856428,0.494715183856496
0.193339005298497,272.652134655029,2066.05802901451,2.16290370390267
0.0762734286956399,2.73123512958793,2058.25412706353,0.042766718719324
0.177742246002271,10.0057595601981,2050.30015007504,0.432746255362313
0.103116470696787,20.0828667363378,2072.06103051526,0.172792135172282
0.131068251384646,8.63941072106801,2056.30315157579,0.23253725624878
0.161936936184897,21.7062172818814,2057.2036018009,0.629193425478499
0.198193252121009,16.2761951447872,2050.75037518759,0.789224907825468
0.18009684862543,12.7798757548119,2051.50075037519,0.553051207090237
0.140011774080483,87.4450909638054,2071.6108054027,0.538774200532145
0.196167003157242,21.8315600677534,2052.55127563782,0.995008660697445
0.171382780339888,683.059623884777,2075.96298149075,1.33577266219565
0.196746413668035,221.608491047149,2064.4072036018,2.28235749061256
0.175758167227753,51.0419175604762,2060.05502751376,1.11261882702026
0.186373438109888,17.5918424880948,2052.55127563782,0.763165984048057
0.0737907339338786,2.58584894057531,2058.25412706353,0.039208932069934
0.120882863784889,23.1254942116391,2066.95847923962,0.279294158499961
0.116873138209398,87.9500435849786,2079.86493246623,0.294221699845057
0.160797758342821,106.354700557757,2067.40870435218,0.922402955450022
0.182349764856626,49.879774465365,2058.85442721361,1.25181950530971
0.163850660097722,50.8951816995986,2062.15607803902,0.876760891711007
0.181100398520524,54.2230004661768,2059.45472736368,1.26554571561993
0.187684860970281,126.772704794663,2063.05652826413,1.73512624820006
0.199691410398053,51.4846683497677,2056.45322661331,1.73055456546865
0.116206382904148,9.418754960271,2060.50525262631,0.187084522247767
0.12319074719235,4.61228334151361,2052.4012006003,0.131147968379762
0.19008639095091,12.2397329678754,2050.15007503752,0.569419962745986
0.103442019310041,5.45047194460812,2058.55427713857,0.111190815266766
0.177009476837443,11.6887196334189,2051.35067533767,0.49887701376895
0.190526116062828,21.0295852575175,2053.00150075038,0.912517364228774
0.189258253642134,20.0251322921732,2052.85142571286,0.870043721548788
0.163288744820689,37.6178394397509,2060.50525262631,0.788940474822615
0.184652982993482,31.8328643748612,2056.00300150075,1.08875121199092
0.140254089113096,6.13333836012256,2051.95097548774,0.202186804954465
0.15212363958047,12.4888983567305,2055.25262631316,0.398515148128293
0.139500037031963,52.8360974706726,2068.15907953977,0.499893119247717
0.147236105131012,43.5672141029724,2064.70735367684,0.589053540374596
0.172469937443175,15.9056121278034,2053.75187593797,0.609270962844014
0.198362372533397,28.864569943014,2053.75187593797,1.23826863449806
0.181146355657216,16.9944681193122,2053.00150075038,0.704404953334616
0.181956171601482,46.1493981386924,2058.40420210105,1.22223561786081
0.157710038179022,31.4683859934887,2060.35517758879,0.672599299894682
0.184024986905895,39.9622941881329,2057.35367683842,1.19262846742854
0.166487082909306,42.087781971745,2060.50525262631,0.879482592412387
0.179445575734139,22.6641186288517,2054.8024012006,0.838818854371008
0.146626587596392,23.3260907272937,2060.50525262631,0.491396392869547
0.184603867947931,63.5258869923343,2059.75487743872,1.42102021412144
0.196193492507469,18.7420980057214,2051.65082541271,0.882799145493576
0.19528437651379,29.0312487135558,2054.05202601301,1.2055464431234
0.164100204915434,61.0163692502148,2063.20660330165,0.918751655966809
0.186643619515724,14.3810119566121,2051.35067533767,0.648587484592392
0.149654136978555,50.167805761144,2065.15757878939,0.634822583206622
0.157831983029204,145.141112502088,2070.11005502751,0.88125329555032
0.12954141408072,24.6375716039181,2065.00750375188,0.346085222865648
0.198805517210378,97.5545010046874,2059.90495247624,2.07904609295042
0.172702760847397,91.8313032315627,2063.95697848924,1.19580181394631
0.198790629114825,230.059652845059,2064.10705352676,2.45897859557977
0.160963341290596,10.5076446271293,2052.70135067534,0.39350835270479
0.186820156536962,38.6052759973495,2056.75337668834,1.23139561655586
0.176682399477608,203.271746797557,2067.70885442721,1.44101564762563
0.192012143160934,19.1787679790464,2052.25112556278,0.867558314264967
0.0488902306605676,3.44853317762211,2079.71485742871,0.0239698851611502
0.170885332589152,58.269509235766,2061.70585292646,1.04055929175761
0.185515328492283,48.7440915159157,2058.25412706353,1.31381491731685
0.186884977374505,322.201109632407,2068.15907953977,1.89146138344861
0.181111186849075,38.3836293157633,2057.50375187594,1.12346951064909
0.185636104068261,51.4846683497677,2058.55427713857,1.33931633148363
0.183841691746098,21.7687984609418,2054.05202601301,0.863000902118898
0.187695220335522,39.3911672117236,2056.75337668834,1.25946154765999
0.181467909500499,265.67830327291,2068.15907953977,1.65940370789356
0.14651433496208,5.41917883794353,2050.15007503752,0.189026865799746
0.180634609007749,55.009172100585,2059.6048024012,1.26045830000755
0.188481072107333,12.1344753910871,2050.15007503752,0.559640450274004
0.184606307685129,78.6092890454508,2060.95547773887,1.49208729638281
0.170137020092387,135.061831034464,2066.8084042021,1.17526591068362
0.197416066862196,106.661331716613,2060.50525262631,2.08397195010765
0.181777830259102,103.634385349794,2062.90645322661,1.49835090933989
0.0984690431322737,2.94352153037066,2052.85142571286,0.0649147342833568
0.189971976822271,13.0776326016306,2050.45022511256,0.607078831196315
0.12937195804254,33.9142795486171,2067.55877938969,0.368915413362528
0.130039016601892,26.2485172849919,2065.45772886443,0.352152555293232
0.186460384922092,50.7488676765729,2058.25412706353,1.36896437186008
0.183837561871016,33.1421054672574,2056.30315157579,1.10033959224157
0.157600067069078,83.2683808742902,2066.65832916458,0.823652469397949
0.191195125436881,15.1023580078497,2051.05052526263,0.702776977581936
0.154913095778843,13.1531495321769,2055.10255127564,0.429455667034869
0.194626398684662,16.1827476936424,2051.05052526263,0.767490096539249
0.196743075101873,184.848829201335,2063.35667833917,2.28190331936351
0.133485710490476,12.9278969602916,2059.00450225113,0.300329106584805
0.160610091105544,12.4888983567305,2053.90195097549,0.446222793849159
0.14332787622565,284.684348451138,2078.8144072036,0.635095199792773
0.180382811876183,49.7363795461226,2059.15457728864,1.2044790598193
0.149054363354202,21.2120013170279,2059.45472736368,0.493066002905675
0.105319554510384,8.86618796583124,2063.05652826413,0.145932107622949
0.190398661217038,50.8951816995986,2057.65382691346,1.47818861812427
0.184364813569126,66.3293018815899,2060.05502751376,1.42645217192174
0.149536675320548,7.99329205722658,2052.55127563782,0.278519640887317
0.184709794973805,48.8846255702689,2058.40420210105,1.29514203370826
0.197909882933527,54.0671195934932,2056.90345172586,1.72474602906707
0.163137265116992,23.9383809351586,2057.65382691346,0.669247041960241
0.199843894259584,18.2102152272867,2051.20060030015,0.885299467553612
0.189661789032086,21.4576864915806,2053.15157578789,0.920459804860948
0.187626810207507,24.2156440378081,2054.05202601301,0.97535644064383
0.173397964575746,18.5275056440599,2054.50225112556,0.683091654079088
0.124008001693328,7.94739971184986,2057.05352676338,0.19801726323055
0.175825199994523,15.1458996051004,2053.00150075038,0.611177891663986
0.182342095989277,21.6438160118766,2054.20210105053,0.844943276279409
0.159356439736939,13.1153367145537,2054.35217608804,0.455038851204458
0.180661710484208,13.3054941313703,2051.65082541271,0.575777876334115
0.173757277533895,17.2905756504487,2054.05202601301,0.656183017426712
0.193556720842732,18.5809222819382,2051.95097548774,0.855543995332954
0.164408018344108,7.90177085082341,2050.45022511256,0.313500496828437
0.120574407387303,7.50272113554967,2057.35367683842,0.180264338528355
0.194341287233472,42.3308183228056,2056.15307653827,1.45726697960696
0.152251665285345,12.0301229939707,2054.95247623812,0.390093463047641
0.191738504996985,38.0535430450317,2056.00300150075,1.32302066162596
0.178832699491459,25.9479782891666,2055.70285142571,0.895004654744972
0.190277967567131,16.2761951447872,2051.65082541271,0.744560478647888
0.157596210618033,22.3402110602687,2058.10405202601,0.59311948388755
0.067488116913179,3.92553157195246,2068.30915457729,0.0431844396374606
0.176868326179052,93.97087014239,2063.35667833917,1.30426351100861
0.168747984468114,8.41843393067599,2050.30015007504,0.343655243688313
0.158081531671634,11.7901106095195,2053.90195097549,0.415198900794068
0.177149605036152,16.9944681193122,2053.45172586293,0.675199483301731
0.190209353273148,14.9724828208773,2051.20060030015,0.690363340367325
0.176385284610633,11.2918003500854,2051.20060030015,0.481792496158237
0.195037769089303,23.5962620603196,2053.00150075038,1.04545097583906
0.169219952113131,30.6634951091254,2058.10405202601,0.830952639264032
0.184232051546107,85.7004783109429,2061.55577788894,1.49585096422792
0.17983529251616,36.3404329881246,2057.50375187594,1.06130818268803
0.0741108769129769,3.88058521159597,2064.70735367684,0.0505793038091768
0.18769113423831,29.4521686931553,2055.10255127564,1.09815032761985
0.149475174055085,10.8145512259435,2054.65232616308,0.350573205039546
0.105614369726167,8.27426512232383,2062.30615307654,0.14240076714986
0.162547848476119,499.085030217353,2076.56328164082,1.05255236106598
0.191692244822485,65.0059692846113,2058.85442721361,1.6240607394303
0.139419951135396,40.4251521276738,2066.20810405203,0.479158056863009
0.113304205065747,4.58580257506987,2054.35217608804,0.115425431760287
0.154190995887415,11.3897483457029,2054.20210105053,0.386961629701515
0.192362574125345,124.960914129199,2062.15607803902,1.92554415968142
0.162624730247692,48.7440915159157,2062.15607803902,0.842453673595845
0.199980585994861,331.611938624106,2065.75787893947,2.60775442731477
0.198048228763046,31.9246416826979,2054.20210105053,1.32656752717165
0.147262489912886,13.3823268507784,2056.60330165083,0.38452113659613
0.194582781894782,38.1632551869613,2055.55277638819,1.39617116334791
0.187475456217982,50.167805761144,2058.10405202601,1.37768877597064
0.187090274096829,80.4407977772957,2060.65532766383,1.58258909513174
0.194756775258422,36.9736199650277,2055.40270135068,1.37048137393199
0.148250068037602,7.76645008964431,2052.55127563782,0.268738999778063
0.153318144077967,45.8844379566866,2063.65682841421,0.683308405494043
0.158632948140028,47.9093308411956,2062.90645322661,0.765484144055196
0.197643866645969,29.7076444189603,2053.90195097549,1.25782997404946
0.197277857278555,20.1988354669711,2051.95097548774,0.947167468925537
0.173414906793174,13.3054941313703,2052.55127563782,0.539557959870638
0.151347023449455,12.3104114379469,2055.25262631316,0.391197810845564
0.16641803111691,55.3268231583471,2062.15607803902,0.945907261728491
0.147091292451731,53.14120008554,2066.20810405203,0.601108654467645
0.185623866693128,90.7798576447935,2061.55577788894,1.57636527084193
0.151220589135305,16.0435815196353,2057.05352676338,0.454331572718156
0.146895224300042,83.749215037991,2069.35967983992,0.637468653665972
0.168682912199962,209.8120647281,2069.65982991496,1.19445293153374
0.196375461269156,32.5745345994639,2054.50225112556,1.31304870615798
0.160631350914248,10.327697309498,2052.70135067534,0.386143797521178
0.174949251257611,29.5370822190252,2057.05352676338,0.894840042415619
0.196324217945976,21.2120013170279,2052.4012006003,0.973721744877231
0.198045858673154,91.5673056002191,2059.6048024012,2.04284943040328
0.19013642509288,298.104541340284,2067.10855427714,2.02925758755789
0.158322958302502,113.308780622132,2068.45922961481,0.867180039899734
0.195004112449481,94.5135059458335,2060.20510255128,1.94482211939023
0.166633682573133,18.3153703115779,2055.40270135068,0.617563813231281
0.138071695187134,27.5651328577691,2063.65682841421,0.431135281793578
0.192622902776467,16.6554123326141,2051.50075037519,0.772883534120889
0.189290819633062,13.3438551917019,2050.60030015007,0.617830075241598
0.189771709359709,75.0704237295268,2059.90495247624,1.62987668280394
0.168557558122728,17.3404260963733,2054.8024012006,0.614184053623332
0.198628048450455,23.1254942116391,2052.55127563782,1.06554888432225
0.190105317179679,38.9401481423545,2056.30315157579,1.31043733088807
0.177537132186672,52.6842036818354,2059.90495247624,1.16750424235939
0.0920653460194282,15.9974592566334,2074.46223111556,0.12477592119397
0.177780270571102,25.65088039011,2055.70285142571,0.882081741088876
0.195658064796058,24.0766133741283,2053.15157578789,1.06102162112471
0.176854138720112,31.9246416826979,2057.2036018009,0.956499051642768
0.190247533260085,15.5882800527396,2051.35067533767,0.717274615869775
0.168926437914435,46.8185117519142,2060.80540270135,0.940534235741579
0.192711852381185,162.387515846255,2063.50675337669,2.00581842736341
0.194232462775037,67.2910010723591,2058.55427713857,1.74422971524607
0.177451849861608,26.4762037102107,2056.00300150075,0.886886360165781
0.175142101496731,41.6058873339274,2059.00450225113,1.02864488443162
0.168466699541771,13.6154972999402,2053.30165082541,0.52153845147066
0.188085882579592,88.9687132280334,2061.10555277639,1.63511357301089
0.193241198462009,14.4640552653053,2050.60030015007,0.683184032312758
0.166451298487669,9.66598933399762,2051.50075037519,0.386023184405196
0.182791072100024,78.1579650331584,2061.25562781391,1.43072323671537
0.180253922959188,11.8923810771604,2051.05052526263,0.519738791336437
0.189125403574919,52.5327465589178,2058.10405202601,1.44306328351915
0.195434061672448,56.1289989622505,2057.50375187594,1.663242250422
0.115349156587661,4.30435891208667,2053.30165082541,0.11244248448514
0.187050308709907,134.286392810429,2063.35667833917,1.75981508813704
0.180091475778312,26.5525372336299,2055.70285142571,0.918517724980978
0.184178684281965,26.705865146348,2055.10255127564,0.984378953345495
0.196336530724946,39.3911672117236,2055.55277638819,1.44816580334713
0.187692892841687,39.9622941881329,2056.75337668834,1.27833083107686
0.134289433053052,4.91386086905364,2051.20060030015,0.155206405287566
0.184156606564229,22.6641186288517,2054.20210105053,0.89132094837075
0.113585008802445,6.33068001474387,2057.50375187594,0.144478250585318
0.176127222689444,70.0585856263266,2061.85592796398,1.20612077027002
0.186289370665601,113.6354610841,2062.60630315158,1.68193356065942
0.187302650677823,48.4642342722534,2057.95397698849,1.35473233690116
0.184764886426554,14.8865204479472,2051.80090045023,0.658119411526427
0.112383428564164,5.5136013085513,2056.45322661331,0.129921483787834
0.167776998054758,65.7588922489258,2063.05652826413,0.994589323452981
0.181944963164335,15.5882800527396,2052.4012006003,0.665909749889534
0.171061889559025,9.86276078296599,2051.05052526263,0.407573697187126
0.122992772948004,55.6463084955692,2073.56178089045,0.33736210014314
0.188086718329072,13.8926692519835,2051.05052526263,0.635220289378321
0.163756596677837,13.4209094274668,2053.90195097549,0.487534271784961
0.198998584596103,108.519773144765,2060.35517758879,2.16091811210931
0.167446059976963,19.0686558202897,2055.55277638819,0.63939698648155
0.172594264659784,21.4576864915806,2055.55277638819,0.733821340962148
0.199562664939673,49.166910368017,2056.30315157579,1.68226743130521
0.18086452434268,71.4847748067636,2061.10555277639,1.34296605180545
0.138124255406791,46.9534941686678,2067.55877938969,0.481807032340954
0.122483456024795,9.12515100556096,2058.70435217609,0.20672935480777
0.0894999987875108,2.46233896144414,2052.55127563782,0.0486758828497033
0.194899070185615,131.607251678295,2062.0060030015,2.05236227379817
0.19612924754065,55.8067423266136,2057.35367683842,1.68561757551643
0.157499462935627,11.7901106095195,2054.05202601301,0.410830733140132
0.134668016409446,18.9591758547749,2061.70585292646,0.357621781970079
0.198387532511101,55.1677690041581,2057.05352676338,1.72799557233945
0.184607851103992,31.3779203344798,2055.85292646323,1.0860072911517
0.176949706542199,9.61049343596866,2050.15007503752,0.413384417539157
0.121128429979601,23.9383809351586,2067.25862931466,0.280874661124913
0.199897145974681,20.0251322921732,2051.65082541271,0.962591241092604
0.0790167882614678,15.9056121278034,2081.81590795398,0.0856461623496286
0.162725488856955,7.76645008964431,2050.45022511256,0.305121335467229
0.193925082552456,28.1262788456248,2054.05202601301,1.16153850314681
0.183514258405892,22.0209326641103,2054.05202601301,0.872097232119862
0.172599018949234,10.4473164853735,2051.20060030015,0.434502279480928
0.193572522281839,113.6354610841,2061.40570285143,1.95831506353679
0.147101610197838,7.78884153617836,2052.70135067534,0.266336030699998
0.13231945597587,7.39549489831676,2054.8024012006,0.213527850254072
0.14287864572247,18.4211326150377,2059.75487743872,0.413448827450257
0.10228895647281,18.053613516069,2071.31065532766,0.166161951689504
0.192427113916221,23.8695626167564,2053.45172586293,1.02050012985728
0.144683417335183,22.1480927773524,2060.65532766383,0.460075241805493
0.198560455701483,28.9477893633602,2053.75187593797,1.24373574662523
0.183449703296064,22.4692148500539,2054.20210105053,0.881483136196653
0.186254788626605,65.0059692846113,2059.6048024012,1.47917918922679
0.156890149054576,9.5553161597167,2052.70135067534,0.34865749926647
0.173074786779562,15.9974592566334,2053.60180090045,0.61865978579598
0.188518691524527,81.1385620543712,2060.50525262631,1.62523629363368
0.148964589866753,112.658234431989,2070.86043021511,0.686026520340091
0.156081664098899,9.83440721077889,2053.00150075038,0.353870849046351
0.14574011068468,10.690727303607,2055.25262631316,0.329604853114015
0.0746072801242746,8.96887940476934,2076.86343171586,0.0680731065813386
0.151704405632462,9.63820144251651,2053.45172586293,0.332594419698905
0.1952327413263,22.2119479273284,2052.70135067534,1.0000906817857
0.119994930446939,3.49853297367273,2050.45022511256,0.0971837293077746
0.141646536970988,5.52949756842363,2050.90045022511,0.185775679735931
0.199238133861664,109.776688935454,2060.35517758879,2.18406015781349
0.127555314211997,31.6501005279053,2067.55877938969,0.348303760863727
0.0824130101462027,6.04568285725226,2067.25862931466,0.0747288489694616
0.170773820102573,13.5763553199153,2053.00150075038,0.532433974172235
0.187471064172657,23.1921673069706,2053.90195097549,0.944289813811428
0.195801094754681,34.9048456133114,2054.95247623812,1.3515964023961
0.10276670094708,3.17230798106454,2052.70135067534,0.0734772476044988
0.188664974608138,149.380384647924,2063.65682841421,1.84758303601286
0.198841125887418,17.8469041306121,2051.20060030015,0.861914829448617
0.146554261541171,13.5373258656811,2056.75337668834,0.384209481026663
0.0851453607891382,7.3530347199978,2068.45922961481,0.0860448271893222
0.182233964558063,48.8846255702689,2058.70435217609,1.25028292869458
0.0995916128636809,21.4576864915806,2074.16208104052,0.160117915933364
0.104578509728197,50.6029742786953,2080.46523261631,0.2008611699355
0.194421608581061,14.3396692667093,2050.45022511256,0.683087731750145
0.188612842833659,32.2944045847043,2055.55277638819,1.16215958668498
0.190060709610642,51.4846683497677,2057.80390195098,1.46765220548821
0.189691686928502,133.515406654271,2062.90645322661,1.85193053845087
0.185525588820988,23.5284272689873,2054.20210105053,0.93073030604085
0.160764382786003,20.4327857832706,2057.05352676338,0.597268085432117
0.079874047106681,5.5454396587911,2067.25862931466,0.06788642629818
0.193418370394041,250.812881381886,2065.60780390195,2.15219165735805
0.197577510893123,48.3249087633854,2056.45322661331,1.62223222972655
0.197424745430911,70.4631396848539,2058.40420210105,1.86165202090844
0.188979436930424,20.1407676346358,2053.00150075038,0.868424976174758
0.198396239744206,150.242983290666,2062.15607803902,2.24685424598785
0.144353142367888,29.1149486853426,2062.60630315158,0.499699197185184
0.175984823892668,81.1385620543712,2062.60630315158,1.25918086976794
0.119190836087018,24.2854601433005,2068.00900450225,0.268398731482879
0.168049191195989,23.0590127888488,2056.60330165083,0.714914623839497
0.0692888018462845,4.43008034640065,2069.2096048024,0.0477608108055105
0.0969702381311525,6.1687553886527,2061.85592796398,0.10472075770953
0.120333514086399,80.6727165821289,2077.76388194097,0.319504183121765
0.198590903478858,58.6059871454894,2057.35367683842,1.77136038147522
0.0877236342059454,31.5591124739724,2084.66733366683,0.119522362465416
0.158105400553086,30.3124057150643,2060.05502751376,0.668300716869691
0.195912372389973,69.456105410819,2058.55427713857,1.8013137904516
0.185174145425991,33.5259694810802,2056.15307653827,1.13069089887928
0.191187066201942,208.007751711453,2065.00750375188,2.01822414808659
0.147137243034874,31.5591124739724,2062.60630315158,0.538541553703566
0.18714821220363,102.447797407785,2062.0060030015,1.65355638350424
0.156331191947737,7.10334430368878,2050.75037518759,0.266852987742835
0.15088563977463,43.3170791620244,2063.95697848924,0.628262052892562
0.166638837622938,52.9884291843805,2061.85592796398,0.939770562062245
0.176075951708552,24.6375716039181,2055.85292646323,0.83211154135915
0.131417096064531,4.70617602490094,2051.20060030015,0.145091680472721
0.144747803822061,15.3654978668113,2057.95397698849,0.399055264939783
0.169511704897614,14.5895202202118,2053.60180090045,0.55409219348082
0.136600900292906,5.59354223610883,2051.80090045023,0.179537176167893
0.194239569891155,37.2943387037601,2055.55277638819,1.36361958283285
0.196493875097072,25.65088039011,2053.30165082541,1.12353021222396
0.178179591481262,16.8483214233231,2053.30165082541,0.677995677979151
0.113460308568071,9.52784643268317,2061.40570285143,0.177482913182941
0.199370138833048,15.1023580078497,2050.30015007504,0.740041796594344
0.139945220534183,7.99329205722658,2054.05202601301,0.249825045171264
0.165540081579765,15.0589415844573,2054.35217608804,0.539074090082145
0.151979291788754,51.6331037591724,2064.85742871436,0.669100506581859
0.174592236606989,35.2076192684563,2058.10405202601,0.959342921193725
0.142369686036119,5.60966897361054,2050.90045022511,0.189726280928632
0.126017146740045,6.1687553886527,2054.50225112556,0.171837929329512
0.197892569166626,232.055249753435,2064.4072036018,2.36906717329568
0.191265838023583,44.1988889941343,2056.90345172586,1.39800951044904
0.188366447522891,12.5249050903856,2050.45022511256,0.576923332772979
0.186095258869947,58.1019954155711,2059.00450225113,1.42951426219938
0.157099802819284,18.8503244528549,2057.2036018009,0.538372730791734
0.166661397321957,9.28414544519475,2051.20060030015,0.372706613241385
0.192769781254396,17.3404260963733,2051.65082541271,0.801648224344717
0.164222749447463,13.2672433518329,2053.75187593797,0.486504873771731
0.17848759294021,123.886292399378,2064.55727863932,1.42343072676623
0.163371802413098,9.66598933399762,2051.80090045023,0.376466710188669
0.156053362295831,17.3904202660819,2056.75337668834,0.511883711946032
0.177891110055266,13.0776326016306,2051.80090045023,0.555572883915643
0.181700420650141,16.4173790695188,2052.70135067534,0.691068631622286
0.141053108304004,16.2761951447872,2059.15457728864,0.382384271658459
0.192299232268383,149.380384647924,2063.05652826413,1.99193510446226
0.127209737276465,18.6882180181159,2063.50675337669,0.30224977612306
0.183209000918895,95.6081960158011,2062.30615307654,1.50120487669717
0.197648644768899,617.586329858686,2069.35967983992,2.54656902212783
0.177229446472134,48.7440915159157,2059.45472736368,1.14168126804419
0.160434854477606,19.4568382303861,2056.75337668834,0.582251770108465
0.184807919186788,226.119795827268,2066.65832916458,1.75583182971111
0.197863994726942,154.63127054568,2062.30615307654,2.26223756289158
0.190024275162496,23.8009421380058,2053.75187593797,0.987268504965775
0.199812408158649,72.1048522251035,2058.10405202601,1.98075068063824
0.190455554630119,15.2333597657718,2051.20060030015,0.704413985248634
0.100411850445187,4.45566189315493,2057.2036018009,0.0927101907168631
0.196651665698723,58.269509235766,2057.50375187594,1.72746018155311
0.194675650429339,45.8844379566866,2056.60330165083,1.50837424163696
0.162903624158283,45.3590725519368,2061.70585292646,0.827007366302024
0.171366194084912,12.6335493553273,2052.4012006003,0.508246904219404
0.152940820565655,71.0743551760129,2066.65832916458,0.729056905057932
0.131901596529593,6.0805937181354,2053.30165082541,0.183382443036473
0.175740445900593,21.273157622404,2054.95247623812,0.768602085572475
0.128640676450258,4.49431145638251,2051.35067533767,0.135230050493578
0.165343177344195,7.81129753947542,2050.15007503752,0.311788360793164
0.181360799973548,127.504755146189,2064.25712856428,1.50286053442737
0.187864597009737,245.102271902578,2066.50825412706,1.89501561283912
0.148196420376641,13.6154972999402,2056.45322661331,0.397249756162903
0.18163738636866,38.0535430450317,2057.35367683842,1.1322552518699
0.187290782845869,13.4209094274668,2050.90045022511,0.612713863142614
0.162397568636395,16.8483214233231,2055.55277638819,0.553312114167836
0.136374644422468,5.49775074742009,2051.65082541271,0.176276698789234
0.177607231536531,96.4375262265749,2063.35667833917,1.33318466107889
0.189976532484513,49.4508252223751,2057.65382691346,1.43361613483454
0.159726552960961,34.0120577830084,2060.50525262631,0.714581848156434
0.125094387816356,22.2119479273284,2065.45772886443,0.303071186962006
0.175561772915854,34.1101179217553,2057.80390195098,0.959909711660558
0.177320843164259,20.6100250498449,2054.50225112556,0.772972469837514
0.157602509245501,13.8926692519835,2055.10255127564,0.458548737204531
0.195220972603281,98.1178305232072,2060.35517758879,1.97150211042393
0.172210206013242,51.0419175604762,2060.65532766383,1.03865375038275
0.189517135877537,382.953273679969,2068.60930465233,2.01208830030883
0.120211212185123,5.6910027726913,2054.95247623812,0.149711117210602
0.147057111898568,258.882846889423,2077.01350675338,0.689785207688417
0.184959074744168,41.2480907306527,2057.35367683842,1.23189070298366
0.170034018108053,14.9724828208773,2053.75187593797,0.566319537324265
