0.189284179556423,359.778539466142,2060.65532766383,7.03295800153483
0.153498176021182,40.0409723683155,2053.15157578789,1.41264642893769
0.157928162850005,46.9831874889221,2053.60180090045,1.67353605309871
0.193828943926269,1217.58405246047,2066.20810405203,9.36154644065654
0.156447737333468,127.623048433544,2060.35517758879,2.73037934318191
0.160653987036836,237.81584696117,2063.50675337669,3.4984640921935
0.149039537107673,37.9267248465054,2053.45172586293,1.2861694292875
0.186303774529587,84.3596268972181,2053.30165082541,3.5377482334941
0.19013640029139,807.131783152277,2064.70735367684,8.30663238656263
0.176231520751032,76.7743079306913,2054.05202601301,2.94224562316223
0.19445162951927,378.751679379655,2060.05502751376,7.97581063184838
0.191073941872251,56.4027181311874,2050.45022511256,2.63691182419933
0.179230978656491,1461.69414597827,2070.26013006503,6.58012324549595
0.0959379275468959,49.0390337791194,2069.2096048024,0.542918517807685
0.154607921587837,40.8492745502271,2053.15157578789,1.45076579422151
0.153765111391982,61.4467458887652,2056.00300150075,1.88997963006428
0.152497539601206,292.090909920158,2066.65832916458,3.0055101585167
0.150777399744927,116.147635781134,2060.80540270135,2.37900667927673
0.139862902663882,150.607604050759,2065.15757878939,2.00133845170121
0.197358984701608,388.610225087433,2059.75487743872,8.49640627900994
0.195764949434723,116.812763309537,2053.75187593797,4.96423844712552
0.0979837858470512,10.9850467975752,2051.35067533767,0.241520123025086
0.144128781393745,43.6217887324565,2055.25262631316,1.33183773619052
0.179409485711154,298.839317705557,2061.25562781391,5.52542152288537
0.157146848161234,133.58832460024,2060.50525262631,2.8138435713744
0.196767982203512,173.222789787213,2055.70285142571,6.27841538588295
0.177758589530272,45.142230283228,2050.75037518759,1.94957303118703
0.157738267920814,129.828154893547,2060.20510255128,2.8209673836526
0.174429139897003,60.0591517076283,2052.85142571286,2.41681972881344
0.14338735510433,69.8710339890205,2058.85442721361,1.68712030620974
0.195758053594258,99.8372011920941,2053.00150075038,4.43856722781672
0.190374874592143,275.879102999591,2059.00450225113,6.76403355164994
0.191404851983931,3088.34994020008,2071.6108054027,9.14870147988094
0.128326148724439,251.790898176236,2072.3611805903,1.63459833698247
0.143545612516293,707.792906081416,2075.06253126563,2.63247693882927
0.191289479604289,103.022474649097,2053.75187593797,4.29607978562914
0.164543678950696,1114.44883565521,2072.21110555278,4.50300545950002
0.184401811639446,505.3481857809,2063.35667833917,6.72330487113651
0.187484200945608,92.6943770911275,2053.60180090045,3.83980959413023
0.192247951756984,747.249236774187,2063.95697848924,8.59107187861409
0.155986512764087,34.8134037078059,2051.80090045023,1.28821211646898
0.134047695322218,541.190039094199,2076.26313156578,2.02054178008673
0.178052029760549,398.725379356344,2063.20660330165,5.62049028506257
0.16851753353315,64.8721307788236,2054.05202601301,2.39634531650962
0.179246080003829,114.828720794292,2055.85292646323,3.91661629421201
0.199620379058101,503.907415044869,2060.80540270135,9.32524002299466
0.0728295221836611,10.9537279279222,2058.70435217609,0.162734219264473
0.160895268024839,251.07303083665,2063.80690345173,3.55077008534211
0.196579593449744,81.9851191363338,2051.80090045023,3.8512949853621
0.152696198684612,103.612440027837,2059.75487743872,2.35128830735911
0.184021361563918,71.6897104985443,2052.55127563782,3.07661600616613
0.139890230483517,77.2139613539863,2060.35517758879,1.64077528562084
0.126572086381967,91.1199807677937,2064.85742871436,1.30853067499525
0.0736729268982839,52.6672873144766,2082.11605802901,0.298100772031051
0.163013355192576,53.8841013941959,2053.75187593797,1.96179661664825
0.193775260008901,443.151748528471,2060.95547773887,8.18309155168621
0.157973459842449,117.817603099369,2059.6048024012,2.72111222063027
0.187017166812133,207.358872775356,2058.10405202601,5.69637122735926
0.156125494392793,75.4703109469935,2057.05352676338,2.17319056894704
0.147259660633689,45.0135277249103,2054.95247623812,1.41834461419087
0.199341705554524,99.5525607760562,2052.55127563782,4.59671656986546
0.184577038001682,131.31935237462,2055.85292646323,4.54698722216734
0.180706748513505,52.3674017399325,2051.20060030015,2.28956834452055
0.198307609275383,418.555671281086,2060.05502751376,8.73174747110096
0.127126460933146,70.8756376769752,2062.60630315158,1.23780590250062
0.1442061959056,95.9252483265238,2060.95547773887,1.93890631586127
0.182099486524828,148.472865522507,2056.90345172586,4.6316196093074
0.175232333759273,159.003313274763,2058.40420210105,4.199026956423
0.199208998754619,1868.50052445164,2067.40870435218,10.9088434851669
0.164459710786301,63.7702900049803,2054.50225112556,2.25580570507944
0.18253612117713,62.8663987579918,2052.10105052526,2.71831477347961
0.196575204837668,709.816625669192,2062.90645322661,9.46573565130002
0.157852315019062,114.501338871824,2059.45472736368,2.68309052710582
0.199952351291497,200.947701661722,2056.00300150075,7.10806570784925
0.16685211275938,279.047831876704,2063.20660330165,4.15527503077151
0.193026765928528,301.40997547179,2059.15457728864,7.21768279999694
0.192332871198276,85.5725471512499,2052.55127563782,3.82527227512879
0.184310388010891,859.455923731217,2066.20810405203,7.22984155189014
0.189387170089463,174.71287654445,2056.75337668834,5.60154647503116
0.17357506340261,86.8029067373029,2055.10255127564,3.07490314877612
0.165080771448973,566.486003118619,2067.85892946473,4.41973714842834
0.157105861483089,223.976055777755,2063.80690345173,3.2223489472278
0.192956789587996,296.290584500184,2059.00450225113,7.24779663667023
0.189757428474449,493.936382081693,2062.30615307654,7.52589419886699
0.12767234814815,29.9246107489204,2055.40270135068,0.81846283192489
0.134385385872466,38.8029760290526,2056.15307653827,1.07332700606041
0.15991953850594,4975.08068048099,2082.71635817909,4.20492590279512
0.198621235353861,79.2237672736159,2051.50075037519,3.79846880712588
0.180409644553665,62.6871637866222,2052.25112556278,2.66406943404502
0.177889273489558,82.2195307701277,2054.20210105053,3.14430608385303
0.148061063530364,69.0776131565211,2057.80390195098,1.83529643307024
0.198191145189052,1146.72624693726,2065.15757878939,10.2181604348409
0.199799230347109,133.970279981353,2054.05202601301,5.66339373190646
0.177640552466369,46.7156669673144,2050.90045022511,2.01457020783075
0.192852185731414,439.372207117504,2061.10555277639,7.95022793012374
0.164552612600791,71.2815119540969,2055.25262631316,2.40840115669798
0.164191826294235,47.6587103877338,2052.70135067534,1.8207989075298
0.131542209872882,28.022661972635,2054.05202601301,0.825522921920422
0.150655899302983,115.157038766277,2060.80540270135,2.3586700139835
0.100826692876194,126.896367543829,2077.01350675338,0.733252507699439
0.0649642187127135,8.02428067821897,2056.00300150075,0.108562397436036
0.135374867811431,162.213093593506,2066.95847923962,1.81269992405324
0.155540285736573,120.53963655885,2060.20510255128,2.61733765890001
0.170313184833638,51.1848378647497,2052.4012006003,2.04727059537235
0.190246425388455,109.388376269211,2054.20210105053,4.40973386030407
0.187370984212629,170.767499659861,2056.90345172586,5.36604202950452
0.187940810727786,167.867046233813,2056.75337668834,5.36816839718208
0.18710407406244,91.6417856860653,2053.60180090045,3.78903940167644
0.160776404207443,2632.01671126289,2078.51425712856,4.23176141675008
0.11344902977733,46.9831874889221,2062.75637818909,0.803118814934023
0.139798429913045,49.1792460536021,2056.90345172586,1.34451710134788
0.195676070554585,195.84991479505,2056.45322661331,6.55126933846351
0.170557703098376,38.6923469738653,2050.60030015007,1.59718503560211
0.173433758486563,60.9226804384381,2053.00150075038,2.42424323051748
0.187645027703864,129.458008900059,2055.40270135068,4.7106334502541
0.197242724227721,84.8427181780503,2051.95097548774,3.97889112451358
0.107645826718698,141.842932489416,2075.06253126563,0.895059848480543
0.156846615043676,4904.56301653753,2083.6168084042,3.90521042530911
0.178384817715653,502.470752011949,2064.4072036018,5.90646670556125
0.152913508744936,75.9024969407108,2057.65382691346,2.06560945874506
0.195730520037729,288.774070313193,2058.55427713857,7.488953068174
0.127300100262019,141.438531816784,2068.15907953977,1.46542805366444
0.173762139633501,267.349407055871,2061.70585292646,4.7339084151887
0.168777734775944,83.1638987870644,2055.55277638819,2.80184928695497
0.198324842870748,142.248489423373,2054.50225112556,5.77248374236785
0.164145112590022,83.4016807844893,2056.30315157579,2.61060852604338
0.183414774540633,555.276700691959,2063.95697848924,6.76890719660101
0.1783386507545,67.5176982631216,2053.00150075038,2.75679519698047
0.13585273895044,68.2932020177604,2060.20510255128,1.46126081834952
0.137591193849848,1774.90008963124,2083.76688344172,2.29858239445194
0.136961006980043,53.4245360347261,2058.10405202601,1.33726223466828
0.139530432756398,21.6726902673049,2050.75037518759,0.716372362427592
0.148290695105693,91.6417856860653,2059.75487743872,2.07106665231577
0.177725843332494,218.294068941623,2059.75487743872,4.92651773970129
0.156167499630451,1606.10985779112,2076.71335667834,3.74988872344605
0.157260810223679,281.448240503226,2065.30765382691,3.34140213018581
0.183006015591894,587.907075958623,2064.4072036018,6.69814025511625
0.152345990942386,749.38576979736,2072.96148074037,3.24931578464768
0.166541555966623,71.8946855274423,2054.95247623812,2.50051219730099
0.187425496718195,104.205783884421,2054.20210105053,4.15278006354398
0.193272139687557,569.730024683029,2062.45622811406,8.32932573553935
0.161507008947101,42.5151595953122,2052.4012006003,1.61345011162902
0.190823879384999,58.2022285223133,2050.60030015007,2.71378897619927
0.134485796854293,365.994892948408,2073.26163081541,1.97216923571096
0.170337438006554,184.979733984101,2060.05502751376,4.05482939905665
0.194979894373383,2900.3295287211,2070.41020510255,10.1838496152245
0.160004940633433,90.0852674270771,2057.50375187594,2.53315209985036
0.184918849629028,295.445846524427,2060.35517758879,6.08900182668427
0.166071894564624,132.827677649963,2058.85442721361,3.32519765841951
0.157683687790498,30.2683228212936,2050.60030015007,1.1495241585936
0.174226599539026,90.0852674270771,2055.25262631316,3.16699076742821
0.190663442650802,86.062584304422,2052.85142571286,3.76739332689866
0.1149397105444,48.7598073452207,2062.75637818909,0.83459183362533
0.130941337266828,146.786881247751,2067.40870435218,1.60585008860407
0.161381531426248,1274.4955995379,2073.86193096548,4.18938283848005
0.175091630772002,52.5171304752045,2051.95097548774,2.18631786170179
0.187494660919065,449.523371438263,2062.15607803902,7.08373803923485
0.188735346541961,210.941676943633,2057.80390195098,6.00951559574715
0.102722485158912,18.5231534404957,2056.45322661331,0.401863122370159
0.147224777378889,36.7540973166764,2053.45172586293,1.23142844068668
0.18380498978389,129.088918209687,2055.85292646323,4.45783200837519
0.131959193902273,21.183276247579,2051.65082541271,0.655480499810654
0.186532873729147,60.2308726738765,2051.35067533767,2.7177400540402
0.146887790971074,134.737470123487,2062.75637818909,2.2641704664013
0.110955359334252,20.4114391290183,2055.40270135068,0.490400286666633
0.177208662955882,1183.31217516045,2069.50975487744,6.20584214167767
0.169911599866305,101.852602486978,2056.60330165083,3.17255617261001
0.161108110675632,100.69601481332,2057.95397698849,2.72922029315663
0.191718600525027,111.278419001469,2054.05202601301,4.563118432733
0.130498376522306,151.470068988312,2067.70885442721,1.6105239540025
0.172986247842926,177.224893185528,2059.45472736368,4.15690902619394
0.189298928634485,818.73670037946,2065.00750375188,8.06650557924426
0.193449728190138,341.755837683404,2059.75487743872,7.52974118489323
0.137643324822941,37.1762524137943,2055.25262631316,1.09382815096256
0.170707583552793,127.987947912965,2057.80390195098,3.57889214157092
0.188940870280239,79.4502836575348,2052.55127563782,3.49519404086704
0.188722779354925,241.235156269643,2058.55427713857,6.27134329482395
0.0760418252463683,14.3667429823903,2061.85592796398,0.207700312455329
0.198335418980154,777.723005089528,2063.20660330165,9.75030584009179
0.189564920362974,81.7513758208036,2052.70135067534,3.58378799576398
0.12291778142423,51.6251370261205,2061.10555277639,1.00734198316161
0.177993491505657,46.7156669673144,2050.90045022511,2.01680821632652
0.122824246569619,52.0692237026929,2061.10555277639,1.01472765781168
0.193907788557486,82.9267947169638,2052.25112556278,3.78339845753071
0.190344215781816,101.272657557724,2053.75187593797,4.20775110895315
0.195977218564146,148.049562608282,2054.95247623812,5.73464879443931
0.178496105997482,111.278419001469,2055.85292646323,3.7863727553966
0.165636699531868,237.137823130262,2062.45622811406,3.90941719753223
0.183164423443193,144.706298312936,2056.60330165083,4.65483237997995
0.199717234285294,170.280633726436,2055.25262631316,6.49145540998333
0.180601140905882,439.372207117504,2063.20660330165,6.11186399752849
0.112355164438366,20.4697994612923,2055.10255127564,0.502324171767151
0.185703551381562,316.400362620668,2060.50525262631,6.38241250003242
0.184878905207431,347.660789921024,2061.10555277639,6.46096103649116
0.165547047557638,73.766035760343,2055.25262631316,2.50490977902912
0.16827066429381,1008.46648856812,2070.56028014007,5.00979731949611
0.170506540996329,145.120042174812,2058.70435217609,3.69915601676967
0.143289020030922,51.9207719700668,2056.75337668834,1.45285056197305
0.15478164672429,60.9226804384381,2055.85292646323,1.89788156816535
0.168179911226859,35.2132681282715,2050.30015007504,1.43256187223816
0.162088356573063,1083.07995095642,2072.66133066533,4.23641441464395
0.195294347487606,94.2959762712007,2052.70135067534,4.24976895460186
0.189661440880635,82.2195307701277,2052.70135067534,3.6093392745409
0.122704781284055,1928.11442642272,2090.97048524262,1.53023033542055
0.170445190234533,587.907075958623,2066.95847923962,4.98693181226645
0.141695438689574,281.448240503226,2069.2096048024,2.29970678984634
0.156701814000618,610.13816415486,2070.41020510255,3.59735677899533
0.199686373965617,203.255773487829,2056.15307653827,7.06879964396156
0.119131611368593,37.8185940234217,2059.30465232616,0.817195975224492
0.155135034989858,41.5550796559879,2053.15157578789,1.47894400429979
0.191570114140042,146.786881247751,2055.55277638819,5.32623614578744
0.189932170211934,259.083434286908,2058.85442721361,6.47963774800456
0.145033732618049,254.682951548058,2067.55877938969,2.47811691209624
0.189057192191231,79.2237672736159,2052.55127563782,3.486069209668
0.147732162089759,28.2637168451449,2051.50075037519,0.991453847800469
0.181112353860477,132.827677649963,2056.45322661331,4.32041434683163
0.13685721086249,1652.62708387231,2083.6168084042,2.22553401176773
0.198031080163821,90.6011469873137,2052.25112556278,4.22140111088189
0.125547230848197,133.207458191346,2068.15907953977,1.3966232374397
0.182851358280542,67.3252022246303,2052.4012006003,2.88567701078538
0.194964567859112,158.097954324508,2055.55277638819,5.79353100083224
0.181452419367138,63.9526218479422,2052.25112556278,2.73324020670827
0.163319257547694,94.027134140251,2057.2036018009,2.73411329318568
0.159940845892231,127.259189299189,2059.75487743872,2.89528059864959
0.173637170171041,41.912542285284,2050.75037518759,1.76375636929026
0.19473028610857,91.6417856860653,2052.70135067534,4.11882520460906
0.197771084430314,82.4546126330393,2051.80090045023,3.89554605204075
0.180326607242454,59.0390584657472,2051.95097548774,2.53265912280392
0.120727268108762,30.1820264518266,2056.90345172586,0.741640480806798
0.172423661477692,72.1002466203959,2054.20210105053,2.69195319888814
0.144224077958828,106.613332696677,2061.70585292646,2.00180868450715
0.192988851800522,169.795155870002,2056.15307653827,5.82545316640608
0.199574554100868,111.596585960046,2053.15157578789,5.00428353208075
0.127789114940765,97.8616795103004,2065.00750375188,1.38033390288014
0.172420527947972,37.7107714862486,2050.30015007504,1.57595538717668
0.164585731638319,1002.72431790103,2071.46073036518,4.5506930230163
0.15657338897332,66.9418550279182,2056.15307653827,2.06068837473748
0.180798951485558,90.8601935449407,2054.35217608804,3.48946864414929
0.118364456132605,19.836909316532,2053.60180090045,0.531225574905365
0.100712481349087,12.5268003303755,2052.4012006003,0.283703167551088
0.176332597194532,121.9241467412,2056.75337668834,3.81170093043238
0.182720817710929,3760.83144818781,2074.61230615308,7.48556224344598
0.167887389562146,63.9526218479422,2054.05202601301,2.35488569810093
0.158126210002188,429.450277011502,2067.85892946473,3.58347562334871
0.198603263743165,98.9857121987332,2052.55127563782,4.56266878366737
0.13205579080098,86.8029067373029,2063.05652826413,1.45345088572326
0.191675468248056,149.750049956473,2055.70285142571,5.35859548244392
0.17932103320969,335.951179933802,2062.0060030015,5.59675318554341
0.171685650968244,219.544145136147,2060.80540270135,4.38636492895351
0.191761093697139,124.741056933035,2054.65232616308,4.89360371802129
0.193297880623935,86.5554276894931,2052.55127563782,3.88600356599936
0.186197535147223,128.720879813715,2055.55277638819,4.59403332252835
0.178399224231246,62.3302254082234,2052.55127563782,2.59216991794722
0.19784591636581,161.750616662103,2055.25262631316,6.136661216505
0.173271422451069,53.8841013941959,2052.25112556278,2.20176328138914
0.192999006045237,125.09771623005,2054.50225112556,4.9876530139333
0.197876058936844,65.4301699554588,2050.60030015007,3.17449392676199
0.167251498880371,38.1439148787253,2050.90045022511,1.54230096503611
0.146260317733018,117.146754050587,2061.85592796398,2.16430279498726
0.143285820577702,89.5723252658637,2060.65532766383,1.85930282521596
0.14728676441823,23.8820457636572,2050.30015007504,0.838658968025854
0.194696444109447,137.457398852597,2054.8024012006,5.37515077537237
0.147195358804485,81.054136756884,2059.15457728864,1.92742078369165
0.182988202463767,85.0853002513967,2053.75187593797,3.42015017200399
0.160825249347164,4313.2242385303,2081.51575787894,4.30892637335701
0.185432423856319,164.545388720042,2057.05352676338,5.07665660055027
0.169845726119987,869.327576837675,2069.35967983992,5.11494476856486
0.18328656573548,77.6561324832407,2053.15157578789,3.23600975619778
0.182369834636916,70.0708090628971,2052.70135067534,2.95777641768833
0.163998439968157,224.616447518581,2062.45622811406,3.72362713695935
0.0869553359785046,10.9224983497956,2054.05202601301,0.207556679486259
0.155688855936991,263.55994978813,2065.15757878939,3.22158708365325
0.149767008452771,294.603516935183,2067.40870435218,2.81114002128698
0.187856433628945,78.9978966982431,2052.70135067534,3.43441597222808
0.166964232045746,35.924114038768,2050.60030015007,1.44924938827843
0.144345633294846,23.4764137693127,2050.60030015007,0.806248958476588
0.187754602140077,960.687456442203,2066.20810405203,7.82804850048885
0.162732765906367,39.6994719371337,2051.80090045023,1.5381075854512
0.199789819304597,441.888302672989,2060.05502751376,9.19526574382718
0.168291796781209,306.617820701786,2063.50675337669,4.35241674488835
0.193061890492542,349.651693656323,2059.90495247624,7.54720513125663
0.196865957974765,114.501338871824,2053.60180090045,4.94179496070119
0.189709962793472,102.728752873094,2053.90195097549,4.21918520785608
0.177600030236702,246.104940683791,2060.50525262631,5.04996134800915
0.156408869434396,261.312106362475,2065.00750375188,3.24342087244215
0.182745539166843,377.671841059806,2062.0060030015,6.20994220146527
0.189385765060257,56.4027181311874,2050.60030015007,2.6072233989514
0.153038745201792,86.5554276894931,2058.40420210105,2.21933483176095
0.195277592785634,91.1199807677937,2052.55127563782,4.13509186932846
0.185134772318144,318.212251341092,2060.65532766383,6.2936637299129
0.121931721711885,107.530435552436,2067.55877938969,1.22255306231586
0.181009699950216,438.119536907039,2063.05652826413,6.21439513971516
0.0628615020695835,47.9316313131911,2089.46973486743,0.20974460641282
0.144790523736026,61.7986249601431,2057.65382691346,1.63952753380694
0.190740430918551,60.9226804384381,2050.90045022511,2.83334361390767
0.192288323118785,215.199930618426,2057.50375187594,6.36435718097503
0.189651733679692,239.177715977621,2058.40420210105,6.33606108242186
0.169550803772435,151.470068988312,2059.00450225113,3.73820940490346
0.116291121647678,14.325782742612,2050.75037518759,0.384739093368184
0.144752238326033,35.2132681282715,2053.60180090045,1.15596532257884
0.135468325464333,20.5870211940554,2050.90045022511,0.65807656098988
0.165840563758679,65.2436255554238,2054.50225112556,2.32293431938549
0.109045478676902,42.1525573787623,2063.05652826413,0.700755052228251
0.179315378908175,492.528146918714,2064.10705352676,6.02423210895153
0.165961085044963,37.6032563560487,2051.05052526263,1.50186217420955
0.171657744008804,76.5554208756709,2054.65232616308,2.77644380207347
0.177345708529187,1868.50052445164,2072.06103051526,6.36405882291779
0.184969374185144,53.1203387141414,2050.75037518759,2.39473622032273
0.190303285587717,327.428527030847,2059.90495247624,7.10616116308573
0.193890471622055,64.1354750136229,2050.90045022511,3.03706257152128
0.198790679622936,864.377657957472,2063.65682841421,9.99623112610123
0.177665952943029,1034.71591137886,2068.60930465233,6.26339592860627
0.146608080225303,297.987313175136,2068.30915457729,2.60429446709563
0.168017054416617,359.778539466142,2064.55727863932,4.42199803814771
0.139780936630477,423.363173653855,2072.66133066533,2.28853110519048
0.14329485804487,41.7930477148148,2055.10255127564,1.27795177230844
0.162555934293575,158.549987573506,2060.65532766383,3.26896154955628
0.166022089398904,963.434251453326,2070.86043021511,4.70607363456259
0.162176325133754,66.3709230299172,2055.10255127564,2.24191581594634
0.189041184508759,326.495013360152,2060.20510255128,6.81553310165038
0.114941114168105,46.9831874889221,2062.30615307654,0.829721386049508
0.16259240802042,495.348643666889,2067.70885442721,4.04747224083447
0.195011190738956,58.702892263322,2050.30015007504,2.80952373238042
0.152801836866757,32.4151056081438,2051.80090045023,1.17334751983753
0.171435067610437,59.5469207354154,2053.15157578789,2.32811377437278
0.19430493671548,63.5884779984222,2050.75037518759,3.01932634133736
0.154120140525346,353.667769562666,2067.55877938969,3.18918214382091
0.196591563784123,64.8721307788236,2050.60030015007,3.12418784562872
0.166651476899946,109.388376269211,2057.50375187594,3.12306659565193
0.184376422822603,91.380510773581,2053.90195097549,3.66694830728969
0.104285090296448,49.6022928326398,2066.20810405203,0.66541463109103
0.164609740794144,653.412253576378,2068.90945472736,4.37768616938843
0.112415723211201,38.2529758583301,2061.10555277639,0.724063917794074
0.104771275835427,21.3654977638714,2057.50375187594,0.457532752438424
0.159945367376112,244.703628307582,2063.80690345173,3.4755170111365
0.125324695024595,103.022474649097,2066.20810405203,1.31123341669806
0.199911761972129,418.555671281086,2059.75487743872,9.09944419239122
0.116335719700046,31.8645412191112,2058.40420210105,0.711496794255208
0.179537639538852,1156.59054710722,2068.75937968984,6.67953793993085
0.145608490128442,36.6493097081858,2053.75187593797,1.20318366918636
0.190850904770009,92.9594086066799,2053.15157578789,4.00803934014248
0.173981115184716,586.230926059644,2066.20810405203,5.40041736569693
0.160120185154123,331.189349135574,2065.75787893947,3.63191739375942
0.19431359890862,200.374790595307,2056.75337668834,6.4708514356636
0.19948691583146,638.656858024797,2062.0060030015,9.73883572422544
0.153368774727696,28.022661972635,2050.75037518759,1.02888904610579
0.188286633724679,309.25539024285,2060.05502751376,6.59611100462027
0.141059098713287,70.4720744328873,2059.30465232616,1.63505830028545
0.161427837342152,124.38541448795,2059.30465232616,2.96459766024231
0.199069825055129,303.136020695813,2058.25412706353,8.16387094657461
0.179294233077254,43.4974210223758,2050.30015007504,1.89862603857384
0.169917849604798,146.786881247751,2058.85442721361,3.68166767749168
0.195168010792303,59.5469207354154,2050.30015007504,2.84980017398618
0.173789638882987,54.5030105694418,2052.25112556278,2.23257760251239
0.158458406696105,161.750616662103,2061.55577788894,3.03341224420026
0.169667226394398,362.873404973477,2064.25712856428,4.60605271624267
0.06443909385507,21.6109004384566,2074.7623811906,0.185390034416387
0.189187831323293,205.004208187318,2057.65382691346,5.94492285711545
0.183755048319092,259.824204950657,2059.75487743872,5.81940018063463
0.1723588134819,53.1203387141414,2052.4012006003,2.15075732395846
0.0947594461879944,108.146216083362,2078.36418209105,0.604959539788518
0.179618798002305,344.695669379721,2062.0060030015,5.73903233680898
0.15521662933564,1311.40839205679,2075.66283141571,3.65077571504908
0.13008297055251,28.9993944924254,2054.65232616308,0.829219096553768
0.160811831456455,125.455395286375,2059.45472736368,2.94409113047368
0.187692261543512,412.622989971047,2061.55577788894,7.10454348044432
0.125881590727369,17.7466137465261,2051.20060030015,0.521137472947402
0.13841735805955,107.837886286739,2063.05652826413,1.78892871694474
0.189007161918905,62.1525190915389,2051.20060030015,2.84631401123644
0.19600811167443,160.82961466857,2055.40270135068,5.99387844407777
0.195599714038833,103.317036233619,2053.15157578789,4.55351132979427
0.171124557384828,141.438531816784,2058.40420210105,3.72134690377142
0.159860626823027,328.364709801338,2065.75787893947,3.6082682147182
0.14868334293018,46.7156669673144,2054.95247623812,1.48547609461325
0.17447756028114,106.309373220534,2056.15307653827,3.48438397016618
0.184420134149341,572.99262336294,2063.95697848924,6.94361839359185
0.198856708997477,542.737408209394,2061.25562781391,9.37763125033799
0.166600683625209,1428.68607920069,2073.11155577789,4.85053795866771
0.17682897950213,2639.54216641816,2074.16208104052,6.32896455741555
0.188547048450898,141.438531816784,2055.70285142571,5.01512796038252
0.171190403803681,649.691748513948,2067.40870435218,5.1022300214823
0.195720834053402,2647.08913833473,2069.80990495248,10.2917833781028
0.191841658811274,218.918214760854,2057.65382691346,6.35527115181532
0.169166166405208,603.209737559378,2067.40870435218,4.83707414573125
0.197597062511463,503.907415044869,2061.10555277639,8.95812497121067
0.161243878913164,297.987313175136,2064.85742871436,3.66378730349234
0.16441032770832,1326.47114090734,2073.26163081541,4.55669780905635
0.143871240431521,418.555671281086,2071.31065532766,2.555877822439
0.153365532299309,148.897378743295,2062.0060030015,2.67773974157424
0.197054260357964,111.915662620741,2053.45172586293,4.87564718919677
0.193365272205513,144.293734053689,2055.25262631316,5.41001046588907
0.191473551509006,87.7999191032458,2052.85142571286,3.86171888708074
0.172187128379181,161.750616662103,2059.00450225113,3.99430143016567
0.195883059280306,966.188900093413,2064.70735367684,9.50623527760352
0.174902675707186,151.038220910248,2058.10405202601,4.11552235288828
0.145251676912799,235.115328069363,2066.95847923962,2.45757837890763
0.132601893909532,49.3198592226458,2058.40420210105,1.18949272303129
0.174022020836901,459.909066153521,2064.70735367684,5.32065447315447
0.195019643776235,83.1638987870644,2052.10105052526,3.83982459545147
0.0937799491151721,11.2709771098404,2052.70135067534,0.235370180754669
0.189817554100365,218.294068941623,2057.95397698849,6.11253749414342
0.195740989240644,203.83692185284,2056.75337668834,6.59878156179097
0.101156947541644,17.0512425254688,2055.85292646323,0.369947585979153
0.187382346673941,144.706298312936,2056.00300150075,4.98185910622435
0.169383672914397,70.4720744328873,2054.50225112556,2.54856288140934
0.160921327875999,198.099433783055,2062.30615307654,3.3795420990028
0.19415481591078,762.333865163339,2063.80690345173,8.87005827837768
0.156681593343892,93.4917471366253,2058.25412706353,2.44646400372075
0.178010798258286,89.5723252658637,2054.65232616308,3.32960729000242
0.187589144277117,63.0461461975131,2051.50075037519,2.84783308883826
0.149551570285876,219.544145136147,2065.45772886443,2.67983810649778
0.197164162947689,449.523371438263,2060.50525262631,8.79408290978301
0.166995983910576,43.4974210223758,2051.80090045023,1.73024424702975
0.155866594303415,155.412690710617,2061.70585292646,2.87371269546941
0.17446996871046,1040.64128413488,2069.35967983992,5.78801936209774
0.173493248262104,165.015856456254,2058.85442721361,4.14538532830432
0.124133102381634,104.205783884421,2066.65832916458,1.27586991568545
0.198242539348277,374.450763025516,2059.45472736368,8.53816471570129
0.105446962914451,22.4280939258186,2057.80390195098,0.477083063870067
0.195308846649313,194.734752666573,2056.45322661331,6.51163476746252
0.179908458324447,58.3686401787467,2051.95097548774,2.50195907319569
0.128165429658409,43.7465120343619,2058.40420210105,1.03590919863587
0.166315444724591,1025.89105251588,2071.16058029014,4.76212265185734
0.155576044488831,1596.96472801429,2076.86343171586,3.68718953670706
0.191189322720048,177.731614127063,2056.60330165083,5.80707140578962
0.187008281181547,283.0599734612,2059.75487743872,6.30252281137786
0.120322053405016,16.3831182565332,2051.35067533767,0.456969950997856
0.186091573771331,50.1720214418779,2050.30015007504,2.28339438592848
0.171410363138584,659.032997516982,2067.40870435218,5.16823072649684
0.182995515726497,48.7598073452207,2050.60030015007,2.17454647518549
0.12904364502176,37.8185940234217,2057.05352676338,0.968826531047131
0.176568261804935,44.2489815380287,2050.75037518759,1.89934459835374
0.047179870821167,8.20967199428533,2066.35817908954,0.0726197108835392
0.197932818433186,153.647901220541,2054.95247623812,5.98726422601748
0.193458546320423,158.549987573506,2055.70285142571,5.69325066538276
0.172278789173935,430.678160097214,2064.70735367684,5.04179276207996
0.181675331414385,97.3044587479975,2054.65232616308,3.67501947303091
0.195806367755092,68.2932020177604,2051.05052526263,3.25735162881508
0.158896648534477,166.911217517853,2061.55577788894,3.1264229628969
0.194116506862153,338.841079149215,2059.6048024012,7.62131922557124
0.157989086944186,30.6159827474815,2050.75037518759,1.1626679893691
0.157029473973891,88.8083830863662,2057.95397698849,2.3843285986653
0.192561861185023,185.508627545747,2056.60330165083,6.06978346419503
0.0691059658628484,23.6783611765105,2073.26163081541,0.217137682446027
0.163614750890411,108.7655229244,2058.10405202601,2.92304949446341
0.189144538706205,82.4546126330393,2052.70135067534,3.60569149509417
0.187946937496049,343.712926298312,2060.65532766383,6.74973968299047
0.197539427429203,94.8359687489968,2052.55127563782,4.35315366917001
0.16060695860038,73.3460146971022,2056.00300150075,2.31835241986664
0.171973573576761,1245.71486180763,2071.01050525263,5.47227790070816
0.145143810624549,66.3709230299172,2058.10405202601,1.7065966867514
0.195492517510582,416.172430860684,2060.35517758879,8.35274429193849
0.185128041519171,106.613332696677,2054.65232616308,4.07971224568168
0.118289809015331,253.956838832348,2076.11305652826,1.24656548082912
0.109676117387326,38.1439148787253,2061.85592796398,0.684223285107304
0.180526622824447,65.993009463437,2052.55127563782,2.77626540495831
0.149273062799073,40.6166803006873,2053.90195097549,1.35865306687271
0.193245117693427,84.8427181780503,2052.4012006003,3.8381071395376
0.13628821215031,25.1414799599468,2052.4012006003,0.797054697626837
0.177308146267843,88.0509563975839,2054.65232616308,3.26252732148707
0.140949830104521,72.5131337059517,2059.6048024012,1.64258250963632
0.149207219763,142.248489423373,2062.60630315158,2.41798097959973
0.198435302894375,127.259189299189,2053.90195097549,5.40754448932993
0.190304214066152,57.2136747667249,2050.60030015007,2.66532964344172
0.186364078356284,3260.51181903292,2072.96148074037,8.1869289772325
0.157400276691627,121.576535435604,2059.90495247624,2.72327467552915
0.18927061088685,132.071361795121,2055.25262631316,4.88384178190674
0.181754127422119,125.09771623005,2056.00300150075,4.24347464834539
0.150475809394778,145.95108220696,2062.45622811406,2.51421100357881
0.120526491490513,15.473812485928,2050.75037518759,0.433065579333461
0.183575777347216,109.388376269211,2054.95247623812,4.07467651136947
0.165180087223073,37.1762524137943,2051.05052526263,1.47742178862728
0.160796555862456,44.75722237272,2052.85142571286,1.66666564620101
0.147306226530608,29.5004540809269,2051.95097548774,1.0243515786619
0.182738844542936,115.157038766277,2055.40270135068,4.12344042852251
0.199443426401532,210.340272597677,2056.30315157579,7.18846678615882
0.106720368056053,54.1926724549798,2066.20810405203,0.725077210359989
0.135079642769108,54.9718531182709,2058.70435217609,1.31043007488413
0.150918046855944,740.876116406095,2073.26163081541,3.14515119741641
0.198008768600169,1224.55663236698,2065.45772886443,10.3571051874501
0.124432339421781,21.4878487753682,2053.15157578789,0.611047042803579
0.19905738338158,67.5176982631216,2050.60030015007,3.29007156966283
0.171429908753497,36.1298359806739,2050.15007503752,1.50019985837243
0.192810795453056,60.7489870966869,2050.75037518759,2.86224567171487
0.194463373327856,135.122711138413,2054.8024012006,5.27451512588139
0.132510305357984,44.6296174895226,2057.65382691346,1.12683072133861
0.162922973591245,32.7874233374622,2050.45022511256,1.28794396739409
0.165293660725974,165.015856456254,2060.35517758879,3.51211120914431
0.138071286860882,32.7874233374622,2054.20210105053,1.00744256033312
0.168193151245305,51.6251370261205,2052.70135067534,2.01795368540778
0.133811930457764,23.8820457636572,2052.4012006003,0.743563755093306
0.0643285771339863,23.209827249928,2076.11305652826,0.188541664928104
0.184052355080203,189.794580390807,2057.95397698849,5.30490244042725
0.153495717657021,2024.00767505915,2079.11455727864,3.47776499640653
0.169991616878682,310.139612429145,2063.20660330165,4.55071266225739
0.167521329255274,429.450277011502,2065.60780390195,4.56111773537415
0.188865517501691,133.58832460024,2055.40270135068,4.87126946261133
0.199891629637485,145.95108220696,2054.50225112556,5.94788238559692
0.107955125009416,14.2849392823464,2052.4012006003,0.350331380993941
0.137568875410579,45.7912839530528,2056.90345172586,1.23617905783785
0.177176408811643,471.880061391145,2064.25712856428,5.71887605811234
0.199694878635942,217.671702590601,2056.45322661331,7.32348192696065
0.152875082352195,251.790898176236,2065.60780390195,2.95629341347709
0.132315004869185,46.8492362776105,2058.10405202601,1.15117716939643
0.17430255771382,50.0289787194642,2051.80090045023,2.07943888179485
0.192727195198899,66.9418550279182,2051.20060030015,3.13262811009493
0.1879597294225,129.828154893547,2055.40270135068,4.72250343002072
0.14969935555707,95.9252483265238,2059.75487743872,2.16970578169266
0.138258937108638,43.8715919447992,2056.45322661331,1.22077890490026
0.193854582225134,208.54632780717,2057.05352676338,6.513138453946
0.190103493902994,106.613332696677,2054.05202601301,4.34179249034534
0.1957431974165,471.880061391145,2060.95547773887,8.64997746615019
0.114360092671025,60.7489870966869,2064.85742871436,0.892246806689342
0.194874699418578,87.7999191032458,2052.4012006003,4.00125331740932
0.195616030806018,110.644803823658,2053.60180090045,4.74126851649859
0.182697523333822,691.809483302502,2065.30765382691,6.84006542377202
0.171627664124589,141.035284108921,2058.25412706353,3.77460239700988
0.184120508724616,48.8992212562289,2050.45022511256,2.19853398109145
0.103110156475842,46.1851870064512,2065.90795397699,0.632725855498631
0.166458844847369,65.4301699554588,2054.50225112556,2.33433209967601
0.186016906748361,154.527776631657,2056.60330165083,4.99503110311505
0.156883174453021,44.3754981079297,2053.30165082541,1.59075832014053
0.131364748926464,371.257156839999,2074.31215607804,1.84049926717072
0.129277118524933,28.344528388905,2054.65232616308,0.805903440750038
0.199365212557387,396.455051880398,2059.6048024012,8.82517119945902
0.194546799023749,73.766035760343,2051.50075037519,3.46032924724904
0.182189133141013,277.458943903645,2060.35517758879,5.7578530894252
0.114919213276031,84.6008277172638,2067.70885442721,0.980980805881926
0.195437836707708,196.97146297715,2056.60330165083,6.48347420875873
0.142848863441925,105.402684530271,2061.85592796398,1.95644510009704
0.191028612163379,109.388376269211,2054.05202601301,4.47521997561374
0.164546388428823,46.3172395698592,2052.55127563782,1.78271421385187
0.197275391686723,303.136020695813,2058.55427713857,7.84336615422047
0.129440002164405,71.4853198628063,2062.15607803902,1.29669183097746
0.149633427366259,3771.58440742578,2084.51725862931,3.18704899379116
0.164197671966185,79.6774476964939,2056.00300150075,2.55038382433092
0.186993132292946,80.1337261519219,2052.85142571286,3.44073292437757
0.170329218037431,3088.34994020008,2076.71335667834,5.44072661035242
0.169371120053084,67.3252022246303,2054.20210105053,2.47451107377482
0.176807260392566,143.472130900266,2057.50375187594,4.17276902956473
0.188530240273221,115.486295464133,2054.65232616308,4.47425062692725
0.150807707867334,242.616606199075,2065.75787893947,2.83229725474491
0.137090493243956,32.9751828015312,2054.35217608804,1.00217745187236
0.177097632152232,440.62845895929,2063.95697848924,5.58778955764215
0.174517311590405,40.3854104341511,2050.45022511256,1.71308770097382
0.182101785891715,254.682951548058,2059.90495247624,5.60755443380047
0.149023148654472,108.7655229244,2060.80540270135,2.22771761994479
0.17187490833265,185.508627545747,2059.90495247624,4.13164670912367
0.146225661529288,449.523371438263,2071.16058029014,2.72047315101675
0.196559378816179,994.172308130389,2064.70735367684,9.7267787017417
0.199148292849745,2243.11107954246,2068.30915457729,11.0639539788153
0.17550922144243,46.9831874889221,2051.20060030015,1.9891650339654
0.199766621482074,320.034515968508,2058.40420210105,8.44559036906727
0.176252919539861,61.9753194236718,2052.70135067534,2.53777042986059
0.174639293412097,76.1195171573592,2054.20210105053,2.87343350775659
0.162094747009013,40.9660706869833,2052.10105052526,1.56979135194034
0.142436250027151,53.7304753624608,2057.05352676338,1.47180766346725
0.19590542734586,67.3252022246303,2050.90045022511,3.21952182373834
0.175292994364772,713.881440029601,2066.95847923962,5.78682741381074
0.141879796013481,100.12265545125,2061.70585292646,1.88597492996682
0.171924538665417,109.701139222652,2056.75337668834,3.39381179219396
0.121659948741771,45.2713008275569,2060.20510255128,0.9349145451979
0.107529375453769,57.7058348295407,2066.65832916458,0.746567334646866
0.104612742636098,321.867215921273,2084.3671835918,0.872649852497551
0.146671414674523,48.3439459350739,2055.55277638819,1.47364310077202
0.183200304373615,75.0405858042455,2053.00150075038,3.14130374707278
0.18063580183518,166.435346020772,2057.80390195098,4.71165432908229
0.145966342727525,26.3918716150519,2051.35067533767,0.914294110973123
0.175284935723335,302.271766069113,2062.15607803902,5.01011196665046
0.174972456684595,613.632162860726,2066.20810405203,5.61004693194419
0.198504141304144,2173.75803587784,2068.30915457729,10.8074005788947
0.0852440525390889,215.815229685622,2092.02101050525,0.482048835413606
0.161023647501642,81.5182989181314,2056.60330165083,2.47279727499692
0.176228697350339,103.022474649097,2055.70285142571,3.52624335723252
0.170386382972199,512.614067250702,2066.05802901451,4.98183951394498
0.19724153556427,67.3252022246303,2050.75037518759,3.25054945464859
0.169587796952751,110.32935043938,2057.2036018009,3.26068450055693
0.191443490971784,238.495809396006,2058.10405202601,6.55479578329234
0.122007250532121,40.2702697862705,2059.15457728864,0.888315466090069
0.181896321946454,121.576535435604,2055.85292646323,4.17941600041776
0.145582934512078,37.8185940234217,2054.05202601301,1.2270853427823
0.150012303244997,30.7913073057259,2051.80090045023,1.09494678922999
0.192696324270697,1040.64128413488,2065.60780390195,8.98854057212595
0.0989539570471304,197.534643258324,2082.41620810405,0.726361336986371
0.16413588053874,94.5655870748537,2057.05352676338,2.79209110073751
0.195880044547508,199.233863992366,2056.60330165083,6.55591658635842
0.187099878176328,52.8178734817829,2050.60030015007,2.40906140357642
0.129493323038447,37.4960477563908,2056.90345172586,0.972210533347389
0.162307915003518,51.9207719700668,2053.60180090045,1.8984279930957
0.153612515319323,136.674721537471,2061.40570285143,2.6222800084501
0.163563101521061,68.2932020177604,2055.10255127564,2.32069372914964
0.172449439112062,65.8048603822831,2053.60180090045,2.53968405947687
0.100703714497774,61.7986249601431,2069.80990495248,0.644390900488567
0.170492530877036,43.3734078903113,2051.35067533767,1.77823244090629
0.165959140418488,92.166578756556,2056.60330165083,2.83958555051622
0.11026546133594,43.1264413194405,2062.90645322661,0.725065071581757
0.181764883042275,153.647901220541,2057.2036018009,4.64069724548777
0.182859635898756,1092.39675675277,2067.85892946473,7.06738700405116
0.168103296585311,78.9978966982431,2055.40270135068,2.68089637487116
0.181516416058805,210.941676943633,2059.00450225113,5.20170463530539
0.136398783165064,439.372207117504,2074.012006003,2.09857510268199
0.189449366389653,3814.90457301403,2073.11155577789,8.84003750669079
0.18212495486118,106.309373220534,2055.10255127564,3.88649660353616
0.194144223592889,847.273845108517,2064.25712856428,9.13423230919281
0.17613499873667,74.1884621034656,2053.75187593797,2.88884346444556
0.188783852808533,81.5182989181314,2052.70135067534,3.55649385404857
0.168200285961508,273.526192291984,2062.90645322661,4.21526023611759
0.198970106609469,139.832425949234,2054.35217608804,5.75710142200249
0.141532689002928,243.31029495191,2068.15907953977,2.26458060161881
0.167908071529747,55.4447287165277,2053.15157578789,2.12934819389485
0.171220400671809,63.9526218479422,2053.60180090045,2.45289123752437
0.162264812279559,182.357798872854,2061.55577788894,3.39111080728519
0.168450893105412,184.979733984101,2060.50525262631,3.85352347933557
0.199610161288596,611.882669565187,2061.70585292646,9.79796932763627
0.148496135424014,86.5554276894931,2059.30465232616,2.03585546243847
0.172710992530122,1043.61668291673,2069.80990495248,5.51562024849594
0.177369855055922,283.869297781757,2061.40570285143,5.16852713398258
0.19258206417788,153.647901220541,2055.70285142571,5.51675958080666
0.153574795930561,100.69601481332,2059.30465232616,2.3840402569228
0.154202006354112,35.8216927504737,2052.25112556278,1.29823333645087
0.138707836455231,428.225894676495,2073.11155577789,2.21756539467956
0.0887073054486878,176.719616928519,2087.21860930465,0.533691327941274
0.197066441286709,505.3481857809,2061.10555277639,9.01076788831859
0.199479661834429,611.882669565187,2061.70585292646,9.80552916167639
0.147248449234955,275.879102999591,2067.55877938969,2.63638281872325
0.174602105718755,320.949557802306,2062.60630315158,5.01229107876629
0.178019743692212,701.756299867389,2066.35817908954,6.09946794048525
0.198972634170954,96.1995175404884,2052.4012006003,4.47302284676941
0.195484543037345,435.624900563613,2060.65532766383,8.37383715791631
0.180564664474585,75.2551416468733,2053.30165082541,3.063815516491
0.174848534756301,246.808603273273,2060.95547773887,4.80808085161916
0.15207130690567,73.9769474128873,2057.50375187594,2.0361297169039
0.114138416591629,31.1449741966316,2058.85442721361,0.671677306799229
0.198982840220095,239.177715977621,2057.05352676338,7.50378729736451
0.146281267533527,1111.27149117393,2077.31365682841,2.88098685564698
0.167590432449296,90.6011469873137,2056.30315157579,2.871420959061
0.176631366088539,1662.09096800801,2071.46073036518,6.33641106124799
0.194888127644416,173.718067925394,2056.00300150075,6.08387025366493
0.197382273248808,352.659446614251,2059.30465232616,8.22980912070338
0.198791822219305,218.918214760854,2056.60330165083,7.24299437095474
0.170839746594056,47.9316313131911,2051.95097548774,1.94498091180882
0.198260301006192,76.5554208756709,2051.35067533767,3.67808670559286
0.199700127694674,159.913856826124,2054.95247623812,6.26551860136053
0.170151956482511,1449.22768596036,2072.3611805903,5.24938866361534
0.179053138397243,357.729973847559,2062.30615307654,5.71823852907728
0.186666655339139,51.6251370261205,2050.45022511256,2.3571799977998
0.19015233107489,65.6172477227445,2051.35067533767,3.01742331796046
0.143832226429823,425.787592363848,2071.46073036518,2.55052784536024
0.18047555334294,279.047831876704,2060.65532766383,5.58143234793505
0.137233086054123,37.9267248465054,2055.40270135068,1.10445634140946
0.174481022477152,45.2713008275569,2051.05052526263,1.91320385039825
0.181306572575253,85.0853002513967,2053.90195097549,3.3716844325522
0.195432654711586,146.786881247751,2055.10255127564,5.6075288059564
0.188984178229337,122.622353862071,2054.95247623812,4.64510114314745
0.132841954020966,59.5469207354154,2059.90495247624,1.2959145357809
0.116219161532937,13.882854772999,2050.45022511256,0.371667801033428
0.170845310588673,1906.21971460828,2073.71185592796,5.47269528446824
0.193068554934889,61.0968704037285,2050.75037518759,2.87887587658376
0.194421722120487,115.157038766277,2053.90195097549,4.82300815630401
0.0854839177356648,25.3577505002821,2065.75787893947,0.340047383258495
0.197193090708585,60.7489870966869,2050.30015007504,2.94250024227853
0.16186333163587,74.1884621034656,2055.85292646323,2.37999610991689
0.18370281684806,168.347011244322,2057.35367683842,5.01615260900547
0.199729161912464,509.69526182298,2060.80540270135,9.43483618863824
0.125991435643947,67.7107446857724,2062.60630315158,1.18261245740064
0.167831292731097,88.555186333978,2056.15307653827,2.84101574123505
0.172219886492962,72.1002466203959,2054.20210105053,2.6918454569199
0.18026709994526,205.590355672156,2059.00450225113,5.07135423662275
0.186954771662106,1311.40839205679,2068.00900450225,7.89832500644859
0.185775375948811,63.2264075704337,2051.65082541271,2.81974656323679
0.164459496649683,56.0815631525453,2053.75187593797,2.06012910097587
0.190533234228398,205.590355672156,2057.50375187594,6.06996793080899
0.176004334304553,84.119113751716,2054.50225112556,3.136351331305
0.183401466819995,128.353890712003,2056.00300150075,4.3701629852947
0.196897396771364,223.976055777755,2057.05352676338,7.00640347722458
0.183951076654157,2088.58298213062,2071.16058029014,7.52013014639409
0.16347901781533,197.534643258324,2061.70585292646,3.59810138656438
0.179180864461825,120.195972554956,2056.15307653827,3.99334367428352
0.173198974457833,90.8601935449407,2055.40270135068,3.14238481320065
0.0772298108683897,11.4657201812567,2057.80390195098,0.18353569019904
0.189952617320717,57.5413128614008,2050.75037518759,2.66653475122736
0.168757017360925,43.2497483253448,2051.50075037519,1.75002204555575
0.185975548573239,90.8601935449407,2053.75187593797,3.70333775624946
0.140639032087123,27.7044505118647,2052.4012006003,0.909840170303662
0.145504392712992,457.290361041219,2071.46073036518,2.68199224875187
0.196579821961668,146.786881247751,2054.95247623812,5.70153817440049
0.137703992899519,33.0694653561776,2054.35217608804,1.0079828974223
0.170514583153047,594.659737209127,2066.95847923962,5.04462031284577
0.133038259580506,58.702892263322,2059.75487743872,1.29275346402754
0.0806395311200898,29.6693904865425,2070.11005502751,0.31763625771761
0.129895384679911,2124.67009870304,2088.4192096048,1.8511106067148
0.190901294359006,205.590355672156,2057.35367683842,6.18652328187215
0.157130585348557,968.951424817539,2073.26163081541,3.73667930139479
0.175112918122018,70.6735679999966,2053.75187593797,2.74054235468284
0.135156811806589,40.1554574096307,2056.30315157579,1.10568408981868
0.13055134272422,24.714456715881,2053.30165082541,0.735852631024418
0.139506726899692,626.019479821189,2075.51275637819,2.34595140425512
0.165439826270558,241.924895184527,2062.60630315158,3.91542835333761
0.192510462701626,205.004208187318,2057.2036018009,6.28206855778946
0.164771298972731,109.701139222652,2057.95397698849,2.99590901384601
0.195376834942297,253.956838832348,2057.95397698849,7.11561426465261
0.127459307687293,49.7441155759049,2059.6048024012,1.08924843632425
0.106524026486712,12.5626169244427,2051.20060030015,0.304428179093704
0.193887660074612,91.1199807677937,2052.70135067534,4.07782473155677
0.173986253630279,167.867046233813,2058.85442721361,4.21411985183572
0.179125861843044,301.40997547179,2061.40570285143,5.46644445017751
0.0924372300666449,160.371082098708,2083.91695847924,0.588052334847385
0.155533715235568,75.9024969407108,2057.2036018009,2.15691083558472
0.135782580284918,19.667724786681,2050.45022511256,0.629580943387301
0.140332627642106,34.4180799495182,2054.20210105053,1.07417018877455
0.15852655011396,241.235156269643,2064.10705352676,3.3213799686727
0.185394276730792,53.7304753624608,2050.90045022511,2.4231473097208
0.13200162473039,65.8048603822831,2060.80540270135,1.33518043792118
0.0978037202659409,14.0824620538428,2054.50225112556,0.303289474853651
0.117332700250356,27.942768084714,2057.05352676338,0.666966528800307
0.0892787431027933,48.3439459350739,2072.06103051526,0.453286806044226
0.174523784087417,175.21241513471,2059.00450225113,4.32834597336971
0.165844535702533,52.0692237026929,2053.15157578789,1.97388008207908
0.0838743503654112,50.6036082141855,2075.36268134067,0.395067828932304
0.164648239390982,55.603256136877,2053.60180090045,2.05724833781289
0.160599732513328,45.660730913107,2053.00150075038,1.69068375030078
0.184765603772268,49.6022928326398,2050.45022511256,2.23735638805566
0.183231083975659,1228.05788142156,2068.30915457729,7.32888765113212
0.196085730077567,113.524782752359,2053.60180090045,4.87738566113157
0.173023740611544,271.968744329294,2061.85592796398,4.73286831501272
0.161152105222432,54.3476199994081,2054.05202601301,1.9309929516068
0.176503025709405,334.993367790803,2062.45622811406,5.29710471583903
0.109468172326702,13.4920879143229,2051.50075037519,0.337414217034994
0.181635774466615,88.0509563975839,2054.05202601301,3.46040221579737
0.180832762393721,169.311062133088,2057.80390195098,4.79560105469411
0.159870596599953,30.9676358722681,2050.45022511256,1.19162167537946
0.19873068826821,346.669593145657,2059.00450225113,8.41985214661195
0.16640622452384,261.312106362475,2062.90645322661,4.05413838124877
0.181356840811324,331.189349135574,2061.55577788894,5.83794117832503
0.182789990883536,87.5495975276884,2053.90195097549,3.48748536843891
0.15300419370104,61.7986249601431,2056.15307653827,1.87505528633383
0.155355114451428,59.5469207354154,2055.55277638819,1.89560859162961
0.147194264271236,527.460738132538,2072.06103051526,2.79061527577667
0.199620060496031,842.449499356297,2063.35667833917,10.2062295638513
0.0643973441199095,18.9511085347577,2072.51125562781,0.177001101147865
0.187187021402143,1221.0653655332,2067.55877938969,7.93040562664317
0.177891001194855,55.2866532650874,2051.95097548774,2.33802038674793
0.0573896375841265,15.3418398258396,2073.56178089045,0.133567532814393
0.183107052383891,52.8178734817829,2051.05052526263,2.34490532938009
0.196884814316962,133.970279981353,2054.35217608804,5.47630605255047
0.187977968159406,256.873770053303,2059.00450225113,6.30742496630178
0.138929595901435,86.5554276894931,2061.40570285143,1.67728632511413
0.16723945665218,333.085928017637,2064.25712856428,4.29047454683421
0.168522391667638,98.4220912361207,2056.60330165083,3.05520267496108
0.158439408998491,44.2489815380287,2053.15157578789,1.6077055787435
0.176206786409903,171.745411644177,2058.70435217609,4.39425229873627
0.183321291269961,56.8879022311707,2051.35067533767,2.51809678755062
0.174083235028138,64.8721307788236,2053.30165082541,2.55553601573158
0.188059935065289,547.406111592036,2063.05652826413,7.47961318828026
0.176332438901175,56.8879022311707,2052.25112556278,2.36522816002568
0.164075978935149,56.4027181311874,2053.90195097549,2.05035831950925
0.1097300200544,14.0423123119632,2051.80090045023,0.352295840816516
0.124858866564602,26.3166271848512,2054.8024012006,0.720048416169642
0.189001459248554,122.972955368921,2054.95247623812,4.65714466770583
0.154973702035521,56.241911408214,2055.25262631316,1.81703217561264
0.149897701995144,2035.59829602467,2080.31515757879,3.17387540654753
0.158622759426962,76.5554208756709,2056.60330165083,2.30016118860836
0.142145382827797,149.750049956473,2064.55727863932,2.10363290430433
0.101244737808707,17.3954538600703,2056.15307653827,0.375394717483735
0.0985307305653716,10.0258945661192,2050.15007503752,0.220577926714874
0.138598669832025,4848.86922972112,2090.67033516758,2.37770941147249
0.183359576279764,130.571624867781,2056.00300150075,4.44384538304662
0.0830540327058681,49.0390337791194,2075.36268134067,0.385145704652822
0.18744610790599,1196.90361945363,2067.40870435218,7.95541186632644
0.136438189947422,25.1414799599468,2052.4012006003,0.799277858170694
0.128996404603176,27.4681654958958,2054.35217608804,0.786349135108028
0.179543627767874,73.1369018625192,2053.30165082541,2.96899766764273
0.179959032213671,832.883060376403,2066.95847923962,6.45228961080141
0.19567091430031,131.31935237462,2054.50225112556,5.27340593457523
0.181601101210556,132.448979880231,2056.30315157579,4.3673948361958
0.177026052111852,218.294068941623,2059.90495247624,4.83559534631443
0.0777581407512364,28.7520651910268,2071.16058029014,0.29162710100978
0.198972972396223,153.647901220541,2054.8024012006,6.0867573300952
0.166884308179965,140.232234448257,2059.00450225113,3.45790429265186
0.179681746853142,640.482904008513,2065.45772886443,6.33269599599944
0.190887287163164,118.831086662147,2054.50225112556,4.69865162336883
0.158689433917496,134.737470123487,2060.35517758879,2.87902463807233
0.183282918024153,222.065814464958,2059.00450225113,5.4740313530456
0.134548194603792,21.3045837548672,2051.35067533767,0.673761505712225
0.123954739968503,226.548629734999,2072.96148074037,1.44981787501461
0.193998886286715,131.31935237462,2054.65232616308,5.18691737577048
0.197281438007315,225.258670265764,2057.05352676338,7.05381020530597
0.0914176956079655,62.8663987579918,2074.012006003,0.509173268700768
0.138464740724431,531.998029454422,2074.7623811906,2.23684913109373
0.183848004743263,2198.72567490976,2071.46073036518,7.52161185272108
0.18286443589574,71.4853198628063,2052.70135067534,3.03141023728437
0.0496574880169354,6.72246389678934,2058.85442721361,0.0666864243980856
0.193101880266221,374.450763025516,2060.20510255128,7.74025893950204
0.139859682282605,106.613332696677,2062.60630315158,1.84522903277981
0.19561473437707,749.38576979736,2063.35667833917,9.31730909669735
0.190041851222601,222.700744448922,2057.95397698849,6.23586239282675
0.168905274507645,141.035284108921,2058.70435217609,3.59361124875203
0.188702155194297,331.189349135574,2060.35517758879,6.76925255421475
0.199229063998314,355.693072685394,2059.00450225113,8.638463705435
0.13852248222474,186.570955625928,2067.10855427714,2.00949345378276
0.175944054714955,52.8178734817829,2051.80090045023,2.21838188716041
0.179227916783662,825.77958842207,2066.95847923962,6.44311648067502
0.186285470961206,1852.56450449453,2069.95997999,7.98117498921167
0.0961480969899758,20.9427294613663,2059.6048024012,0.388603100034572
0.12291922652901,37.7107714862486,2058.40420210105,0.872230134668178
0.157303627205628,35.5161776044522,2051.80090045023,1.32913754864445
0.194755838057459,1224.55663236698,2066.05802901451,9.58838104000112
0.191555071852442,367.041344569386,2060.35517758879,7.45313241963128
0.193470495692321,90.0852674270771,2052.70135067534,4.0270986253692
0.184381971217921,260.567093623911,2059.75487743872,5.83107732470106
0.143962972906521,43.9970294833825,2055.40270135068,1.33245321674855
0.1586617360365,90.6011469873137,2057.80390195098,2.47560259633852
0.186826229148895,134.737470123487,2055.70285142571,4.75605693477313
0.195388130400816,397.588595106487,2060.20510255128,8.16911684678361
0.172142915096685,707.792906081416,2067.55877938969,5.38461089407513
0.161830064383502,107.530435552436,2058.25412706353,2.83699987300552
0.157215646212218,225.902729254511,2063.95697848924,3.18775820769877
0.162225983370792,435.624900563613,2066.95847923962,3.97742163691833
0.103314907794144,13.5306644560734,2052.70135067534,0.315756819986286
0.150554512175495,184.452348322132,2064.10705352676,2.63154981954293
0.181744720580156,115.816493571859,2055.55277638819,4.08281640457774
0.170687687395231,271.193349029637,2062.30615307654,4.48289985699315
0.159844496926632,38.2529758583301,2051.95097548774,1.44957440464913
0.0393687848532095,14.163106253931,2091.12056028014,0.0710577854400248
0.195047319096721,163.142018175491,2055.70285142571,5.88333716945515
0.181784421900347,44.1228256726414,2050.15007503752,1.95275394251209
0.18660088601927,409.103821462987,2061.70585292646,6.91751597013932
0.124645735539886,323.710410958003,2075.66283141571,1.51506291571947
0.15942373988079,275.879102999591,2064.70735367684,3.49771114734162
0.180785551363257,311.026362781155,2061.25562781391,5.72624214633234
0.0603932468253677,8.0702322805811,2058.10405202601,0.0994905620627187
0.0919743758414376,39.2486644096668,2068.45922961481,0.459300545571813
0.192171509675514,121.576535435604,2054.50225112556,4.82219301337047
0.173092492906795,301.40997547179,2062.45622811406,4.83476745538599
0.176691349544174,197.534643258324,2059.45472736368,4.62491537490089
0.179591217044824,227.196376972418,2059.75487743872,5.11214864806054
0.128478880680586,57.7058348295407,2060.65532766383,1.17670766256594
0.114064589986487,22.6857015086642,2055.85292646323,0.55245157415275
0.13972196230438,110.014796427096,2062.90645322661,1.84788095632162
0.163223421655359,81.9851191363338,2056.30315157579,2.56254257810036
0.193924526438937,1695.64339384868,2067.85892946473,9.67906375070846
0.192870660553605,57.2136747667249,2050.30015007504,2.70515189500491
0.114026313268903,46.9831874889221,2062.60630315158,0.811940248563227
0.188644258325369,51.3311854165463,2050.15007503752,2.36748523032398
0.159002438342328,84.119113751716,2057.2036018009,2.41798979662365
0.197729868716421,79.4502836575348,2051.65082541271,3.77273292475663
0.179237428622004,113.849372508176,2055.85292646323,3.88167888793996
0.189410931982087,2422.86797542338,2070.71035517759,8.72719302102971
0.181443314356592,240.547383831877,2059.75487743872,5.40288674376819
0.192535160906416,904.779854154211,2064.85742871436,8.91152725373972
0.194631825237924,97.5826713967177,2053.00150075038,4.31828686274496
0.155168856515452,131.694820316402,2060.80540270135,2.69133000291655
0.180010343757957,1360.99792213271,2069.65982991496,6.71384957729394
0.179705424741751,77.4347313061845,2053.60180090045,3.09120624534611
0.18692543969831,86.062584304422,2053.30165082541,3.61917438336178
0.191414166132362,190.881452278561,2056.90345172586,6.03957400318214
0.173979184185316,544.289201558233,2065.75787893947,5.3771531340728
0.114734632484426,24.2946863802066,2056.30315157579,0.585233919510241
0.159342863933235,99.5525607760562,2058.25412706353,2.61805780210204
0.177074964065257,220.171865169897,2059.90495247624,4.88230591120832
0.172723957563023,75.6860954586023,2054.35217608804,2.80592560295636
0.188903108178109,444.418806824971,2061.85592796398,7.28916524368408
0.168317699015665,38.2529758583301,2050.75037518759,1.5559418639541
0.197800637584237,4848.86922972112,2072.51125562781,10.9123263921942
0.187789272449455,444.418806824971,2062.0060030015,7.15509548647962
0.196845448308067,365.994892948408,2059.6048024012,8.18547427875863
0.173073869490385,76.3371578776318,2054.35217608804,2.83628147939721
0.141079858866893,478.664739145024,2073.11155577789,2.39782550359514
0.185396723249848,130.199359207472,2055.70285142571,4.57573002480189
0.188238078025996,63.0461461975131,2051.35067533767,2.86807920539405
0.182131731912654,119.511581158978,2055.70285142571,4.16202545322537
0.142485124077388,44.1228256726414,2055.70285142571,1.3064740175008
0.118093647084714,44.3754981079297,2060.95547773887,0.863492968767591
0.194458052962057,164.545388720042,2055.70285142571,5.93410379582677
0.199309803353287,210.340272597677,2056.45322661331,7.07327078771647
0.18301716079383,79.6774476964939,2053.30165082541,3.28686233448993
0.188339316318269,488.327485331508,2062.45622811406,7.31811044296778
0.195083696863151,501.038184970887,2061.40570285143,8.58102034007532
0.195548667953485,364.95142480875,2059.75487743872,8.00670249236246
0.181607492957471,121.229915185701,2055.85292646323,4.16556444569494
0.128682807949485,496.764943186641,2077.61380690345,1.72582984305685
0.189912520432358,402.155271048328,2061.10555277639,7.34846553913915
0.119906646074213,21.1228817604323,2053.90195097549,0.568640096245612
0.161563875614894,113.524782752359,2058.70435217609,2.87054798804157
0.151616447306531,207.951752710898,2064.55727863932,2.80124790916791
0.129620038069793,24.7851202245534,2053.45172586293,0.731339502863511
0.169704290876305,287.950762262352,2062.90645322661,4.40279304150953
0.188507119354593,869.327576837675,2065.45772886443,7.99177671242569
0.191563139148349,369.143232401138,2060.35517758879,7.4989468598839
0.190719411163316,102.728752873094,2053.75187593797,4.2774414211749
0.180046461510225,364.95142480875,2062.30615307654,5.81012604906807
0.146945622968332,48.4821708162483,2055.55277638819,1.47954448000728
0.182346519712522,155.857046261058,2057.2036018009,4.70933344630119
0.180931028199563,454.6865667384,2063.35667833917,6.17222130610064
0.127737833455189,35.7195634699457,2056.90345172586,0.916813602277483
0.193642330150812,352.659446614251,2059.90495247624,7.60300301036833
0.136165543292166,1221.0653655332,2081.66583291646,2.16910743667493
0.185106941363893,76.5554208756709,2052.85142571286,3.25798570861613
0.167391552098676,755.832091398629,2069.05952976488,4.79695612007032
0.192427236006467,117.481699737071,2054.20210105053,4.77220259214503
0.158562517528602,282.252956561211,2065.00750375188,3.45819213671557
0.184496208057172,312.807476917087,2060.65532766383,6.19669493423373
0.156824236515514,76.7743079306913,2057.05352676338,2.21568588316613
0.137584263415426,23.0776713570612,2051.50075037519,0.747605467298755
0.149814760495681,187.639367201873,2064.25712856428,2.64020989713539
0.140473889184513,45.142230283228,2056.15307653827,1.28943876696414
0.193684371422833,115.486295464133,2054.05202601301,4.77148451418371
0.180746237021971,427.005003111391,2063.05652826413,6.07014382338842
0.180330099602262,52.8178734817829,2051.35067533767,2.29642961168931
0.189737079624689,73.5557254265437,2052.10105052526,3.30024145407218
0.144324556136426,47.3873434638723,2055.85292646323,1.40575325346091
0.139137231745706,1166.53970137213,2080.16508254127,2.36697522695312
0.166601026128994,82.6903666413859,2055.85292646323,2.70316105581531
0.148230180966614,100.983924590089,2060.50525262631,2.13149564398312
0.152731933319084,1440.97583743332,2077.01350675338,3.43956821122616
0.130067863837223,142.248489423373,2067.40870435218,1.56587362761841
0.165416968160173,40.5008802918647,2051.50075037519,1.60338746686227
0.194067290293979,153.647901220541,2055.40270135068,5.68353023856592
0.163112882218263,205.590355672156,2062.15607803902,3.5489256894777
0.174364070020205,180.802510295653,2059.30465232616,4.3102794706101
0.095205415866012,17.1979197075697,2057.65382691346,0.337125031152684
0.176364069784768,55.2866532650874,2052.10105052526,2.30935656798177
0.135555605814742,112.235651584573,2064.10705352676,1.68934579658629
0.101857280816089,23.6783611765105,2059.30465232616,0.46354911839355
0.141851962478929,586.230926059644,2074.31215607804,2.47831359765966
0.18482128289606,144.706298312936,2056.45322661331,4.73674608893883
0.161174305004672,221.432694695349,2062.90645322661,3.50507704098782
0.14664365298888,93.4917471366253,2060.20510255128,2.02546129781207
0.180490457540338,67.3252022246303,2052.70135067534,2.82020547499355
0.193326459399716,485.546966797681,2061.55577788894,8.18403586279667
0.196771735410879,1307.66950689321,2066.05802901451,10.0400400900228
0.188066997888333,159.003313274763,2056.45322661331,5.24474548630769
0.178205407422533,91.1199807677937,2054.8024012006,3.3611034692748
0.131577913018311,116.47972479133,2065.45772886443,1.5527046733682
0.193102751310127,96.7504107799844,2053.15157578789,4.21200957293489
0.126609548851577,184.979733984101,2070.56028014007,1.4943421100797
0.195577833147988,242.616606199075,2057.65382691346,7.06271847249531
0.189966122372389,214.586385796944,2057.80390195098,6.11832656660788
0.187548638020174,385.29585604044,2061.25562781391,6.94265838708
0.187591907862057,65.8048603822831,2051.65082541271,2.96194807012141
0.170629737559628,153.647901220541,2059.00450225113,3.79311585668315
0.191740711575009,271.968744329294,2058.70435217609,6.9244959254393
0.169020067023772,341.755837683404,2063.95697848924,4.54279858274802
0.141703336311528,99.2687318828321,2061.70585292646,1.87164708216894
0.188915112965212,249.643430339943,2058.70435217609,6.36581179815979
0.188869397809563,154.087210889582,2056.15307653827,5.24980212767548
0.178182175343945,69.8710339890205,2053.15157578789,2.83628412613865
0.15683911515486,393.073776073307,2067.55877938969,3.45982362725667
0.192283438524412,84.119113751716,2052.55127563782,3.75922677136898
0.169699187223536,62.3302254082234,2053.60180090045,2.36948343749659
0.142318333804536,246.808603273273,2068.00900450225,2.32384334542342
0.165864144106947,262.059249239474,2063.05652826413,3.99452718010641
0.192140635889536,1428.68607920069,2067.40870435218,9.02330977139017
0.170703852604436,114.174890330156,2057.2036018009,3.3796500446278
0.152542314405654,33.0694653561776,2051.95097548774,1.19230512077693
0.171650374411112,90.0852674270771,2055.55277638819,3.06367419305152
0.170678550570113,114.174890330156,2057.2036018009,3.37954753417023
0.194153219381733,259.083434286908,2058.10405202601,7.12528927087777
0.178019496640155,55.7622368184033,2051.95097548774,2.36158947646428
0.159206114174892,31.8645412191112,2050.75037518759,1.22095505124158
0.192114735591332,55.1290284939718,2050.30015007504,2.59497841990088
0.192051201645412,518.501918052196,2062.15607803902,7.99892630700678
0.189695634010224,67.5176982631216,2051.65082541271,3.07229293630811
0.182166592754241,94.2959762712007,2054.35217608804,3.64356934133183
0.187435410890354,51.3311854165463,2050.30015007504,2.3554985732654
0.181691783674184,84.3596268972181,2053.75187593797,3.37698300241468
0.194903139586983,539.647081598957,2061.85592796398,8.61613881619956
0.179756647866406,90.8601935449407,2054.50225112556,3.44411521801463
0.195815366317394,278.252253775441,2058.25412706353,7.50169682831984
0.19426866961348,84.119113751716,2052.25112556278,3.84746296164767
0.166164330150013,56.241911408214,2053.60180090045,2.09825535479642
0.186683206042973,253.232796297123,2059.15457728864,6.1091171096052
0.144947065946646,83.4016807844893,2059.75487743872,1.87844912770539
0.190901184192852,304.002746397033,2059.45472736368,7.01765154035583
0.120819672573949,27.6254638593379,2056.15307653827,0.69994318325813
0.196354582080311,164.076262308813,2055.55277638819,6.02350530515357
0.196556490203938,100.408925880461,2053.00150075038,4.4810338875499
0.198150379288347,496.764943186641,2060.95547773887,9.03034944727592
0.181820801533747,44.2489815380287,2050.15007503752,1.95957936280983
0.179371284877713,159.457935123655,2057.80390195098,4.50658938212451
0.197615233562055,222.065814464958,2056.90345172586,7.07543160656558
0.128014900532865,297.137737748507,2073.86193096548,1.62834690114004
0.198773593166461,199.233863992366,2056.15307653827,6.91914764204192
0.185965044934636,505.3481857809,2063.05652826413,6.98586635157267
0.181990151492187,107.223861374204,2055.10255127564,3.92139384218121
0.191371559411365,59.7171771322352,2050.75037518759,2.79006734984548
0.195888088079263,385.29585604044,2059.90495247624,8.26973144281079
0.179302091607374,275.092559088941,2060.80540270135,5.4096831458705
0.189944824835713,132.071361795121,2055.25262631316,4.8937816556778
0.171866311998833,121.576535435604,2057.35367683842,3.55918132128416
0.198955071354176,290.427755145972,2058.10405202601,7.98158252263067
0.087377263352809,39.8129805613276,2070.56028014007,0.412961691412321
0.11968595857412,128.720879813715,2069.80990495248,1.19325246172146
0.177998070588705,243.31029495191,2060.35517758879,5.08564830980134
0.100724148667498,57.2136747667249,2069.05952976488,0.63089705984087
0.127085528373203,331.189349135574,2074.91245622811,1.62893819425655
0.192435795499462,179.260486424285,2056.45322661331,5.96239635877397
0.183960998763204,728.292476811983,2065.30765382691,7.12698667042364
0.164922893996466,57.7058348295407,2053.90195097549,2.10984419863201
0.198626826427139,157.197750454433,2054.95247623812,6.14319728006819
